22840 18457 139 30 18783 21362 37 0
21391 8990 20 2 22859 15931 34 0
5951 19475 6 0 16899 11020 112 25
21993 19712 316 4 20840 22840 9 0
22859 19475 38 0 18457 5951 167 36
21993 21362 90 4 16899 19712 54 0
8990 20840 84 0 21391 18783 33 0
15931 22840 46 0 11020 19475 50 20
21993 16899 74 4 8990 18457 126 4
18783 19712 32 2 5951 15931 43 2
11020 20840 135 25 21362 22859 42 0
19475 18783 66 0 21391 21993 89 6
15931 16899 63 2 20840 22859 55 0
8990 5951 52 0 22840 21362 62 10
18457 21391 215 60 19712 11020 92 10
21362 5951 29 0 15931 21993 116 26
22840 21391 37 3 18457 16899 197 44
19712 20840 45 10 19475 8990 52 3
22859 11020 96 20 18783 21993 67 4
