9215 13415 33 20 4156 8695 86 14
22064 6189 33 3 5153 9925 70 20
5143 3788 13 0 12168 7130 36 5
9925 15050 56 12 13415 22064 82 20
3788 9215 40 3 7130 6189 34 3
8695 5153 30 10 12168 4156 75 23
15050 22064 24 3 5143 9215 56 20
7130 4156 49 20 8695 9925 100 34
5153 3788 12 0 13415 5143 93 40
6189 12168 82 6 15050 7130 28 0
9925 5143 145 23 8695 9215 43 17
4156 5153 58 0 3788 15050 34 2
12168 22064 84 16 6189 13415 129 28
7130 8695 37 12 15050 5153 20 2
9215 9925 75 23 3788 12168 96 6
4156 13415 81 20 6189 5143 102 31
7130 3788 34 3 22064 8695 75 17
