15046 5921 80 45 21525 21444 47 0
9881 21788 119 21 19653 16179 26 0
15091 10789 158 23 15303 22124 19 0
21444 21380 149 33 9881 19653 70 1
15303 15091 78 0 15046 16179 62 20
5921 10789 97 0 21788 21380 125 33
22124 15091 113 23 19653 21525 20 0
21788 10789 53 20 21444 15046 91 20
21525 15303 105 20 21380 9881 128 56
16179 22124 27 2 21444 5921 132 25
21525 9881 128 20 15091 21788 115 31
21380 16179 113 23 22124 15046 84 20
5921 19653 118 20 10789 15303 94 0
21788 21444 65 25 15091 21380 176 39
16179 21525 55 0 10789 19653 61 4
15046 9881 142 40 22124 5921 103 20
15303 21444 57 0 21788 21525 89 20
