12717 16377 84 20 16597 22563 84 15
12563 19887 70 13 11338 11312 42 2
20350 19886 10 0 12820 13348 71 10
11312 22563 18 2 16597 11338 86 0
12717 12820 35 0 19887 13348 78 13
19886 12563 17 2 16377 20350 114 20
13348 16597 101 5 19887 11338 82 10
12820 20350 42 0 22563 12563 59 12
11312 12717 17 3 19886 16377 122 20
22563 19887 107 5 12563 13348 8 2
16597 11312 94 8 19886 12820 50 0
11338 16377 131 20 20350 12717 10 0
22563 19886 23 2 11312 19887 94 2
20350 12563 21 2 12717 16597 82 20
13348 11338 22 0 16377 12820 137 30
