15491 11004 89 40 21711 13805 58 22
14145 4885 14 0 9381 13249 41 22
9735 11902 13 0 13263 17480 36 5
22014 21714 16 3 10860 22856 34 0
21898 21713 56 5 10528 20109 11 0
17307 4886 47 5 10529 17481 16 0
9362 10861 83 20 14905 19801 27 0
20238 17306 10 2 14952 17304 12 0
15493 16867 61 22 4906 4897 75 22
13805 13249 63 20 9735 22014 37 20
20109 11902 35 0 21714 15491 73 22
14145 17480 25 10 11004 10860 53 20
21711 10529 96 6 4885 21713 78 28
10528 22856 46 0 17307 17304 12 0
9381 19801 17 3 17306 16867 19 2
4897 9362 37 0 17481 20238 16 2
13263 15493 46 20 4886 14905 57 5
21898 4906 99 23 14952 10861 33 20
11004 20109 87 20 13249 10529 32 22
17304 10860 60 40 9735 21713 32 0
11902 10528 48 0 17306 21711 39 5
17307 22014 14 0 16867 9362 65 2
19801 14145 40 0 4897 15491 64 20
14905 9381 34 3 17481 4906 90 20
20238 21714 21 4 21898 13263 61 5
10861 17480 47 20 4886 13805 125 25
4885 14952 31 0 22856 15493 45 20
10860 10528 66 20 10529 9362 31 2
17306 17307 21 0 13249 15491 76 20
21713 9381 32 3 11902 4897 23 0
16867 17481 26 2 11004 21898 79 23
17304 13263 103 22 20109 10861 45 20
21714 9735 20 3 15493 21711 71 23
13805 4906 138 24 19801 4885 59 20
4886 14952 102 25 22014 14145 26 20
17480 14905 35 3 22856 20238 2 0
10860 21898 54 20 11902 17307 65 0
21713 17306 9 0 10861 11004 101 40
4897 13249 17 0 10528 13263 58 4
21711 17481 56 3 20109 19801 24 0
16867 4886 98 2 17304 4885 72 20
15491 22856 46 20 9362 9381 90 0
14905 14952 38 3 21714 13805 51 3
4906 9735 87 23 20238 14145 21 10
22014 10529 46 20 17480 15493 96 43
