19577 19730 84 7 19656 19581 34 20
19606 20827 142 55 19705 19759 210 40
19859 23155 28 2 19600 21959 102 0
23152 22404 26 0 23153 19666 61 5
23150 22406 29 0 19675 22715 120 10
20106 19656 45 5 22508 19705 112 60
19581 23155 73 2 22404 20827 93 20
23153 19730 70 0 22406 19606 77 24
19759 19666 86 0 19675 19859 93 40
19577 21959 155 28 20106 23150 44 0
22715 22508 75 0 19600 23152 23 0
23155 22406 61 2 19666 19581 47 0
20106 22404 101 0 19730 19675 111 20
19606 19577 110 20 21959 23152 63 0
19656 19600 125 0 23150 19759 125 20
22508 23153 108 35 20827 19859 104 20
21959 22715 139 20 19705 22404 49 0
23152 20106 121 0 19759 22406 117 0
23150 22508 119 20 19666 19730 84 5
19705 19600 106 5 19581 23153 28 0
19577 20827 156 31 22715 19859 51 0
23155 19675 70 0 19656 19606 70 0
19581 19759 95 20 21959 22508 176 55
19730 23152 56 0 19859 19705 74 0
19606 19666 107 20 22715 19656 85 20
23153 20106 83 0 23155 23150 107 25
22404 19675 108 20 19600 19577 124 0
20827 19656 96 20 22406 21959 101 20
19759 22715 60 0 19730 23155 52 10
19675 19581 192 45 23152 23153 7 0
22406 19705 101 20 22508 19577 186 50
19859 23150 104 5 22404 19606 86 30
19666 19600 117 20 20827 20106 94 25
