21879 10632 62 10 5243 17121 20 0
17329 13895 10 0 13893 5189 6 0
13896 3033 56 3 12115 21352 89 0
5188 5243 20 0 17121 17329 56 3
13896 13893 21 2 3033 10632 210 0
12115 5189 80 20 21352 21879 13 0
5188 17121 52 2 13895 13896 14 0
21879 5243 56 20 3033 17329 26 0
13893 12115 61 0 5189 5188 26 0
13895 21352 12 0 10632 13896 14 2
5189 17329 40 20 17121 3033 36 2
13893 13895 17 0 5243 12115 90 2
21352 10632 24 0 21879 5188 18 0
5243 13893 20 0 5189 13896 56 0
10632 17121 17 2 12115 17329 82 2
21879 3033 160 2 5188 13895 15 0
21352 5243 14 0 17121 13893 39 4
13896 12115 140 9 17329 21879 56 0
3033 5189 19 0 10632 5188 27 0
13895 21879 54 0 17329 21352 18 0
