14172 18397 64 20 16651 6103 31 2
6340 10198 4 2 7823 3609 6 2
6666 18200 0 0 14568 18397 101 20
6666 16651 26 10 10198 3609 8 2
6340 7823 20 2 14172 6103 25 22
14568 3609 91 20 18200 14172 22 0
7823 10198 22 12 16651 18200 17 10
6103 6340 2 2 6666 14568 56 20
18397 6666 78 45 7823 14172 47 3
14568 6103 81 22 10198 16651 13 2
18200 3609 32 0 18397 6340 9 0
18200 7823 10 2 6103 6666 63 22
18397 10198 44 22 14172 6340 33 0
16651 14568 32 20 3609 6666 25 10
7823 18397 55 23 10198 14568 80 4
16651 14172 32 10 6340 18200 21 0
6103 7823 74 5 3609 16651 20 10
