14931 22162 88 20 13546 19542 58 20
16917 22110 139 20 17178 14561 53 4
10075 14521 28 0 19706 9617 115 20
11873 22178 108 27 20150 11409 49 0
22161 17178 74 0 17008 19542 80 3
14561 16917 99 3 22162 14521 56 20
11409 10075 43 3 22110 20150 37 0
22161 11873 203 32 9617 14931 59 20
17008 19706 95 43 22178 13546 65 23
19542 20150 41 0 16917 11409 85 3
14561 10075 102 23 17178 11873 66 27
13546 22161 134 20 14521 22178 40 6
22110 9617 29 0 19706 14931 83 0
22162 19542 152 45 10075 17008 66 20
14561 13546 73 23 22161 11409 81 3
11873 19706 175 47 17178 16917 98 23
14521 17008 56 20 20150 14931 53 20
22178 9617 89 1 22110 22162 95 20
13546 16917 109 20 10075 22161 159 25
11409 17178 54 5 14931 14521 76 40
22178 19706 150 23 19542 14561 68 23
17008 22162 120 45 11873 22110 91 27
9617 17178 62 3 20150 13546 60 20
14931 22178 49 3 16917 10075 111 0
14521 22110 22 0 19542 11873 158 47
11409 14561 43 3 9617 17008 58 1
19706 20150 137 20 22162 22161 196 45
