16736 10602 58 20 10435 6666 148 4
16651 13085 73 2 9974 10198 129 43
4443 3609 10 0 19415 18527 119 20
6340 9974 49 5 16736 10435 148 40
3609 16651 54 20 6666 13085 133 27
18527 6340 97 23 19415 10602 90 20
13085 4443 41 0 16736 10198 80 20
19415 9974 92 23 3609 6666 53 0
10435 16651 64 5 18527 4443 128 20
10602 10198 57 20 6340 3609 44 3
10435 19415 74 20 13085 16736 119 22
10198 6666 139 20 18527 9974 176 28
10602 6340 19 3 16651 4443 119 20
6666 19415 65 20 10198 10435 93 25
9974 16736 177 43 10602 18527 95 25
13085 3609 34 2 4443 6340 128 3
19415 16736 129 20 16651 10602 118 0
6666 18527 138 20 6340 13085 69 9
10198 16651 46 20 3609 10435 109 25
4443 19415 51 22 9974 6666 186 43
