8799 10168 42 0 10583 20673 10 0
10584 9214 64 20 8798 8859 25 20
8796 8797 14 0 10768 13675 42 0
8859 20673 27 20 8798 10583 19 0
10768 9214 16 0 10168 8796 38 0
8797 13675 12 0 8799 10584 41 20
10583 10768 45 5 8796 8798 9 0
8859 8799 34 20 10168 8797 33 0
10584 13675 67 25 9214 20673 93 20
8796 8859 45 20 8799 8798 9 0
10768 10168 47 0 20673 10584 81 20
13675 9214 76 20 8797 10583 34 5
20673 8796 43 0 8859 10584 92 40
8798 10768 8 0 13675 10168 46 0
9214 10583 119 25 8797 8799 18 10
10168 8859 62 20 13675 8796 62 0
10583 8799 18 0 10584 10768 69 25
20673 8798 23 0 9214 8797 82 20
