14496 22316 151 40 3848 14235 66 20
4216 3650 142 40 14338 9049 70 20
7159 14535 130 26 5015 22321 27 0
18263 7609 109 40 6226 18568 133 20
4216 14338 120 3 14496 3848 136 40
22321 3650 88 0 7159 9049 39 0
14535 18568 186 50 22316 6226 105 5
7609 5015 51 0 18263 14235 118 23
14338 3848 96 20 22321 7159 41 0
18568 22316 133 20 9049 3650 117 20
6226 7609 78 22 5015 14496 147 40
14235 4216 70 20 14535 18263 143 3
3848 22321 84 0 3650 18568 148 40
22316 5015 78 42 7609 14338 104 40
14235 7159 69 0 4216 6226 73 0
18263 9049 67 20 14535 14496 236 44
18568 3848 123 20 14338 5015 79 20
7609 22316 101 40 7159 4216 133 40
6226 14235 97 45 9049 22321 46 20
14496 18263 233 63 3650 14535 82 7
5015 7159 117 40 18568 4216 173 40
9049 6226 68 25 3848 7609 30 0
22321 14496 88 30 22316 18263 136 23
3650 14338 121 40 14235 14535 120 27
