21183 9686 62 0 14165 17456 13 0
21184 19571 18 12 10219 18009 27 20
1002 11347 111 40 19987 15173 49 2
21183 17456 31 0 18009 19571 9 0
9686 19987 95 0 10219 1002 97 20
21184 14165 8 0 15173 11347 94 23
18009 1002 125 20 10219 21183 54 20
17456 9686 61 0 11347 21184 88 20
14165 15173 14 0 19987 19571 132 10
1002 21183 108 20 17456 21184 64 0
19571 10219 67 14 14165 11347 55 0
18009 19987 26 0 15173 9686 26 0
19571 14165 100 14 21184 1002 69 20
15173 17456 43 11 9686 10219 131 22
11347 19987 139 0 21183 18009 13 0
