21968 4096 64 0 15202 19667 93 30
3737 13406 51 0 7571 5897 146 40
12589 5436 101 0 11359 22059 69 0
11460 9326 71 0 17142 16021 57 5
16704 6055 104 20 17298 21236 21 0
19667 18925 85 20 5436 22059 61 20
15202 7571 135 20 16021 9326 86 30
3737 11359 33 20 16704 17142 50 20
18925 21236 97 5 5897 11460 54 20
21968 12589 95 0 13406 6055 158 50
7571 17298 62 20 4096 11359 10 0
11460 16704 87 20 5897 19667 40 0
5436 9326 61 25 13406 21968 192 60
22059 15202 71 20 17298 3737 58 20
16021 18925 29 0 12589 6055 82 20
21236 17142 18 0 4096 13406 186 65
11359 5897 23 0 21968 15202 72 20
7571 11460 99 4 6055 5436 74 20
16021 22059 156 45 21236 16704 64 20
4096 18925 108 20 9326 3737 63 20
17142 17298 25 0 19667 12589 152 10
22059 13406 181 55 15202 11460 103 44
16704 21968 75 40 18925 7571 115 25
21236 12589 162 5 5436 3737 77 20
5897 16021 165 50 17298 4096 62 5
6055 11359 68 20 9326 19667 109 20
17142 15202 68 30 18925 5436 106 20
11460 17298 92 20 3737 21968 43 20
13406 16021 181 50 11359 19667 61 15
6055 5897 67 20 22059 17142 84 30
9326 4096 41 0 12589 16704 140 20
19667 7571 170 20 11460 21236 77 24
