22005 2408 20 0 14963 16708 98 23
18600 16709 34 21 18599 21984 54 20
11514 16709 32 0 16713 18600 26 0
21984 14963 114 40 2408 16713 10 0
22005 16708 19 0 18599 11514 24 0
14963 22005 47 0 16709 21984 58 20
11514 16713 55 0 2408 18599 12 0
16708 21984 89 20 11514 18600 34 20
18599 14963 106 20 16709 16708 19 0
18600 2408 45 21 16713 22005 35 20
16708 11514 44 0 16709 14963 68 20
16713 18599 18 0 21984 22005 90 40
18600 18599 26 1 14963 2408 85 20
21984 16713 102 20 16708 18600 21 0
22005 16709 27 20 2408 11514 33 0
