11382 10836 58 22 9929 14683 79 2
12868 19168 139 23 21333 22441 33 10
12679 17335 23 0 2923 10421 31 0
10836 12868 111 40 19168 10420 67 2
12679 10421 40 2 11382 21333 37 3
10420 9929 95 22 22441 2923 15 10
14683 12679 54 0 17335 12868 65 0
10420 21333 34 1 19168 11382 66 23
17335 2923 29 0 22441 10836 50 20
10421 9929 109 20 14683 12868 75 27
17335 22441 63 20 10420 11382 8 3
2923 14683 20 2 19168 10421 93 10
9929 10836 146 40 12679 21333 24 5
22441 10420 12 0 10421 14683 44 3
17335 19168 81 30 9929 12679 98 23
12868 11382 128 2 10836 2923 65 20
21333 19168 90 23 10420 17335 62 40
