21339 4169 49 20 20693 20251 7 0
12094 20190 4 2 22459 10544 112 27
12513 5009 41 0 21481 15254 96 40
20085 21872 60 25 12265 22092 58 20
21395 22459 35 2 22460 16494 70 20
21339 10544 133 30 5009 21481 44 20
20190 20693 68 0 21872 20251 42 20
12513 21395 34 20 4169 20085 54 0
22092 16494 45 20 12094 15254 49 0
20251 22460 19 0 12265 10544 108 30
12513 21339 65 20 20190 21395 51 20
20085 22459 35 2 21872 5009 106 40
15254 16494 35 5 4169 12265 95 25
21481 22092 99 40 20693 22460 8 0
12094 21872 65 20 21395 21339 30 10
16494 12265 51 0 12513 20190 27 0
15254 20085 2 0 10544 20693 79 5
5009 12094 87 25 22460 4169 49 0
20251 21481 55 20 22459 22092 52 22
10544 21872 89 25 16494 12513 15 0
20693 12265 55 20 21395 5009 84 35
22092 4169 58 20 21339 22459 37 2
21481 20085 47 20 20251 12094 27 0
22460 21395 42 0 20190 15254 58 0
22459 20693 13 2 12265 12513 79 20
5009 20251 19 0 16494 12094 30 0
4169 21481 41 10 21872 20190 72 20
15254 22460 28 0 20085 21339 72 0
10544 12513 81 35 22092 21395 46 0
