21864 8730 40 1 12308 22280 50 3
6606 19688 14 0 22279 5488 62 22
8480 11493 19 0 7883 22246 73 22
22247 13347 54 0 6540 22282 22 0
4914 14738 105 8 5321 16800 65 0
22284 16664 38 20 22281 22283 26 0
9570 22285 2 0 22245 9854 40 2
16941 6676 25 0 21680 6552 27 0
5320 6540 30 2 8730 22279 127 20
22280 8480 26 0 22247 4914 75 4
16800 6606 63 0 11493 21864 30 0
22245 12308 34 20 16664 5321 34 0
19688 7883 38 20 6676 22283 56 0
14738 22285 111 44 22282 22281 35 20
9854 22284 29 0 16941 5488 16 0
5320 21680 41 20 13347 9570 23 3
22246 22245 86 20 6552 6606 28 0
22279 22247 91 40 7883 21864 18 2
22285 8730 92 40 22283 16800 62 0
9854 6540 41 2 14738 19688 59 24
21680 22282 90 20 4914 16664 89 0
6676 22281 63 0 9570 8480 27 3
6552 13347 46 0 22284 22280 52 2
12308 16941 41 0 11493 5320 52 0
5488 5321 15 0 22246 8730 66 20
16664 22247 67 20 16800 19688 68 0
22279 22245 47 20 22281 21680 56 0
22285 6606 53 0 8480 13347 32 0
6540 11493 72 3 22284 6676 69 0
21864 4914 56 4 9854 6552 36 3
5321 22283 11 0 22280 5320 72 2
5488 7883 22 0 12308 14738 91 0
22282 9570 51 22 16941 22246 49 20
6540 16800 152 2 8480 22245 67 20
13347 22279 78 20 6676 9854 61 0
21680 5321 41 0 22285 11493 54 20
8730 22281 56 20 7883 4914 35 6
22280 9570 46 2 5488 16664 41 0
19688 22284 27 0 22282 12308 40 2
22246 21864 65 20 5320 14738 80 14
22283 16941 44 0 6606 22247 45 0
6552 7883 19 3 22279 22285 98 40
