18917 14381 48 0 12475 16785 50 20
14183 22173 35 0 22223 16383 68 25
22106 12819 44 20 22729 21218 28 0
16409 22107 131 20 14144 22507 88 0
22621 16383 127 45 22223 18917 46 2
12819 21218 44 0 14381 14183 55 20
22729 16785 71 20 12475 16409 93 24
22621 22106 11 0 22173 22107 126 20
22223 22507 70 20 14381 14144 121 30
18917 16409 51 23 12819 22729 42 0
21218 22173 23 0 16785 22107 109 25
16383 12475 72 0 22106 22507 40 0
14144 14183 138 5 22729 22621 49 20
16785 12819 136 45 22107 22223 25 0
16383 22173 39 5 14381 16409 46 0
14144 18917 105 5 21218 22106 25 0
22507 12475 24 0 14183 22621 36 0
22107 22729 88 0 16383 14381 56 0
16409 22223 37 20 18917 22106 29 2
22507 22621 52 20 16785 21218 95 20
12475 12819 88 0 22173 14144 56 20
22107 14381 45 0 18917 14183 29 0
21218 22223 4 0 16409 22729 96 20
22621 12475 64 0 12819 16383 109 5
14183 16785 130 40 22106 14144 26 0
22173 18917 88 0 22507 22729 26 0
