14360 20296 55 2 22542 22270 19 0
22275 22272 43 5 13829 22267 18 0
15282 19648 49 0 22268 19646 83 0
10253 15159 13 0 11822 20296 9 0
22275 22268 33 2 19646 22542 28 0
22270 10253 23 3 15282 22272 54 5
19648 11822 41 0 22267 14360 47 3
13829 19646 58 0 15159 22270 22 3
14360 22268 96 7 22275 10253 20 3
22542 19648 49 0 22272 15159 30 3
11822 22267 13 3 20296 15282 51 21
13829 22275 40 3 10253 19648 33 0
22267 22270 35 5 22268 15159 24 0
22542 13829 25 0 11822 15282 25 1
22272 20296 13 3 19646 14360 93 0
22270 11822 26 3 19648 22275 42 3
20296 22268 29 0 22272 13829 51 3
19646 10253 65 0 22267 22542 6 0
15159 15282 13 1 14360 22275 106 4
