22012 17288 74 20 10650 9277 101 25
17305 21527 56 30 21440 9930 106 20
9800 5070 32 0 21510 15065 37 1
21528 16249 93 23 21527 20344 44 20
9930 5070 116 20 17288 10650 99 45
21528 17305 42 10 22012 9800 56 0
9277 20344 62 20 21510 21440 12 3
9800 15065 69 0 16249 22012 101 20
5070 9277 50 20 17305 21440 34 0
21510 17288 53 23 16249 21527 102 25
15065 10650 111 25 20344 21528 54 40
9930 21527 101 20 9277 9800 98 40
21440 21528 49 20 15065 17288 107 20
20344 21510 46 22 22012 9930 122 20
16249 17305 158 34 5070 10650 63 20
17288 9800 74 20 20344 22012 69 20
5070 16249 108 23 9930 21528 71 20
21527 21510 21 0 15065 17305 89 10
21440 9277 22 0 10650 16249 174 43
17288 20344 64 20 17305 5070 58 0
10650 21440 103 25 9800 21510 33 3
9277 9930 66 20 21528 15065 71 20
5070 22012 125 20 21527 21440 51 20
