20255 21505 68 2 19747 6069 91 20
11697 14544 62 0 21995 11304 69 27
21630 19569 69 20 21226 14481 89 24
11132 8812 29 2 609 18061 44 5
12417 12601 18 0 18671 21807 59 0
7350 14975 92 20 7040 11754 132 55
6069 21767 94 0 11697 14481 109 20
21505 21226 98 24 14544 8812 43 24
19747 18671 56 20 21630 609 122 40
20255 11304 43 22 12601 7350 116 30
12417 21767 38 20 14975 18061 101 5
21995 11132 34 2 11754 21807 141 40
19569 609 92 5 6069 7040 101 45
7350 14544 107 40 19747 21630 109 40
21226 11697 200 49 12417 20255 4 1
11754 18061 178 30 11304 21505 76 25
14481 12601 73 0 14975 21995 41 2
18671 11132 42 2 21767 19569 40 20
8812 7040 96 20 21807 21630 117 20
7350 6069 46 20 18061 21226 104 25
12601 11754 40 20 609 11697 157 40
19569 21995 30 3 21505 12417 103 1
11304 21807 52 20 21767 19747 143 40
20255 14975 54 0 8812 18671 97 0
14481 7040 167 20 11132 14544 33 5
21630 6069 102 40 12417 11754 85 10
18061 12601 19 0 19569 19747 46 0
8812 21767 59 20 21995 7350 99 20
7040 11697 157 45 21505 18671 87 0
21807 609 101 20 14544 20255 22 0
14975 11304 49 28 11132 21226 115 26
14481 19747 185 40 7350 12417 87 5
