8099 15337 116 10 20345 21230 73 20
11970 11138 197 63 16451 7759 94 28
11186 17595 209 60 18225 11990 60 5
21336 417 179 34 16942 6559 169 40
21229 6220 264 75 21370 19708 170 10
16750 3805 138 30 8693 14343 124 40
14563 19589 54 20 19745 8548 78 0
6424 17103 54 2 18079 5604 160 24
21230 11186 147 44 11970 21336 173 30
6559 20345 112 30 17595 6220 254 55
21370 16750 58 0 15337 18225 240 63
417 16451 115 24 19708 19745 201 40
6424 16942 157 30 19589 3805 222 65
11990 18079 99 0 8548 8693 46 0
14343 14563 145 45 17103 11138 64 4
7759 5604 178 37 21229 8099 186 50
19708 20345 252 80 16750 11186 60 23
6220 11970 127 20 19745 15337 118 25
8548 21370 108 0 6424 16451 70 24
11138 18225 163 37 3805 21336 165 30
17103 17595 167 20 21230 21229 189 55
14343 11990 207 20 16942 7759 200 34
19589 18079 35 20 8099 417 134 40
8693 14563 144 40 6559 5604 192 25
21336 19745 129 32 16750 6424 51 0
15337 19708 222 50 11138 8548 110 0
20345 21229 178 50 11990 11970 129 20
417 21230 133 40 7759 21370 182 49
8693 17103 95 20 6220 19589 177 50
18225 6559 49 0 8099 14343 132 40
3805 14563 214 65 18079 17595 177 35
16451 16942 157 24 5604 11186 84 20
8548 16750 95 20 11970 417 237 26
7759 15337 188 29 17103 21336 116 25
19745 6559 50 2 11138 21230 179 52
17595 8099 154 20 21370 8693 121 0
11186 21229 257 73 14563 6424 62 25
14343 16451 235 39 19589 20345 100 15
5604 11990 116 49 3805 19708 219 90
6220 16942 191 55 18225 18079 157 24
