16944 11039 247 64 16886 10023 100 20
9784 19639 183 85 12804 18715 107 26
13216 14969 82 4 13356 18466 182 64
19819 9656 102 0 8381 22330 99 32
20373 8375 190 34 11898 9614 227 50
18504 7303 158 35 16481 14259 121 45
18715 10023 144 10 13216 12804 165 50
19639 11039 178 60 18466 16944 107 40
13356 9784 221 50 8375 9656 219 73
14969 8381 203 56 7303 9614 213 70
16886 18504 136 5 22330 11898 88 20
16481 19819 130 5 14259 20373 161 40
9656 16944 105 0 12804 18466 107 5
9614 18715 150 37 11039 13356 219 72
22330 7303 205 70 13216 9784 133 70
8375 18504 198 45 19819 20373 81 20
16886 8381 167 20 10023 16481 86 40
14259 19639 216 75 11898 14969 134 44
22330 12804 64 20 11039 7303 246 64
9614 18466 264 80 18504 9784 116 30
20373 16886 148 40 8381 13216 173 34
14969 8375 160 24 16944 16481 98 30
11898 14259 169 45 18715 9656 112 5
10023 13356 236 64 19639 19819 89 15
8381 20373 181 65 9784 11039 216 59
16481 13216 223 0 16944 9614 182 44
14259 22330 116 30 18466 8375 178 35
7303 16886 174 25 19639 18715 78 24
9656 14969 172 53 10023 18504 105 20
12804 11898 88 40 19819 13356 247 80
11039 13216 221 50 8375 14259 136 20
18715 16944 39 20 20373 22330 219 43
9614 16481 174 44 9656 19639 96 45
9784 19819 127 20 14969 16886 176 24
13356 12804 202 70 18504 8381 154 36
18466 11898 71 20 7303 10023 224 65
