21685 18484 99 20 19734 19574 35 1
18483 15546 156 53 19592 19738 40 0
15553 14637 143 40 21792 19740 29 0
19737 19739 44 3 15550 15549 59 0
21889 18900 81 25 19779 19736 86 21
20485 21888 42 3 19741 11719 27 0
19733 19734 61 3 19738 15553 81 20
19574 19592 87 3 15550 14637 124 35
21685 19737 43 3 19779 18483 146 25
15549 19740 53 20 21888 21889 54 0
19736 19733 20 3 18484 20485 130 8
19739 21792 29 0 18900 11719 141 20
19741 14637 63 20 19737 15546 112 24
15550 19738 36 0 21889 21685 67 3
19592 19740 7 3 18484 19779 180 45
20485 19739 63 3 19734 18483 100 25
11719 15549 83 20 19733 15546 90 29
19574 19736 61 3 21792 19741 32 0
18900 15553 131 40 21888 19737 76 3
19738 19779 102 28 14637 20485 80 20
11719 15550 72 0 19740 19734 22 0
15546 21889 131 28 19739 19574 75 23
18484 19741 86 23 15549 18900 95 45
19736 21685 35 3 15553 19592 114 23
18483 21792 87 0 21888 19733 56 3
20485 19779 89 23 15546 15550 141 28
19738 19737 56 3 11719 18484 107 23
21889 19734 66 0 19741 19592 28 3
15553 19574 63 23 18483 15549 132 20
19740 19733 51 13 18900 21685 57 25
14637 21888 153 35 19739 19736 49 3
21792 15550 41 10 21889 18484 125 25
