8513 15322 81 24 9087 9476 38 10
9499 5618 127 28 13702 19250 58 25
9855 7792 102 43 6494 13028 14 4
8646 5383 124 48 14353 8027 147 40
9133 10477 31 0 20101 11714 25 2
16646 21482 115 28 13917 5960 119 50
7238 13754 44 40 11855 13028 53 20
19250 14353 150 27 9855 15322 69 23
9087 11714 57 30 9499 7792 35 10
5383 6494 118 32 16646 9133 126 31
5960 20101 105 26 9476 13702 83 33
8646 13754 36 0 13917 10477 88 48
5618 8027 89 44 8513 7238 144 50
15322 11855 110 24 21482 9133 113 33
13028 9499 62 10 9476 5383 113 34
13754 20101 34 0 19250 16646 94 22
13702 13917 108 44 7238 6494 45 20
8027 11714 91 25 21482 9855 97 43
10477 14353 154 45 5960 8513 108 47
8646 11855 63 20 5618 9087 67 20
7792 13702 105 32 13754 15322 27 20
13917 9855 106 23 9133 9499 74 10
9476 7238 110 36 14353 16646 168 45
8027 9087 112 40 10477 13028 39 2
6494 20101 53 2 21482 5618 88 27
11855 8513 133 40 5383 7792 107 44
19250 5960 80 25 11714 8646 102 24
9133 9476 111 20 8027 13754 79 25
13028 13917 44 20 14353 5618 135 33
10477 9499 90 14 11855 6494 150 48
5960 5383 112 27 9855 9087 119 20
15322 7238 66 26 20101 8646 73 22
16646 13702 190 52 11714 8513 79 24
7792 21482 112 23 9476 19250 69 14
