12820 13348 20 0 12717 19887 43 12
19886 22563 2 0 16597 11338 112 20
11312 16377 38 0 20350 12563 2 0
19887 11338 12 10 22563 12717 4 2
11312 16597 76 20 13348 16377 65 0
12563 19886 26 0 12820 20350 20 0
11338 22563 17 0 13348 11312 22 0
12717 19886 9 0 16377 12563 42 20
16597 20350 84 20 12820 19887 23 2
12717 13348 18 2 11312 19886 13 0
16377 12820 53 22 22563 19887 57 10
20350 11338 10 0 16597 12563 82 20
19887 11312 85 10 19886 12820 12 2
12563 12717 16 2 22563 16597 84 20
16377 20350 67 20 11338 13348 17 0
