21985 22329 74 0 4859 17511 13 0
22836 17251 37 0 4921 5891 98 20
10676 19433 9 3 18318 19428 29 1
19432 12366 19 0 13825 21856 103 20
4894 17512 28 3 13788 18990 34 3
4895 15592 41 2 22836 17461 4 3
17511 21856 104 20 4921 10676 83 20
19433 13825 28 0 17251 13788 24 3
19432 4859 20 0 4894 18318 33 3
21985 5891 10 0 17512 15592 64 0
17461 12366 30 3 19428 22329 27 3
18990 4921 58 0 4895 18318 92 20
21985 22836 8 0 13788 19432 20 2
17251 10676 55 3 22329 17512 36 0
15592 4894 55 2 19433 12366 10 0
5891 17461 22 3 4859 18990 54 3
17511 13825 47 20 19428 4895 35 23
21856 22836 110 20 22329 4894 26 3
15592 13788 31 3 10676 4859 66 0
4921 17512 104 20 17461 13825 17 2
21985 4895 72 20 21856 19433 98 22
5891 18318 46 1 12366 17511 26 0
18990 19428 46 5 17251 19432 34 0
4894 10676 24 3 13825 21985 14 0
17512 4859 27 3 12366 4895 90 20
13788 19428 38 5 5891 21856 51 20
19433 18990 41 13 22836 17511 5 0
22329 19432 25 0 15592 4921 83 20
18318 17251 27 0 17461 21985 25 3
