10127 9849 59 10 18464 7532 116 0
15504 18463 25 0 21487 11102 59 2
16309 20218 96 20 21858 22093 63 12
7532 18463 78 22 11102 10127 92 2
22093 16309 77 3 9849 15504 92 0
21487 18464 39 5 21858 20218 45 5
9849 16309 164 30 10127 18463 66 2
20218 21487 29 3 22093 7532 29 5
18464 21858 51 2 11102 15504 48 0
21487 22093 29 5 16309 10127 104 22
7532 9849 110 22 15504 21858 20 0
18463 11102 127 20 18464 20218 18 2
10127 7532 37 4 21858 16309 150 35
22093 15504 45 3 18463 18464 22 2
20218 11102 30 0 9849 21487 88 22
7532 21858 104 13 18463 22093 29 3
11102 18464 72 2 16309 21487 79 28
15504 10127 16 3 20218 9849 13 5
