13601 5604 173 20 21379 20021 48 3
15109 5971 11 0 11186 19800 97 23
6559 21336 81 1 17077 15324 38 3
19800 13601 24 20 21379 11186 128 23
5604 15324 80 1 5971 17077 32 3
20021 6559 25 5 21336 15109 72 1
13601 15324 36 1 19800 5604 63 20
21379 5971 85 20 15109 6559 31 0
17077 11186 98 23 20021 21336 74 30
15324 21379 94 5 6559 13601 43 20
11186 15109 110 25 5604 17077 71 23
21336 5971 76 0 19800 20021 9 3
15324 11186 142 26 15109 21379 43 6
6559 19800 62 0 20021 5604 87 20
21336 17077 58 0 5971 13601 37 0
11186 20021 119 26 15324 6559 36 0
5604 15109 72 22 13601 21336 77 40
17077 21379 93 5 5971 19800 20 0
