9768 9637 101 0 18380 6448 150 59
14901 16302 135 30 14664 21821 4 2
14374 18393 171 33 18280 22491 37 2
8956 19137 92 25 20143 13017 98 45
10703 16553 143 20 21602 15284 36 0
22013 6448 66 8 22032 19824 149 31
21821 20143 48 22 9637 14374 153 29
9768 8956 73 0 18393 10703 137 2
22013 22491 61 4 15284 16302 93 0
19824 21602 157 38 14901 19137 99 23
18380 22032 102 2 18280 14664 58 0
6448 13017 107 45 16553 22491 106 20
19137 9768 106 0 14901 22013 65 3
21602 16302 87 3 22032 14374 128 16
8956 15284 115 40 19824 21821 147 40
13017 14664 75 20 9637 18393 106 10
10703 18280 70 20 20143 16553 139 25
18380 21821 110 31 22491 19824 147 22
9637 22032 107 20 15284 9768 128 40
13017 14901 106 0 10703 22013 84 23
19137 14374 148 36 16553 14664 92 20
18280 6448 130 30 8956 21602 71 22
18393 20143 142 20 16302 18380 154 24
22491 22032 72 2 19137 10703 102 40
22013 9637 97 22 14374 8956 140 20
19824 16553 144 28 16302 18393 46 10
20143 15284 193 45 6448 14901 92 30
13017 18280 81 0 21821 9768 76 2
14664 18380 127 24 21602 22013 31 4
16553 14901 61 25 22032 8956 107 13
16302 18280 95 20 19137 9637 116 20
14664 10703 73 20 6448 19824 196 38
14374 18380 78 4 15284 13017 146 40
9768 21602 87 3 22491 20143 162 25
18393 19137 74 3 21821 22013 33 3
