16460 7974 86 25 13625 4115 24 0
6426 16208 97 0 16217 10760 36 0
21738 21578 55 5 9225 18663 80 15
4106 16327 53 0 18661 18571 30 0
4115 16460 60 25 10760 6426 57 0
16217 13625 10 0 21738 9225 99 10
16208 18571 48 0 21578 18661 75 0
16327 18663 24 0 7974 4106 62 20
9225 16217 98 10 10760 16460 155 45
18571 21738 22 0 21578 4115 67 3
18663 16208 12 0 13625 16327 15 0
18661 7974 40 0 4106 6426 102 0
18571 21578 35 0 16460 16217 98 22
16327 10760 71 20 18663 13625 8 0
4115 9225 95 15 18661 4106 7 0
6426 21738 84 5 16208 7974 43 0
13625 10760 58 0 16327 21578 51 0
4115 18661 23 0 18663 16217 30 0
16460 4106 105 25 16208 21738 14 0
7974 6426 71 0 9225 18571 123 15
