15146 22026 28 20 9261 22105 10 0
10809 4262 54 20 15097 8097 29 2
17702 12778 11 3 18142 11212 2 0
11128 15146 10 0 9266 5131 84 20
8097 9261 16 0 12778 15097 19 2
5131 4262 120 40 17702 22026 20 2
11128 18142 20 20 22105 10809 27 0
11212 17702 34 3 9261 9266 61 5
4262 11128 20 0 18142 12778 40 23
15097 10809 57 3 22105 9266 85 20
15146 11212 30 0 8097 22026 57 0
5131 22105 47 3 12778 4262 64 0
18142 17702 45 3 15146 15097 22 2
22026 9266 18 0 11128 8097 47 2
5131 10809 75 21 11212 9261 20 2
9266 15146 25 0 12778 11128 23 0
8097 22105 38 0 17702 9261 46 3
15097 18142 12 3 22026 5131 47 20
10809 11212 45 0 4262 15146 52 20
9266 8097 96 25 18142 5131 43 0
22105 15097 27 3 11212 11128 31 20
22026 12778 13 0 10809 17702 61 3
9261 11128 22 0 4262 18142 67 20
