12928 4886 236 69 19991 18483 157 25
21438 13265 196 48 13755 9045 139 60
12791 16597 228 75 13590 19502 106 20
19567 12596 107 53 12313 16617 139 28
13948 16272 159 50 20716 12977 150 24
16458 10676 173 65 3708 6299 163 60
5470 22320 151 40 21962 12393 72 4
8284 20394 259 29 12978 19947 142 48
18227 12448 179 50 19564 7172 162 43
13755 12791 171 45 4886 19567 170 45
12313 13948 111 30 16597 13265 186 40
12977 12596 199 32 18483 10676 64 20
20716 5470 233 63 16458 12928 164 50
3708 13590 218 50 19947 9045 149 30
12448 20394 146 25 16617 16272 184 55
6299 21962 211 40 19564 8284 209 69
19502 18227 214 54 12393 21438 144 41
19991 7172 233 75 22320 12978 125 45
13265 19567 143 40 10676 5470 163 31
12313 12928 216 75 19947 13755 118 24
16272 4886 199 52 16597 12596 141 9
9045 12448 76 25 6299 18483 179 44
19502 3708 249 73 20716 16617 169 40
22320 16458 163 51 20394 18227 185 53
12791 7172 304 90 8284 13948 169 49
13590 19991 148 30 21438 21962 166 60
12978 12393 108 0 12977 19564 123 28
16272 19947 158 26 5470 18483 170 44
4886 10676 158 46 12448 19502 174 45
6299 20716 206 40 18227 12313 180 38
13755 16597 161 59 7172 20394 215 55
8284 16458 333 89 12596 9045 62 0
21962 16617 211 32 12791 12978 155 44
12393 3708 192 65 19991 13265 135 40
12928 13590 181 55 19564 13948 234 65
21438 12977 198 40 22320 19567 147 65
10676 13755 65 24 16272 18227 197 55
9045 12313 143 55 19502 5470 211 36
12596 6299 150 24 20394 12791 221 70
13265 19947 122 20 21962 20716 196 64
16617 13590 186 52 7172 12393 177 45
12978 21438 165 16 16597 12928 219 60
13948 22320 144 30 3708 4886 206 42
18483 19564 199 48 19567 16458 141 50
12977 19991 195 45 12448 8284 138 44
20394 12313 213 53 10676 21962 59 20
7172 19502 243 73 13265 16272 150 47
12393 13755 108 24 12596 20716 207 64
4886 12978 169 45 5470 6299 162 20
19567 16597 82 5 18227 3708 169 40
16458 21438 248 65 13948 12448 131 45
18483 8284 161 9 13590 22320 78 20
16617 19564 170 55 19947 19991 150 45
9045 12977 107 30 12928 12791 190 70
