9618 18035 89 40 16762 22311 99 40
16354 10353 36 3 16564 22828 137 44
17388 21364 72 25 11349 14464 206 55
20079 9791 134 49 7786 16269 156 40
21620 20201 69 20 10333 20729 118 27
14382 6549 99 27 21619 16776 73 20
20223 16564 97 20 21364 16762 96 40
22828 20079 156 20 14464 9618 141 40
20201 11349 113 25 16354 22311 80 20
16776 7786 59 20 20729 18035 64 20
16269 10333 165 47 14382 20223 94 24
6549 17388 158 30 9791 21620 45 0
10353 20201 121 21 21619 20079 88 29
11349 16564 185 54 18035 16776 89 20
22828 14382 95 47 22311 21364 74 20
21620 16762 70 20 16269 16354 75 20
7786 10333 120 24 14464 6549 111 36
20223 21619 33 0 9791 20729 165 20
17388 9618 87 43 10353 14382 68 24
21364 21620 82 24 16776 20079 144 24
16564 14464 76 20 20201 16269 155 40
18035 16354 67 0 10333 9791 160 44
16762 21619 91 20 22828 17388 141 46
9618 20729 74 20 6549 11349 163 72
22311 10353 77 21 7786 20223 76 25
14464 14382 54 0 18035 21620 75 0
16776 9791 83 20 22828 20201 177 43
11349 10333 171 49 20079 16762 72 20
16269 6549 130 53 10353 21364 108 45
21619 7786 66 0 9618 16354 48 20
20729 22311 83 34 16564 17388 125 24
11349 22828 154 43 20223 18035 94 40
