17012 22478 38 0 12014 8272 9 0
11130 22138 46 2 14084 13750 30 2
13377 11992 153 49 535 20689 28 0
22444 11272 182 53 18638 22138 48 13
11992 17012 94 26 14084 13377 130 22
12014 20689 67 2 11130 18638 114 3
13750 535 64 0 8272 22444 116 28
11272 13377 182 45 22478 11130 32 2
13750 22444 130 24 17012 20689 98 23
14084 8272 21 2 11272 12014 79 25
22478 18638 20 2 22138 535 64 40
13750 12014 135 50 11992 11272 115 24
18638 535 73 23 17012 11130 95 22
22138 8272 27 0 20689 13377 145 27
11992 14084 73 26 22444 22478 111 28
18638 12014 38 10 13377 13750 136 40
8272 11130 72 12 22444 11992 147 48
535 17012 81 0 11272 22138 81 25
20689 13750 93 20 22478 14084 27 2
