16127 17628 85 26 9473 21460 55 10
14793 16630 37 0 22411 18045 82 0
9963 15886 133 20 6645 9505 97 3
17628 9473 94 1 14793 18045 57 10
6645 16127 136 28 22411 9505 60 0
21460 9963 77 23 16630 15886 112 27
9505 16127 53 0 14793 17628 86 0
15886 6645 94 26 9473 16630 55 2
21460 18045 19 0 22411 9963 61 3
16630 9505 74 20 16127 9473 77 20
21460 14793 55 0 6645 9963 92 3
17628 22411 134 41 18045 15886 123 30
9505 14793 92 20 16630 21460 49 2
18045 6645 122 16 15886 16127 132 40
9473 22411 33 20 9963 17628 91 21
