10383 10656 68 3 22505 6252 58 1
5445 9203 55 0 15201 7495 35 0
5094 6661 88 27 7880 11834 20 0
13460 6420 64 43 6625 20404 9 0
10383 7495 90 22 15201 10656 51 2
22505 11834 22 3 7880 5445 39 3
13460 6625 2 0 6661 6252 136 41
20404 6420 46 3 9203 5094 99 27
22505 10383 57 2 11834 7495 41 2
15201 7880 30 0 13460 10656 105 25
9203 20404 72 20 6625 5094 52 23
6661 5445 43 20 6252 6420 122 48
7495 13460 72 22 11834 10383 74 0
5094 22505 37 3 6625 9203 2 0
10656 5445 24 3 20404 6661 38 20
6252 15201 129 20 6420 7880 36 13
9203 22505 110 20 10383 13460 96 3
10656 6661 56 23 5445 5094 91 33
11834 15201 30 0 6252 20404 74 5
7495 7880 29 2 6420 6625 26 3
5094 13460 90 30 5445 10383 83 20
20404 15201 33 0 6661 22505 49 20
10656 6625 55 3 6420 11834 16 0
7880 6252 72 20 7495 9203 48 22
