22339 22662 94 2 22387 22641 140 40
22608 22609 106 23 22388 22679 70 1
22607 22467 109 40 22509 22606 127 24
22493 22510 45 5 22678 22494 45 0
22228 22387 127 40 22388 22608 111 20
22609 22679 111 20 22467 22641 120 40
22510 22678 87 30 22662 22607 87 22
22339 22493 110 20 22606 22228 147 40
22509 22388 147 55 22641 22494 167 45
22608 22387 111 28 22467 22678 82 30
22339 22510 138 45 22679 22493 95 43
22494 22607 84 20 22609 22228 139 22
22606 22662 80 2 22509 22608 114 37
22493 22641 126 31 22467 22387 75 20
22388 22339 125 41 22678 22607 113 20
22494 22606 96 20 22679 22662 29 2
22228 22509 182 32 22510 22609 99 20
22641 22608 189 48 22607 22493 151 49
22662 22388 127 21 22467 22339 125 20
22678 22509 138 41 22679 22228 109 20
22387 22609 145 20 22606 22510 79 45
22494 22467 99 20 22608 22339 106 23
