15201 13460 38 10 13206 14736 105 0
6661 10383 23 3 10656 6420 44 5
6252 7247 80 45 11834 22046 23 0
7880 20404 24 3 5445 19715 25 5
6661 5094 45 7 15201 10383 30 0
13460 10656 24 0 22046 6420 16 3
13206 6252 82 0 7880 19715 20 3
5094 5445 20 6 7247 14736 60 0
11834 6661 82 3 20404 13460 50 10
13206 15201 70 0 6252 6420 76 25
7247 5445 75 20 10383 10656 17 0
20404 22046 50 0 19715 5094 9 0
11834 14736 110 25 7880 6661 25 3
6420 13460 69 33 5445 6252 58 20
19715 20404 40 0 15201 7247 29 0
14736 7880 41 1 22046 10383 63 2
10656 13206 74 0 5094 11834 48 4
7247 19715 38 0 13460 6661 34 13
6420 15201 54 23 22046 7880 22 1
10383 5445 27 5 13206 11834 71 4
6252 10656 74 25 14736 20404 42 0
6420 7880 38 20 5094 7247 66 20
6661 22046 14 3 5445 13206 106 3
10656 11834 71 20 19715 15201 7 0
10383 5094 78 22 13460 6252 81 25
14736 6420 65 23 20404 13206 36 0
