10738 8109 13 0 8110 3540 18 0
11649 4137 91 0 22942 5477 85 25
14461 7120 17 0 22692 8013 98 43
17384 21605 65 20 7164 7417 30 0
17392 7407 35 0 8818 4137 106 20
8110 22942 56 0 5477 8013 71 0
7120 10738 32 0 7164 11649 64 0
3540 8818 77 40 21605 14461 49 20
22692 17392 41 3 7417 17384 10 0
22942 7407 132 40 8109 7120 138 27
4137 5477 95 30 21605 10738 82 10
8013 3540 75 44 7417 17392 30 0
7164 8110 37 2 7407 22692 77 40
14461 17384 47 0 11649 8109 105 0
8818 7417 62 20 7120 5477 68 17
17392 8110 21 0 21605 22942 88 20
8109 7164 82 25 4137 8013 83 4
17384 7407 40 0 10738 14461 98 0
3540 11649 64 23 8818 22692 82 20
5477 7164 52 10 8109 17392 44 0
4137 7417 70 5 14461 8110 46 10
22692 22942 95 20 10738 8818 77 0
8013 21605 81 24 7407 11649 41 0
7120 4137 76 0 17384 3540 59 20
