14734 3922 27 0 4783 4781 53 20
22360 22437 27 0 4782 310 81 0
11943 14413 30 0 22204 10639 19 0
22434 14712 25 0 22433 13029 51 0
20701 22359 0 0 22209 22211 66 0
20712 22358 12 0 22208 13368 45 0
17253 4784 71 20 22206 479 29 2
11997 14413 43 0 310 4783 78 20
11943 22360 27 0 14712 14734 51 20
10639 13029 84 0 22437 22209 31 0
22204 3922 21 0 22434 22358 12 0
479 20701 21 4 22433 4782 2 0
17253 22208 45 20 11997 22359 35 0
20712 22206 20 0 4781 22211 84 24
4784 10639 24 0 22360 13368 47 0
22209 310 68 20 14734 22204 13 0
479 22434 21 0 14413 20701 47 24
14712 22437 78 20 22358 4783 22 0
22359 20712 13 0 3922 4782 32 0
13368 22433 86 20 22206 11997 61 22
4781 22208 85 20 4784 11943 35 2
22211 17253 67 20 13029 14734 36 0
4783 22209 7 0 22434 22360 34 0
479 22204 25 0 22437 20712 54 0
13368 14712 80 40 14413 22359 18 0
20701 3922 52 20 4784 11997 43 20
10639 22433 68 0 22211 22208 10 0
4782 11943 35 0 13029 22206 49 2
4781 22358 70 20 310 17253 96 40
22359 22437 50 0 14734 22434 27 0
22209 11997 31 0 14712 20712 52 0
22208 479 55 0 3922 22360 42 20
22211 4784 60 0 4782 14413 50 0
310 22206 76 23 20701 10639 101 24
13029 13368 50 0 22204 4781 27 20
22433 4783 32 0 17253 11943 68 0
22358 14734 12 0 22209 479 22 0
