19415 18397 99 45 18527 22425 90 20
16651 6340 24 22 6147 3609 19 0
22187 22189 85 20 6666 10198 60 10
9974 7823 99 24 4443 13085 101 22
18397 22425 178 55 20180 6340 53 22
3609 22189 26 0 18527 22187 94 40
6147 13085 70 0 10198 4443 77 23
19415 6666 85 20 20180 16651 44 20
7823 22187 71 10 18397 9974 261 53
4443 6340 29 2 18527 22189 82 20
13085 10198 83 20 3609 19415 32 0
9974 20180 143 20 16651 6147 137 23
22425 7823 66 20 22189 6666 69 0
4443 22187 127 25 6340 19415 76 7
3609 18527 129 20 9974 6147 107 27
6666 16651 105 40 13085 18397 137 40
22425 20180 59 0 7823 10198 36 23
19415 22189 81 20 6340 9974 111 26
6666 18397 201 55 4443 3609 16 3
10198 18527 125 20 7823 16651 19 0
22425 6147 74 33 22187 13085 130 20
20180 3609 53 0 22189 4443 28 20
10198 9974 144 49 6340 6666 66 3
6147 19415 80 20 18397 7823 90 22
13085 18527 193 0 22187 20180 81 40
16651 4443 59 3 22189 22425 45 0
