13534 5710 32 2 20748 22489 105 25
17218 9006 90 25 12195 22039 36 10
14853 15626 44 20 18754 15089 108 45
5710 22039 36 3 12195 13534 40 2
17218 15089 70 43 18754 22489 160 29
15626 20748 80 25 14853 9006 98 20
15089 22039 24 0 5710 18754 144 24
9006 12195 119 5 15626 22489 74 4
13534 17218 76 5 20748 14853 52 25
15089 5710 143 37 22039 9006 64 15
22489 13534 114 27 17218 15626 9 0
18754 14853 120 25 20748 12195 100 25
9006 15626 158 40 5710 17218 34 3
22489 14853 139 40 22039 18754 137 34
15089 12195 47 0 13534 20748 93 27
22489 5710 95 23 14853 17218 23 3
22039 20748 94 34 15626 15089 120 34
12195 18754 135 30 9006 13534 95 22
