22743 18341 92 20 20334 21797 38 30
21330 12887 104 20 10348 12275 19 3
7813 15909 88 40 7172 10092 108 45
19010 12887 51 20 21330 22743 125 48
10092 12275 61 20 20334 18341 73 3
19010 21797 49 10 10348 7172 91 50
15909 21330 132 25 18341 7813 138 40
10348 19010 35 20 12887 10092 141 50
7813 7172 180 50 12275 22743 52 20
12887 20334 128 25 15909 21797 54 30
7172 22743 116 40 10092 18341 49 20
20334 10348 60 20 7813 21330 124 44
21797 12275 43 10 15909 19010 36 20
7172 20334 77 20 12887 10348 91 25
12275 21330 84 28 21797 10092 57 20
18341 15909 89 40 22743 19010 51 20
10092 7813 102 40 21797 12887 101 25
19010 7172 54 25 21330 20334 109 24
22743 10348 101 40 12275 15909 53 25
18341 19010 66 20 12887 7813 178 45
