19398 22495 43 20 10802 10095 57 22
16840 14762 34 0 18515 19420 9 2
22614 13073 63 4 7788 4641 11 4
14762 18515 19 2 17320 19398 34 2
10095 7788 81 22 10802 16840 22 0
19420 17320 65 2 22495 22614 8 3
4641 10095 94 22 13073 14762 31 10
18515 19398 13 0 22614 19420 16 10
10802 13073 13 2 17320 16840 14 12
4641 22495 22 2 18515 7788 11 2
16840 13073 12 0 19398 22614 14 2
22495 10802 12 2 14762 4641 23 4
7788 17320 36 2 19420 10095 77 22
22614 16840 19 2 22495 14762 42 0
10802 19420 42 4 13073 18515 7 2
7788 19398 25 2 4641 17320 22 2
18515 10802 19 2 10095 22614 52 22
