12211 20385 49 0 17246 21681 34 22
16657 1001 119 25 22523 8120 76 20
20744 7324 55 20 21368 12569 48 22
10237 8581 93 20 11211 13172 55 25
18386 6184 64 35 6418 10464 118 27
14261 7324 63 10 16657 17246 96 10
1001 13172 46 15 21681 20744 93 22
12211 6418 76 0 21368 10237 23 0
22523 18386 132 20 11211 20385 75 23
6184 8120 66 25 14261 12569 96 31
10464 21368 28 0 8581 1001 92 15
7324 21681 83 22 18386 10237 70 24
12569 20744 102 25 17246 22523 37 0
20385 13172 46 2 10464 16657 61 10
8581 6418 183 44 8120 12211 40 20
11211 21368 40 23 14261 6184 48 16
12569 17246 75 40 10237 1001 64 10
20744 16657 142 10 18386 12211 20 0
13172 14261 46 1 6418 22523 176 28
20385 8581 107 30 6184 7324 86 10
21681 11211 68 25 8120 10464 52 20
17246 21368 49 3 13172 18386 38 22
1001 14261 70 10 7324 12211 51 20
12569 16657 92 30 6418 11211 121 44
10237 8120 46 20 20385 20744 118 35
21681 22523 63 2 8581 6184 105 25
10464 18386 70 40 7324 12569 125 40
