16484 17156 32 2 21884 9110 24 0
5467 12731 32 20 16724 21382 83 20
9987 10130 55 23 6321 19786 72 22
6322 16333 11 2 10022 3888 79 8
16391 13233 89 20 11204 9986 110 22
20022 16759 134 45 10830 5125 76 23
14431 18619 42 20 641 21882 56 20
21498 10366 36 0 21922 21313 37 2
16333 21884 42 2 10130 21382 29 20
9987 5467 15 0 17156 13233 88 23
12731 16484 59 22 16759 11204 84 2
16724 20022 86 20 18619 9986 46 21
14431 19786 7 3 10366 16391 62 20
21313 6322 31 20 21882 6321 94 0
5125 10022 62 20 641 21922 28 2
3888 10830 176 50 21498 9110 13 0
11204 9987 43 3 18619 16333 33 20
16759 17156 83 0 16391 10130 65 23
21313 21884 2 0 20022 19786 96 5
21382 641 0 0 10366 9986 92 21
21922 6321 77 0 3888 16724 179 47
10830 16484 25 2 10022 14431 38 20
12731 21882 59 0 13233 21498 82 26
9110 6322 19 0 5125 5467 78 20
10366 16759 84 0 21884 18619 17 0
10130 3888 155 50 9986 21313 56 21
19786 10022 40 20 21382 17156 13 0
6321 641 88 25 12731 10830 107 43
11204 21882 39 3 5467 21922 70 26
9110 14431 36 13 16724 9987 71 2
16484 5125 61 2 16333 13233 83 26
16391 21498 33 0 6322 20022 101 20
3888 18619 74 27 17156 12731 58 20
9986 10830 34 20 5467 21884 51 20
10022 16724 98 44 10130 10366 65 23
21382 11204 15 3 5125 6321 110 20
21882 20022 119 25 16484 9987 51 4
21313 16391 44 20 9110 641 68 3
21498 16333 59 5 16759 14431 51 20
19786 21922 56 3 13233 6322 79 23
