22533 19198 16 0 14863 9887 63 33
22740 22031 24 2 22676 16321 49 20
20799 16326 46 30 22030 22082 17 4
22813 22675 2 0 16795 21936 56 5
16321 22472 47 0 22676 9887 26 10
16326 14863 46 20 22740 20799 55 10
22082 22533 55 0 22031 22813 7 2
22675 22030 9 0 22472 19198 52 0
16326 16795 54 40 21936 16321 55 14
9887 22813 40 10 22676 22740 30 2
22030 14863 28 3 22675 22031 28 2
22472 21936 52 5 22533 20799 73 30
19198 22082 43 0 16795 22676 7 0
9887 22675 35 10 22813 16326 7 0
22030 16321 12 0 14863 22533 57 20
22031 16795 28 2 20799 22472 35 10
19198 21936 82 0 22082 22740 12 2
22533 22676 24 20 22675 16326 22 0
9887 16795 32 10 22031 22030 44 3
22740 14863 28 2 22082 22472 39 0
22813 20799 59 10 16321 19198 91 20
21936 22676 78 25 9887 22030 38 0
