19453 4267 46 20 9225 21867 171 35
19796 15266 83 34 4115 7974 207 45
17223 16310 128 4 8680 4116 225 60
21180 6914 183 44 17322 14631 116 20
22672 10829 207 20 11353 20058 59 20
20293 8572 151 25 17223 8823 62 0
16310 21180 149 48 19453 15266 96 34
10829 8680 141 45 7974 4267 149 20
9225 8572 146 65 4116 6914 199 25
19796 20293 125 40 22672 17322 25 0
20058 4115 108 32 8823 14631 170 35
15266 11353 60 34 21867 8680 166 50
20293 10829 226 25 6914 19796 101 20
17223 22672 50 0 14631 19453 178 50
4267 4116 115 20 8823 21180 135 44
11353 9225 101 25 16310 17322 157 32
7974 21867 112 20 8572 20058 83 30
6914 22672 80 0 4115 8680 193 65
14631 15266 154 35 20293 9225 171 45
21180 19796 222 44 20058 17223 27 4
4115 4267 107 25 8572 11353 54 20
21867 8823 56 0 10829 16310 83 29
17322 19453 112 20 4116 7974 177 23
8680 14631 204 55 8572 19796 89 20
20058 16310 145 42 4267 20293 101 20
7974 9225 222 55 21180 22672 122 40
15266 17322 100 10 10829 17223 74 4
8823 19453 118 20 6914 11353 127 20
4116 4115 194 58 21867 20293 121 25
