16333 14431 85 30 10830 18619 35 23
16759 19786 81 20 5125 6321 35 0
3888 21382 43 20 10366 16391 34 0
6322 5467 10 0 9986 450 74 1
13233 10022 75 27 641 16484 66 26
9987 21313 9 0 17156 12731 51 20
21884 21882 20 0 20022 21922 124 2
16724 16759 130 40 9110 16333 49 23
10830 6321 155 43 21382 450 10 0
9986 19786 39 3 18619 16484 22 2
21313 10366 15 0 6322 13233 66 23
17156 20022 56 0 5467 14431 16 0
9110 9987 35 20 10022 21882 7 0
641 3888 135 45 21884 16724 33 2
12731 5125 54 25 16391 21922 37 2
21382 13233 52 20 16333 9986 77 3
16484 21313 44 2 5467 16759 82 20
18619 17156 61 0 6321 10366 53 0
6322 20022 74 0 19786 16724 20 0
14431 3888 70 25 12731 10022 100 20
5125 21884 20 0 9987 10830 104 23
21922 641 109 24 450 9110 13 0
16391 9986 47 20 21882 17156 32 3
5467 16724 58 20 13233 18619 77 27
21382 10022 47 0 19786 21313 11 0
10366 12731 97 25 21884 16484 61 2
10830 20022 156 43 3888 9110 53 20
16759 16391 65 0 641 9987 92 26
450 5125 52 20 21882 16333 55 2
21922 6322 76 22 6321 14431 102 23
16484 17156 47 4 16724 21382 30 0
10022 10830 142 3 10366 9986 30 3
16391 21884 110 0 19786 5467 28 0
12731 450 71 20 20022 16759 79 0
6321 16333 79 22 21313 641 88 24
14431 9110 23 0 13233 5125 112 27
18619 21882 5 0 3888 6322 77 45
9987 21382 20 3 21922 9986 106 2
