16912 18065 95 20 16910 12825 62 0
15021 18861 111 20 12978 16909 104 20
20258 17324 56 20 18064 9191 84 40
21843 22129 52 20 21722 16911 76 20
12857 18065 165 44 16909 16912 91 10
15021 16910 84 25 20258 18064 83 40
12825 21843 77 20 22129 12978 65 0
21722 12857 120 44 18861 17324 118 9
9191 16912 103 40 16911 15021 100 45
21843 16909 86 20 16910 20258 86 25
18861 22129 46 10 17324 18065 100 45
18064 12857 103 48 12978 9191 156 40
16911 12825 151 50 21722 15021 95 25
18861 20258 93 30 22129 16912 71 20
18065 18064 57 20 12857 21843 163 45
16911 12978 124 40 16910 17324 128 45
12825 21722 96 25 16909 9191 97 45
16912 18861 117 30 21843 18064 57 20
22129 16910 78 20 12857 15021 112 40
12978 20258 98 40 18065 21722 58 0
17324 16911 111 45 16909 12825 102 10
9191 16910 156 45 21843 18861 95 30
