20320 19298 53 20 19299 18253 108 25
3526 16287 37 20 21786 22427 12 0
11546 20319 87 20 13125 542 23 2
20406 9324 14 0 11770 12997 31 20
19299 5390 18 2 14917 21786 15 0
11546 3526 67 20 18253 20320 83 25
20319 22427 27 0 11770 9324 50 20
14917 12997 49 20 13125 19298 49 20
5390 542 43 2 16287 20406 32 20
21786 11770 113 20 18253 11546 141 45
13125 9324 40 30 3526 19299 40 20
5390 16287 26 2 19298 20319 48 20
12997 20406 42 20 22427 20320 5 0
542 11770 52 23 14917 3526 49 20
18253 21786 147 25 20319 13125 35 0
20406 22427 27 20 19298 11546 122 40
20320 14917 13 0 9324 16287 22 0
542 19299 32 3 12997 5390 34 3
21786 3526 40 20 19298 20406 84 40
18253 20319 155 25 22427 14917 10 0
16287 11546 68 20 12997 19299 6 0
11770 13125 75 20 20320 5390 9 3
9324 21786 54 20 542 18253 96 20
