12717 12820 37 2 19886 16597 106 20
12563 11312 20 2 13348 19887 57 0
22563 20350 29 0 11338 16377 99 20
12820 16597 134 25 19887 12563 64 2
11312 11338 36 2 16377 12717 152 25
13348 20350 44 0 22563 19886 18 0
11338 12563 80 12 11312 16597 110 25
12717 13348 75 0 20350 12820 39 0
19887 19886 61 0 16377 22563 64 25
13348 12820 40 0 16597 11338 118 20
19887 11312 75 13 19886 20350 29 0
12563 16377 66 20 22563 12717 55 0
19886 13348 41 2 11338 19887 113 10
20350 16377 68 20 12820 12563 71 2
16597 22563 125 20 12717 11312 29 2
16377 19886 128 25 12563 13348 48 2
12820 11338 38 0 11312 22563 50 3
16597 12717 133 25 20350 19887 75 10
