10368 5141 73 0 19563 17034 73 40
22804 13709 48 3 11344 11867 38 0
22009 16426 79 30 10355 21951 125 44
6974 17035 39 20 7242 11572 144 38
22814 11240 85 0 6973 18410 34 0
8866 22015 109 37 3638 5395 96 40
8825 14177 53 5 4266 4250 149 20
17025 21902 37 0 21901 7506 71 20
11572 17034 132 27 10355 11344 117 24
11240 6974 113 20 21951 19563 46 20
5395 22009 103 40 22814 5141 99 45
18410 3638 104 20 22804 10368 41 3
8825 21901 114 5 17035 6973 57 21
14177 21902 76 23 16426 8866 122 20
13709 4266 81 20 7506 7242 269 54
11867 17025 51 0 22015 4250 158 36
10368 22814 52 1 11572 21951 144 4
21901 11344 26 0 18410 22009 22 0
5395 19563 42 0 14177 22804 96 0
7506 6973 104 27 8866 5141 179 28
4266 17025 33 0 11240 3638 146 20
21902 22015 41 10 13709 17035 52 23
6974 10355 124 20 11867 8825 93 25
4250 7242 251 28 17034 16426 45 0
22009 11572 121 23 6973 19563 75 40
21951 18410 73 40 5141 4266 115 2
3638 17035 124 40 11344 14177 49 3
13709 8825 96 25 17025 8866 60 24
4250 22804 126 0 21902 6974 22 0
7506 16426 173 27 22015 10368 23 3
17034 11867 44 0 5395 11240 92 0
7242 21901 84 25 22814 10355 121 24
17035 8866 95 40 4266 22009 91 20
5141 11572 171 40 22804 17025 43 0
22015 6973 60 20 14177 6974 56 3
11344 5395 21 0 8825 7506 195 47
19563 22814 59 20 16426 13709 113 13
11867 18410 46 0 21902 7242 127 20
10355 11240 143 20 4250 10368 103 33
3638 21951 117 20 17034 21901 12 0
