22562 21833 82 3 17567 15282 57 21
19646 22270 46 3 10253 11822 15 0
15159 14360 177 50 22272 21866 62 3
15282 10253 87 21 19646 22562 103 2
21866 17567 3 2 11822 15159 123 25
14360 22272 115 28 21833 22270 22 3
15159 22562 104 28 11822 19646 45 0
22272 17567 13 3 15282 14360 160 28
21866 21833 5 0 10253 22270 68 0
14360 11822 90 5 15159 15282 193 42
22270 21866 15 0 22562 17567 71 2
21833 10253 17 0 22272 19646 79 5
22270 15282 59 3 21866 15159 141 25
19646 10253 27 3 17567 14360 154 25
22562 11822 52 3 21833 22272 33 3
