20741 18519 87 23 21233 4602 23 0
6407 4416 31 2 10518 13670 76 20
12798 22370 77 0 20316 22857 24 0
10973 18094 32 3 22371 16320 59 0
19918 22185 15 2 8295 6976 49 22
10971 16458 163 53 10902 20739 97 40
13388 15024 99 25 6221 15703 122 22
4008 21346 38 0 21321 3296 36 8
7615 21233 90 27 22370 22371 45 0
22185 18094 62 20 20741 20316 114 20
22857 16320 26 10 4416 19918 9 4
10973 12798 30 11 16458 6221 170 52
13670 13388 43 3 4008 6976 36 20
15024 21321 61 23 6407 10902 64 0
15703 21346 149 20 4602 7615 8 0
20739 8295 71 7 3296 18519 5 2
6221 10518 58 22 10971 18094 44 0
4008 21233 67 5 4416 10973 31 2
10902 13670 110 20 22185 22857 25 0
15024 4602 53 0 12798 16320 52 3
15703 20739 127 20 22370 21321 55 10
13388 18519 53 22 10518 19918 48 22
6976 7615 41 0 3296 6407 52 2
20316 22371 64 11 10971 8295 26 3
21346 20741 56 20 4416 16458 145 45
22185 21233 50 20 20739 15024 103 20
22857 21321 27 0 4602 10518 40 0
16320 6407 35 1 18519 4008 66 22
8295 22370 33 5 18094 13388 24 1
12798 10902 36 2 7615 20741 79 0
16458 3296 150 44 22371 13670 41 0
19918 20316 37 2 21346 6221 97 20
6976 10971 39 20 10973 15703 89 23
22857 4008 79 3 8295 15024 91 22
13388 6407 42 1 21233 12798 84 20
4602 10902 59 0 18094 4416 17 0
18519 22371 25 2 21346 22185 95 0
16320 10518 29 1 6976 16458 156 52
21321 19918 71 15 13670 10971 81 0
20739 7615 117 14 20316 10973 45 2
3296 6221 11 2 22370 20741 58 0
15703 4416 87 22 4008 22185 64 20
