19768 2827 152 32 9581 16582 144 44
20434 16072 152 20 2901 11528 119 29
5795 15830 156 27 21351 19921 220 50
5309 16447 81 7 11424 8300 127 29
731 18994 147 52 21836 7444 123 40
7105 21502 218 61 16461 22377 132 40
10195 14200 94 43 15707 8569 252 62
6078 21734 83 5 5064 16328 201 24
20428 6183 56 0 19410 21910 108 24
11528 11424 63 0 15830 9581 191 37
16582 16447 108 30 21836 16072 83 32
19921 16461 159 32 2827 731 129 27
19768 7105 304 72 10195 7444 86 20
21351 5064 201 60 22377 14200 204 40
18994 21734 105 0 21502 19410 114 27
15707 20428 138 7 5795 20434 271 46
21910 5309 209 62 16328 2901 101 44
8569 6078 169 50 6183 8300 151 50
19921 21836 204 61 11424 19768 146 44
7444 16582 63 41 16461 5064 261 61
7105 9581 245 48 21734 16072 30 0
10195 21351 120 20 731 20428 78 20
19410 2901 89 29 16447 5795 186 35
8569 22377 130 20 15830 20434 236 38
21910 15707 138 24 6078 2827 165 0
14200 6183 143 43 21502 5309 140 52
8300 16328 166 30 18994 11528 258 29
16461 21836 165 31 20428 21734 145 0
5064 9581 155 25 5795 10195 106 40
2901 21351 113 20 16582 8569 140 30
21910 731 140 50 11424 7105 209 60
2827 7444 125 24 22377 6183 122 40
11528 5309 179 52 19410 6078 179 44
15830 21502 174 57 16447 16328 139 24
14200 20434 225 43 19921 18994 168 24
8300 15707 194 32 16072 19768 169 44
5064 11424 214 44 2901 20428 24 0
8569 5795 183 40 21734 21910 59 20
9581 6078 124 5 21836 21351 199 44
11528 16447 198 40 6183 7105 105 48
16328 2827 167 48 20434 10195 184 64
8300 21502 177 55 7444 19921 96 25
22377 731 181 64 15707 16582 87 20
16072 19410 136 29 14200 15830 132 26
18994 19768 168 56 5309 16461 241 56
