9473 15886 34 5 9505 6645 49 0
9963 21883 4 2 16127 16630 108 45
15931 20782 50 2 10798 15672 32 0
21460 13178 29 0 16266 21772 51 0
6645 9473 79 26 9707 16127 115 45
10798 20782 0 0 15886 21883 127 37
15672 16266 63 5 21772 9505 36 0
9707 9963 63 20 15931 21460 30 20
16630 9473 18 0 13178 20782 20 0
16127 21883 65 22 9505 16266 61 0
21460 10798 4 0 6645 15672 86 5
21772 9707 50 20 15886 16630 106 30
9963 15931 29 2 9505 13178 57 20
15672 21460 5 2 21883 9473 2 2
16630 9707 29 20 16266 10798 65 20
16127 15886 196 30 13178 15931 41 2
21772 6645 73 0 20782 9963 58 11
21460 9505 57 2 16630 10798 23 2
13178 16127 81 25 15672 9707 45 5
16266 15886 202 0 9473 9963 22 2
21883 21772 12 2 6645 15931 96 6
20782 9505 73 5 16127 21460 63 8
