20763 22156 169 40 10773 13540 107 20
252 18209 151 20 22762 9219 104 20
9128 15374 135 22 22872 654 115 20
652 10847 189 0 3032 6527 67 25
15982 3351 21 2 8413 636 154 27
7093 17847 164 45 13181 22142 138 55
654 252 58 0 18209 10773 103 20
652 20763 47 0 9219 9128 147 23
3032 22872 127 30 13540 15982 54 40
22156 22142 151 45 10847 8413 173 44
636 13181 139 33 15374 6527 47 0
17847 22762 94 24 3351 7093 106 23
13540 9128 103 23 252 15982 148 40
10847 18209 119 27 20763 22872 86 0
15374 3032 127 5 22142 10773 119 45
9219 13181 124 20 3351 22156 101 23
654 7093 121 41 636 652 138 20
8413 22762 58 20 6527 17847 97 24
22142 22872 121 20 20763 252 61 0
9128 3351 74 5 18209 3032 90 25
15982 7093 70 3 22156 15374 168 20
6527 654 37 20 17847 9219 122 24
8413 13540 154 41 652 13181 159 35
22762 10773 52 0 636 10847 150 8
3351 252 109 27 15374 20763 156 40
22142 6527 96 25 18209 15982 69 20
17847 652 146 24 22872 22156 185 20
10773 9128 64 1 7093 8413 138 23
22762 3032 70 20 13181 654 87 25
9219 636 207 20 10847 13540 121 44
