13020 19671 76 24 5754 4360 128 40
8642 12099 138 45 10084 11187 40 0
16657 19804 120 34 21865 9828 63 40
12099 13020 48 20 8642 4360 151 30
5754 21865 82 20 9828 10084 84 20
19804 19671 131 44 11187 16657 66 10
4360 9828 73 24 21865 8642 171 25
19671 5754 87 20 19804 12099 73 4
16657 10084 149 30 13020 11187 15 0
21865 19804 48 4 19671 8642 123 34
10084 5754 134 20 4360 16657 79 30
11187 12099 14 0 9828 13020 51 20
10084 8642 125 50 16657 19671 90 14
11187 21865 135 0 12099 5754 112 40
4360 13020 79 20 9828 19804 103 24
