19922 12351 41 40 12515 16748 16 0
16790 21765 60 21 19389 8280 33 2
5667 10695 112 43 21977 16265 152 38
8400 16091 113 25 20108 16927 21 1
8280 20515 93 40 16748 19389 51 1
21765 21977 68 2 16790 12515 49 0
10695 19922 123 23 16927 8400 22 1
20515 16091 147 40 12351 5667 63 40
16265 16748 167 36 20108 21977 11 0
10695 8400 87 40 16790 8280 70 20
16091 21765 70 20 20515 19922 70 20
19389 16927 32 12 12515 16265 120 28
12351 20108 106 40 5667 16790 89 23
8280 21977 73 23 16091 19922 76 25
20515 12515 72 20 16265 8400 72 20
19389 12351 109 22 10695 20108 64 20
16927 16748 59 21 5667 21765 71 21
19922 16265 81 20 16091 16790 130 20
20108 12515 52 20 8280 10695 123 40
8400 5667 55 20 21765 19389 50 0
21977 16927 81 23 12351 20515 92 40
16748 16790 80 23 10695 16091 108 45
