16139 10974 74 3 7149 19772 91 20
10975 6934 44 10 12488 11241 44 0
19735 17036 63 24 18241 14498 38 0
12866 21480 41 3 21852 16102 30 0
19772 22261 33 0 11871 6934 12 10
10974 10975 17 0 14498 16139 56 26
21852 12488 62 20 16102 17036 41 0
21480 11871 21 2 19735 11241 29 0
18241 22261 91 40 7149 12866 93 23
17036 14498 82 23 6934 16139 135 36
19735 21852 53 4 10975 19772 26 2
11871 12488 92 22 10974 7149 36 0
11241 22261 47 4 18241 16102 97 20
12866 6934 31 13 10975 21480 13 3
7149 11871 95 20 14498 21852 26 0
16102 11241 10 0 16139 19735 100 23
17036 10974 90 23 22261 12866 33 7
19772 18241 47 20 21480 12488 101 24
16139 7149 110 23 6934 19735 95 34
16102 10975 38 3 11871 17036 87 23
11241 18241 76 20 21852 10974 12 0
22261 14498 47 0 19772 21480 12 0
12488 16139 115 40 12866 11871 13 3
6934 16102 39 0 10974 18241 69 23
21480 7149 55 3 17036 10975 86 23
12488 19735 111 44 22261 21852 48 20
14498 19772 22 0 11241 12866 20 2
