15886 9963 26 0 16127 22820 37 0
9707 17449 28 0 17628 14793 85 20
22411 6645 41 20 22819 18045 4 0
20782 22925 26 1 9963 16630 31 0
9707 17628 82 40 15886 22411 69 20
16630 16127 37 0 22819 17449 15 0
14793 22925 33 0 6645 20782 84 24
22820 15886 40 20 16630 18045 59 14
16127 9963 86 25 6645 9707 57 20
18045 22411 101 30 17449 22925 21 0
17628 22820 77 20 20782 22819 43 21
14793 16630 31 0 22411 16127 85 40
17449 6645 54 3 20782 15886 63 1
18045 14793 77 20 9963 17628 48 20
22820 22819 2 0 22925 9707 53 20
6645 9963 42 0 17628 16630 54 0
22925 22819 8 0 14793 15886 78 20
18045 20782 90 0 9707 16127 49 20
22411 17449 32 0 22820 9963 29 20
