11531 16204 97 22 17772 16668 37 0
11714 18092 94 25 11786 16220 39 0
6494 14015 153 28 15406 14933 14 0
15322 9855 112 23 5385 16646 92 30
9087 8529 141 45 5980 8513 120 46
15339 5618 110 32 13917 8733 36 10
22314 11855 145 26 8027 15229 145 20
11266 15344 65 0 13702 10477 212 38
16668 16220 118 44 15322 6494 88 22
11531 14933 113 25 9087 11714 130 25
9855 15406 79 23 18092 13917 62 20
8529 11855 147 33 8733 17772 41 10
15344 11786 25 0 16204 15339 68 2
13702 5980 170 47 8027 16646 178 43
10477 15229 151 20 8513 14015 105 35
11266 5385 143 33 5618 22314 101 8
6494 17772 46 24 11714 9855 122 33
14933 16668 62 20 15339 8529 40 5
16646 13917 108 0 11786 11531 81 0
10477 18092 110 28 8733 8027 138 33
22314 15406 31 0 8513 16204 113 25
16220 11266 162 44 5980 15229 119 23
5618 15322 99 24 11855 15344 180 41
14015 5385 99 44 13702 9087 160 59
16646 14933 97 0 17772 18092 25 0
8513 8027 185 58 6494 15339 95 52
5980 11714 142 33 10477 22314 136 25
8733 16668 95 30 15344 9855 108 43
11786 11266 78 0 14015 15322 59 14
11855 9087 193 41 16204 13917 88 26
15229 15406 90 20 5618 13702 202 51
5385 16220 141 54 11531 8529 80 20
16646 8733 105 15 22314 6494 90 24
14015 17772 50 4 15344 8027 139 3
9855 8513 172 46 14933 11855 202 61
15406 15339 66 20 11266 9087 124 0
18092 5980 119 48 15322 11531 92 25
15229 11786 82 0 16668 5385 127 40
16204 5618 75 22 16220 10477 164 49
13917 13702 128 33 8529 11714 89 20
