14524 15084 73 25 15524 15083 48 23
12900 10143 70 23 21822 20754 49 22
21354 12106 52 20 9626 21127 56 24
11339 21462 75 20 22123 12926 108 35
12927 20754 98 45 7904 15084 23 22
10143 9626 58 21 15083 12900 116 46
11339 21127 65 20 21462 14524 104 45
12926 21822 107 40 21354 12927 44 20
15524 22123 63 40 12106 7904 9 2
21127 12900 116 43 15083 11339 74 43
12926 14524 116 25 9626 21822 53 20
22123 12927 73 40 10143 15524 51 20
21462 21354 50 20 7904 20754 26 2
12106 21822 38 20 15084 11339 61 20
21127 15524 61 24 10143 12926 61 5
20754 22123 73 40 9626 14524 96 0
21354 7904 18 3 12900 15084 32 3
21462 15083 106 40 12927 12106 13 0
20754 15524 35 0 21822 21127 84 40
7904 9626 100 27 11339 10143 66 1
15084 15083 68 20 12926 21462 114 45
14524 12106 89 21 12927 12900 31 3
22123 11339 45 20 20754 21354 81 24
15083 12926 111 20 21822 7904 50 22
12900 9626 111 28 15524 21462 87 40
15084 12927 18 0 21127 22123 102 43
12106 10143 39 1 14524 21354 126 45
