14670 21615 62 23 21914 5960 175 52
16714 17104 46 30 10035 14015 42 10
21672 10805 106 43 20511 5386 159 45
13748 7238 100 26 7643 15358 157 56
10180 9020 127 25 13106 19925 105 21
11244 15229 168 35 22420 10538 137 40
15465 9933 115 35 19561 21453 196 32
8533 7031 87 24 20142 8646 181 40
16668 17064 102 30 20512 15447 48 0
7643 21672 226 67 14670 17104 80 40
10805 13106 77 20 15358 21914 118 40
14015 21615 38 1 10180 13748 145 43
19925 5386 221 51 15229 16714 107 33
10035 8533 131 20 15465 20511 170 44
21453 17064 83 4 22420 8646 97 20
9020 20142 100 20 15447 10538 77 20
5960 19561 205 61 7031 16668 34 0
20512 9933 16 0 7238 11244 101 28
21615 15358 84 30 5386 17104 112 45
19925 14015 45 21 8533 10805 88 20
15229 13748 121 33 17064 15465 140 35
10538 21453 52 0 21672 10180 146 45
21914 22420 86 23 7031 7643 178 60
5960 20512 109 20 9020 10035 44 0
20142 13106 147 40 9933 14670 70 27
20511 7238 56 6 8646 16668 32 0
16714 19561 148 33 11244 15447 87 30
15358 19925 132 21 17064 21672 86 35
22420 10180 171 40 17104 8533 75 20
5386 21453 147 20 14015 9020 21 0
5960 15465 185 38 10538 13106 100 20
16668 10035 27 0 10805 20142 91 20
8646 7643 215 56 21615 11244 53 10
16714 21914 160 36 9933 20511 109 38
15447 7031 102 44 7238 15229 138 40
13748 14670 67 33 19561 20512 155 36
9020 15358 116 40 15465 22420 24 20
17104 19925 117 41 21453 16668 80 40
5386 11244 191 50 17064 5960 83 0
8646 21672 179 59 9933 14015 53 14
10538 10805 73 20 7238 16714 107 36
7643 20511 165 56 13106 20512 76 20
15447 8533 38 0 21914 13748 86 36
20142 19561 201 60 21615 15229 117 20
7031 10180 192 49 14670 10035 137 40
