18759 12636 107 40 15887 248 60 23
247 9244 25 2 7026 13048 176 45
18760 13107 87 40 11456 13105 125 25
13103 18757 84 25 10603 15891 83 20
15762 207 71 20 18758 15715 47 40
10243 12309 40 22 4328 3777 41 0
13105 13107 63 40 18759 247 126 40
18757 15887 70 25 9244 18760 62 20
12636 7026 122 40 207 13103 105 40
3777 18758 57 20 4328 10603 8 2
13048 15715 65 0 248 10243 85 20
11456 15891 124 20 12309 15762 313 3
18757 18759 74 40 7026 207 146 25
13105 12636 82 40 9244 18758 36 2
13107 13103 92 40 3777 13048 89 20
18760 12309 74 23 10603 15715 73 22
247 15762 8 0 15887 10243 80 21
15891 4328 33 1 248 11456 190 45
13105 18758 60 0 13048 18757 114 25
18759 9244 74 22 12309 13103 137 22
13107 10603 53 23 10243 7026 48 20
248 4328 65 20 15762 18760 41 20
12636 11456 151 45 15715 247 38 0
15887 207 108 21 15891 3777 81 21
18758 10243 63 40 13103 18759 89 40
7026 248 144 20 12309 13105 63 27
15715 9244 15 0 13107 4328 73 20
15762 3777 16 0 12636 18757 136 45
13048 15887 191 21 11456 10603 126 33
18760 247 84 40 207 15891 124 41
