20317 16284 102 19 18386 11781 41 0
9952 16892 29 5 10464 22448 23 0
5040 6133 101 30 4969 16414 122 0
8719 7136 143 25 20104 17978 120 25
16749 12768 59 0 20322 22564 51 3
18275 12056 145 22 20317 14365 113 22
6133 11781 161 35 22448 7136 83 23
20104 16892 66 0 16284 16749 103 14
14365 4969 107 0 20322 18386 54 2
22564 10464 40 0 8719 5040 113 20
18275 9952 165 35 12768 17978 82 5
12056 22448 29 0 16414 16749 36 0
20322 6133 110 27 5040 20317 107 25
17978 16284 112 17 14365 22564 131 20
11781 10464 54 0 20104 4969 87 0
16892 12768 31 5 7136 12056 87 23
16414 18275 108 25 18386 8719 78 5
9952 20104 79 10 6133 20317 105 0
12056 11781 11 0 5040 17978 195 30
22564 4969 72 0 16892 18275 135 40
14365 16414 70 0 10464 12768 25 0
22448 20322 61 22 16284 8719 41 0
18386 7136 147 43 16749 9952 80 22
5040 20104 50 0 16892 14365 106 25
10464 20322 40 2 18275 6133 133 5
17978 18386 126 25 12768 22448 20 0
20317 16414 46 2 7136 22564 153 23
4969 16284 123 10 9952 12056 74 5
8719 16749 180 35 11781 14365 57 0
7136 5040 191 53 22448 18275 77 0
22564 18386 46 0 12056 20104 28 0
17978 8719 123 35 6133 16892 100 20
16749 20317 44 5 4969 10464 98 20
16414 9952 79 0 11781 20322 38 3
12768 6133 157 25 16284 5040 123 15
