13028 20512 15 0 7255 10735 71 24
17711 22888 4 0 14379 7305 28 0
23164 14015 64 4 22918 21615 93 3
19770 20511 88 44 10136 22601 107 35
15397 7360 60 2 15547 22889 76 3
5559 10137 25 0 14776 21537 58 20
23026 7255 27 0 14015 22805 52 14
14379 19770 23 0 13028 22918 20 0
15547 7305 35 0 20511 21615 64 23
23164 5559 45 0 20512 17711 39 20
10136 10735 126 30 7360 14776 12 0
10137 22805 25 20 22889 22601 8 0
15397 22888 22 0 21537 23026 59 20
17711 13028 15 0 20511 14015 108 24
7255 5559 102 24 19770 15547 60 3
22601 22918 52 10 7305 7360 10 0
21615 10137 58 1 22888 20512 55 20
14776 15397 30 2 22805 14379 25 0
21537 22889 24 3 23164 10136 98 30
10735 15547 76 20 23026 17711 3 0
7255 20511 126 48 10137 7360 15 0
20512 14015 104 34 7305 14776 12 0
22889 22918 19 3 22888 5559 64 20
13028 21615 37 2 10136 15397 107 17
22805 21537 62 20 10735 19770 96 40
14379 23026 27 0 22601 23164 45 0
17711 14776 12 0 22918 7255 73 24
14015 10136 138 24 15547 10137 39 0
7305 13028 15 0 5559 22805 31 0
7360 14379 10 0 21615 21537 95 3
22888 20511 57 24 10735 23164 39 0
23026 22889 4 2 20512 19770 79 20
22601 17711 23 3 15397 14015 84 2
