15668 8699 37 20 22984 18221 153 45
7034 4286 111 23 9650 22803 89 20
12377 16008 128 52 20189 130 101 20
13965 18978 57 0 18843 20301 87 3
10820 4774 54 22 21503 22984 96 44
16008 20189 125 36 22803 18221 82 20
8699 9650 52 0 18978 12377 56 20
130 18843 123 20 15668 21503 73 24
4774 4286 51 2 20301 10820 93 23
13965 22984 135 40 7034 16008 140 30
8699 18843 43 20 130 22803 76 0
21503 12377 70 40 4286 15668 79 0
18221 9650 45 20 4774 13965 107 23
7034 18978 52 20 10820 20189 130 20
20301 21503 53 2 16008 8699 115 25
4774 22803 48 2 13965 15668 70 20
9650 10820 128 30 18843 20189 106 23
18221 7034 165 40 12377 20301 76 22
22984 130 154 45 18978 4286 89 2
10820 15668 62 20 16008 9650 65 36
18843 7034 80 40 8699 4774 82 22
22803 18978 18 0 18221 21503 149 43
20301 22984 121 22 130 12377 134 40
20189 13965 121 43 4286 8699 52 3
