3804 16439 131 0 18305 22682 30 5
19832 20005 45 4 7039 8644 154 15
293 16537 114 25 9803 20241 14 0
3116 15371 21 6 17824 17150 36 2
8095 19969 59 7 16067 13389 20 0
7278 16537 129 20 19941 8644 184 27
18305 3116 37 20 7039 293 94 20
3804 9803 27 0 19832 8095 71 22
7278 17824 15 2 20241 16067 8 0
19969 15371 44 2 20005 22682 29 2
16439 19941 80 20 13389 17150 13 0
16067 7278 28 0 7039 9803 14 0
3804 8644 227 50 19969 3116 0 0
19832 16537 79 22 16439 8095 181 75
22682 293 54 0 17824 19941 86 23
17150 18305 35 0 20005 20241 28 2
13389 7278 36 0 15371 3804 51 2
19969 17824 35 2 16537 7039 135 25
22682 17150 4 0 8644 9803 194 50
16439 20005 136 22 293 16067 114 20
20241 13389 15 0 3116 19832 39 2
19941 8095 148 47 15371 18305 45 6
17150 16067 38 20 16537 3804 151 45
293 19969 48 0 7278 19832 27 2
7039 20241 47 0 15371 16439 104 2
8644 17824 157 27 18305 13389 43 20
9803 19941 62 24 3116 20005 12 3
22682 7039 56 20 8095 7278 27 20
