10874 16557 7 0 4890 5573 3 2
10582 11180 69 20 10553 8405 13 0
3774 10785 20 0 16953 3415 10 0
18051 4890 67 20 11180 10553 69 10
16557 16953 35 0 10874 10582 22 20
3415 3774 5 0 8405 18051 71 20
10785 10582 40 4 5573 11180 101 16
10874 3415 20 2 3774 16557 2 0
8405 16953 60 22 5573 18051 78 27
10785 10553 67 24 4890 3774 60 20
8405 11180 120 30 16953 10874 59 20
18051 10553 53 20 16557 10785 36 4
5573 10582 17 2 3415 4890 74 20
16557 8405 24 20 11180 10785 88 17
3774 10874 11 0 10582 18051 86 25
16953 5573 33 4 10553 3415 31 22
4890 16557 48 20 3774 8405 68 20
10553 10874 48 20 10785 3415 34 6
10582 4890 87 40 18051 16953 84 20
3415 5573 40 2 11180 3774 31 14
