15321 6199 14 0 12682 5199 70 0
6200 22139 30 20 16971 19575 12 0
5037 18255 73 0 13193 16033 159 9
17023 8907 116 6 12682 6198 61 23
22139 16971 10 0 13193 15321 52 22
8907 5199 47 4 16033 6200 39 20
19575 6199 29 0 17023 18255 146 50
6198 22139 7 0 5037 6200 90 40
13193 12682 92 0 19575 16033 39 0
18255 6198 124 30 5199 15321 20 2
16971 5037 83 20 17023 6199 66 0
8907 12682 108 6 22139 18255 145 30
16033 17023 96 20 6200 15321 57 22
6199 13193 99 24 6198 8907 131 26
5037 19575 44 0 5199 16971 24 0
13193 6200 70 24 6199 12682 51 3
18255 16033 119 30 6198 16971 6 0
15321 19575 6 0 8907 5037 115 44
5199 17023 124 20 22139 13193 62 24
