12995 20172 118 35 10458 12020 16 2
17005 7482 19 2 11127 4327 49 0
9785 21915 98 23 14750 12961 4 0
11127 17005 22 2 8678 10458 18 4
7482 12961 26 0 12020 12995 84 20
4327 8678 53 22 20172 14750 31 10
9785 7482 88 0 17005 21915 18 2
11127 12995 117 25 14750 4327 47 20
21915 10458 8 5 12020 8678 6 0
12961 9785 39 0 20172 11127 104 30
8678 14750 12 2 12020 7482 10 0
12961 10458 33 2 4327 9785 49 5
21915 20172 57 3 12995 17005 98 30
4327 12020 78 20 9785 11127 126 20
10458 20172 58 2 7482 14750 74 0
8678 17005 38 2 12961 12995 127 28
11127 12020 57 3 21915 4327 53 0
