13293 11124 46 20 7251 12853 74 20
6983 13048 32 2 15891 12309 94 20
207 13615 192 40 251 4328 57 0
15762 20848 81 20 15147 13617 95 22
15887 4215 138 34 13970 19477 68 20
7251 15715 70 20 251 6983 51 9
15891 15762 190 1 12853 20848 20 0
12309 4328 43 2 13617 13970 67 20
15715 15887 123 20 13615 13293 130 40
207 13048 93 2 4215 15147 89 24
19477 251 107 22 11124 15762 22 2
15887 13617 119 20 6983 12853 27 2
207 4215 130 24 15891 7251 159 41
20848 13970 71 20 13048 15715 83 20
13293 15147 52 22 4328 19477 86 20
11124 13615 96 22 12309 4215 146 39
13970 6983 87 7 15762 207 134 45
13617 251 43 2 13048 13293 104 20
12853 12309 67 4 15147 15715 128 0
4328 15891 54 21 11124 15887 12 2
19477 7251 163 40 20848 13615 134 40
12853 13293 26 0 4215 6983 147 39
15715 13617 71 0 207 11124 92 27
4328 7251 77 20 15762 13048 147 40
13970 15147 67 20 13615 15891 181 21
12309 251 80 3 20848 15887 62 20
19477 12853 91 20 13617 207 152 40
