21856 22234 28 2 19428 22329 28 0
17251 4921 5 0 10676 17461 0 0
4894 5891 7 0 13788 18318 27 3
15592 19433 33 0 18990 4859 21 3
19428 4895 8 0 13825 10676 8 0
18318 17461 18 2 21856 13788 61 20
22234 19433 12 0 15592 4894 18 2
4859 22329 40 0 4895 17251 18 0
13825 18990 17 0 5891 4921 9 0
15592 10676 24 2 4894 21856 50 20
18318 19428 18 2 19433 4895 31 0
5891 22234 5 2 17461 4859 27 3
13788 13825 18 2 18990 17251 40 0
22329 4894 27 0 4921 19428 68 20
10676 18318 18 3 4859 15592 32 2
21856 17251 57 20 19433 5891 11 0
13825 17461 12 2 22329 18990 42 0
4895 13788 16 0 4921 22234 59 3
19428 15592 37 4 17251 5891 13 0
4859 21856 62 20 4894 13825 19 0
10676 19433 29 3 22329 13788 38 0
18990 4921 37 0 22234 18318 22 3
17461 15592 14 2 4895 4894 14 0
