6559 21336 65 22 15324 20021 10 0
17077 19800 7 0 5971 15109 9 0
11186 21379 48 23 13601 5604 20 20
20021 17077 43 0 15109 15324 40 0
21336 5604 81 20 19800 13601 37 0
21379 5971 27 0 6559 11186 74 3
21336 13601 83 0 15109 17077 14 0
20021 11186 62 20 6559 19800 57 2
5604 5971 29 0 15324 21379 72 2
17077 11186 37 10 20021 21336 102 20
19800 15324 60 0 13601 21379 50 20
5604 15109 42 0 5971 6559 19 2
15324 17077 45 3 11186 19800 78 20
15109 20021 16 0 21379 5604 44 20
13601 6559 61 23 21336 5971 101 10
19800 15109 17 0 11186 15324 76 26
21379 6559 48 3 17077 21336 47 20
5971 13601 57 0 5604 20021 53 23
