99999 252 58 0 15374 13540 47 0
149 15747 10 0 701 8413 7 0
6527 13181 33 2 17847 22671 14 2
16008 18209 60 20 9219 636 61 2
3032 15982 43 20 15374 10847 42 0
13540 15747 4 0 13181 149 7 3
6527 16008 83 20 8413 252 35 20
9219 10847 41 20 22671 99999 5 0
636 17847 52 3 701 15982 34 20
3032 252 44 21 18209 15747 5 0
10847 6527 27 1 9219 13540 14 0
22671 701 19 0 16008 15374 104 5
15982 18209 24 2 13181 99999 30 0
8413 17847 9 2 636 3032 30 0
149 15374 36 0 6527 9219 53 0
15747 16008 75 20 15982 10847 7 3
17847 13540 24 3 8413 18209 9 0
636 22671 46 3 252 149 64 21
701 13181 43 0 3032 99999 26 0
9219 15374 58 0 15747 17847 41 3
13540 8413 8 0 15982 22671 45 2
10847 701 21 1 18209 6527 18 0
99999 149 15 0 16008 3032 81 20
252 636 119 23 13181 9219 52 21
