14361 22394 100 35 7797 16525 99 20
4546 19852 114 20 19591 19853 64 40
19380 6990 47 0 18886 6299 91 0
19746 11503 150 12 12596 17264 58 20
12670 16311 191 44 21893 7064 7 0
21438 14363 93 20 11093 21323 230 56
20240 17315 30 20 20716 5628 170 25
18884 21432 1 0 17113 7079 116 41
7797 3781 105 20 9527 6299 207 66
7064 18886 7 1 19591 12596 89 20
4546 17264 46 20 14363 19380 131 0
22394 21438 65 20 20716 19746 332 59
19852 18884 74 0 12670 14361 178 55
9527 16525 95 22 19853 16311 60 24
7079 17315 182 44 11503 6990 44 20
21432 21323 90 23 3781 20240 137 40
11093 17113 87 11 5628 21893 36 0
4546 20716 123 20 6299 12670 130 40
18884 7797 29 20 17264 21438 113 20
6990 14363 81 0 22394 7064 7 0
16311 17315 138 24 19852 3781 139 25
19380 19746 187 46 21432 19853 36 20
19591 17113 106 41 21323 11503 86 30
5628 14361 102 25 7079 9527 114 24
18886 21893 63 1 16525 20240 59 23
12596 19852 89 25 6299 11093 129 4
19853 20716 129 20 18884 6990 32 0
11503 12670 65 20 14363 7797 80 20
21438 19591 155 20 16311 7079 83 24
17264 18886 33 1 14361 21432 135 10
16525 11093 118 21 17315 19380 43 20
17113 12596 70 41 20240 4546 38 20
3781 5628 160 49 19746 7064 151 41
21323 9527 200 50 22394 21893 4 0
19853 18886 54 1 12670 21438 138 40
6299 21432 101 24 17315 19591 70 20
6990 4546 83 20 11093 14361 216 58
7797 20240 125 40 19852 19746 194 41
7079 12596 80 20 21323 16525 101 30
21893 14363 36 0 3781 18884 66 0
19380 9527 106 50 17113 20716 146 40
5628 17264 47 25 16311 22394 102 24
7064 6299 82 23 11503 4546 77 20
