14835 12767 95 20 19816 2844 38 20
22076 14855 30 20 18312 12841 80 28
22256 22257 19 0 22258 11980 143 25
18445 14835 74 25 14855 12841 76 32
22258 18312 17 2 12767 11980 119 40
2844 22256 55 20 18445 22076 24 0
19816 12767 76 20 22257 14855 20 0
22256 18312 51 0 2844 14835 134 45
22258 18445 31 2 22257 22076 45 20
11980 19816 54 25 12841 2844 149 45
22257 22258 31 2 14835 18312 112 20
12841 18445 56 4 12767 22256 118 20
22076 11980 84 20 14855 19816 13 0
12841 22257 63 24 2844 22258 91 33
18312 19816 11 2 22256 18445 23 0
22076 12767 87 40 11980 14835 120 50
14855 2844 38 0 22256 22258 41 2
