10803 14033 12 0 12303 14939 61 21
14938 15719 5 3 12459 21522 68 23
14936 14944 13 4 14947 14937 67 3
14941 12294 88 22 14946 15719 6 3
10803 21522 56 3 14947 14033 16 3
14946 14944 20 4 14939 14938 30 3
14936 12459 33 13 12294 12303 73 10
14937 14939 60 3 14941 21522 41 23
15719 10803 9 1 14946 14936 18 3
14033 14937 47 5 12294 12459 105 30
14944 14938 37 4 14941 12303 32 3
14947 12459 20 3 14939 14946 36 3
21522 12294 137 25 14944 10803 11 2
14938 14941 11 3 14033 14936 18 0
12303 14947 37 10 15719 14937 50 3
14944 14941 20 4 12459 10803 43 3
14937 14946 84 6 15719 14033 5 3
14939 14947 44 3 14938 12294 35 20
12303 14936 33 3 21522 14946 74 23
