12032 5911 41 0 22361 20725 2 0
14913 21911 18 0 13948 15450 76 0
17364 5470 17 0 16699 19851 11 0
11720 21911 21 0 22361 21581 10 0
15450 12032 5 0 16699 5470 58 20
5911 19851 24 0 14913 11720 80 20
21581 20725 18 0 17364 13948 35 0
11720 16699 34 0 5911 21911 22 0
5470 22361 47 0 17364 14913 11 0
20725 13948 37 0 19851 15450 35 0
12032 16699 117 25 21581 14913 14 0
15450 17364 41 10 11720 5911 18 0
21911 21581 43 0 5470 20725 54 0
19851 13948 84 10 12032 22361 76 20
16699 14913 25 0 20725 11720 97 0
5911 17364 17 0 21911 12032 33 5
19851 22361 21 0 15450 21581 47 10
13948 11720 52 0 5470 5911 42 0
