21948 5126 83 20 7332 18050 74 0
14375 21311 35 0 6025 15071 59 2
19368 10599 102 23 13186 3738 104 30
10069 13416 57 23 6546 21746 44 0
8887 21948 3 0 5126 21311 213 50
3738 19368 148 26 6025 18050 97 3
21746 13186 93 5 6546 15071 54 2
7332 14375 61 3 8887 10069 45 3
5126 13416 105 40 10599 21311 69 0
19368 6025 161 26 21948 21746 35 10
7332 6546 47 0 14375 3738 63 10
10599 18050 85 2 15071 8887 35 3
10069 13186 140 23 13416 21948 39 0
19368 21746 230 26 14375 5126 97 20
6546 6025 63 20 7332 10599 58 2
3738 15071 56 0 13416 8887 63 20
18050 13186 121 7 21311 10069 60 25
21746 14375 25 0 10599 21948 67 0
15071 13416 31 22 19368 7332 136 8
10069 5126 53 3 3738 6025 115 30
18050 8887 61 2 13186 6546 83 25
21311 19368 154 48 21746 7332 43 0
