17039 21859 70 20 15301 10721 21 0
11729 10645 118 40 19382 8511 26 0
9895 19383 35 0 11618 10644 121 49
11617 15301 13 10 15555 19382 91 25
8511 10645 71 23 11618 10721 106 21
9895 10644 85 23 15555 17039 111 28
19383 11729 25 0 21859 11617 84 30
15301 15555 111 28 9895 8511 61 11
10644 11617 156 38 10721 10645 45 20
17039 11618 57 23 19382 21859 68 20
19383 10721 8 0 15301 11729 16 0
10644 19382 69 28 21859 8511 54 20
9895 11618 28 1 11729 11617 34 0
10645 15555 144 49 19383 17039 18 0
11618 11729 32 21 10644 15301 98 23
10721 19382 14 0 15555 9895 119 48
8511 17039 52 3 11617 19383 37 10
21859 15301 59 20 10645 9895 128 28
