21377 14734 66 20 14212 20712 172 50
12282 11997 93 20 20701 4782 109 20
11943 22204 39 0 3922 20233 10 0
6051 14712 49 20 22518 4781 63 0
14156 17253 81 40 22335 19426 42 12
13368 8365 96 10 10539 3006 91 20
10639 21377 19 0 9371 22437 113 45
11997 11943 118 20 20712 6051 31 0
20233 14212 87 40 22518 20701 86 20
22335 4782 101 22 3922 8365 149 5
14734 13368 102 10 9371 19426 104 25
12282 10639 120 40 3006 14712 102 20
22437 22204 88 20 17253 4781 51 20
14156 20712 100 20 10539 20233 102 20
22335 11997 101 12 13368 14212 209 70
19426 11943 177 20 3006 22518 45 0
14734 14712 83 40 22437 3922 79 0
9371 10539 112 20 22204 12282 86 20
8365 20701 120 20 21377 14156 91 22
4782 17253 80 40 6051 10639 78 20
4781 22335 83 10 11943 14734 57 20
22204 20712 59 20 14712 13368 73 40
22437 22518 146 40 11997 14156 89 20
8365 6051 169 45 14212 12282 160 50
3922 3006 76 20 17253 21377 44 22
4781 9371 87 20 20233 4782 97 30
10539 20701 135 25 10639 19426 73 20
14156 13368 72 0 11943 12282 140 40
21377 6051 67 22 22204 22335 67 0
3006 14212 151 60 4782 22437 153 40
19426 3922 93 0 20712 4781 107 20
22518 17253 70 20 14734 10539 158 20
20233 10639 86 30 8365 11997 200 45
20701 9371 131 49 14712 22335 154 20
