18908 20776 47 0 22513 4848 73 20
15359 8284 140 48 4849 22514 9 0
15221 12313 49 0 22087 6892 81 24
8284 22514 100 24 4848 20776 78 0
15359 22513 58 20 12313 22087 56 20
4849 18908 62 0 15221 6892 89 25
22514 12313 85 20 8284 22513 79 20
22087 4848 81 22 6892 4849 138 49
18908 15221 40 2 20776 15359 98 24
8284 6892 147 48 22513 4849 48 20
20776 12313 120 20 18908 22087 56 0
4848 22514 97 22 15359 15221 68 24
22513 20776 30 0 12313 4849 139 40
22087 15221 35 0 4848 8284 147 46
6892 18908 131 29 22514 15359 106 24
15221 4848 100 22 12313 22513 80 20
6892 15359 137 28 20776 8284 55 24
4849 22087 78 25 22514 18908 48 2
