11978 16412 6 2 4705 11030 41 2
13811 14445 17 2 17658 9161 32 22
6566 20313 11 2 18072 20325 116 20
13472 9161 84 40 11978 4705 34 2
16412 13811 52 20 20313 20325 122 22
6566 17658 22 2 13472 11030 54 4
18072 16412 74 10 14445 11978 26 3
13811 4705 29 2 6566 13472 48 0
20325 11030 127 20 14445 18072 32 0
9161 11978 53 20 20313 17658 21 0
16412 14445 47 20 13472 13811 53 20
6566 20325 52 20 4705 17658 21 2
11030 18072 55 2 9161 20313 43 0
20325 4705 130 20 11978 13811 29 3
9161 14445 84 20 16412 6566 48 23
17658 13472 57 6 18072 20313 61 0
11030 11978 32 12 13811 6566 70 5
17658 18072 58 2 4705 16412 58 20
20325 13472 72 20 11030 9161 37 20
20313 4705 40 0 14445 6566 29 0
