8531 7689 73 20 16355 17181 54 10
20225 13019 39 20 16734 14757 115 25
14066 22134 29 0 14638 18954 31 0
17155 20225 86 25 7693 8531 126 45
14638 16734 68 20 18954 16355 33 0
13019 7693 106 45 17181 22134 75 30
14757 14066 78 20 17155 7689 56 20
20225 14638 48 20 8531 13019 104 40
17155 14757 116 43 22134 16355 45 20
18954 16734 55 0 7689 7693 77 20
14066 16355 31 0 20225 17181 24 0
7689 18954 69 0 13019 17155 95 40
22134 8531 92 40 14066 16734 47 0
17181 7693 70 25 14757 14638 113 40
22134 7689 59 20 8531 20225 89 35
16355 13019 54 20 7693 14066 91 20
17181 14638 94 20 16734 17155 96 7
14757 20225 99 23 18954 8531 71 20
