16449 18275 90 10 21874 4969 121 20
12768 16749 47 0 3311 10084 62 6
4537 8719 79 30 22564 20104 41 0
7136 5040 165 8 20322 14365 10 0
12056 9952 29 0 6133 10851 195 45
16892 16414 52 0 4969 6085 107 0
21874 5040 121 3 20104 3311 33 0
22564 7136 95 3 18275 16749 34 7
6133 6085 118 20 8719 20322 59 20
14365 10084 73 4 12056 4537 13 0
16892 12768 44 20 16449 10851 118 0
9952 18275 56 20 16414 5040 100 5
6085 14365 84 25 10084 21874 161 4
22564 6133 105 25 12768 4969 81 20
9952 7136 69 3 8719 16892 56 25
16749 20104 47 0 16449 12056 29 0
3311 20322 36 0 10851 16414 75 20
4537 9952 88 0 18275 6085 115 5
16749 4969 108 20 5040 8719 114 20
10084 22564 44 4 10851 21874 49 2
6133 3311 130 25 7136 16449 83 3
20104 16414 51 0 14365 12768 90 5
4537 20322 63 0 12056 16892 7 0
3311 16449 78 0 9952 22564 48 0
10851 14365 81 20 6085 16749 37 0
5040 16892 109 5 10084 6133 154 45
21874 8719 147 35 16414 12056 67 0
4969 4537 116 0 7136 12768 120 43
20322 20104 24 0 18275 10084 64 25
6085 12056 65 0 5040 22564 126 5
16414 6133 130 25 16749 4537 45 20
14365 18275 119 25 16892 3311 40 0
20104 10851 47 0 4969 7136 135 43
12768 21874 65 5 20322 9952 38 0
10084 16449 129 0 8719 14365 99 29
