7417 7164 72 20 8818 7407 106 20
14461 7120 88 10 17204 13375 57 0
17384 6942 155 40 10738 4017 107 5
124 12382 79 25 3540 10696 93 30
22942 21605 78 3 4137 8110 147 24
16145 8109 34 20 5477 8013 146 40
4017 7407 90 40 7120 8818 131 10
10696 17204 52 30 7164 10738 197 55
14461 17384 66 0 124 4137 72 29
8013 6942 87 0 13375 21605 136 43
8109 5477 95 20 12382 22942 115 25
7417 3540 26 0 8110 16145 73 0
17384 4137 121 44 7120 7164 60 20
21605 10738 217 60 7407 124 67 20
13375 8818 64 24 8109 10696 133 0
8013 3540 105 20 22942 4017 149 50
8110 7417 84 0 17204 5477 128 20
12382 6942 122 45 16145 14461 140 35
7120 10696 88 20 21605 8109 176 3
8818 10738 188 45 4137 8013 170 24
5477 7407 93 20 17384 3540 59 20
13375 4017 147 50 12382 7417 98 40
7164 8110 45 20 6942 14461 96 14
124 16145 85 20 17204 22942 93 20
3540 8818 118 20 21605 17384 120 23
4017 4137 155 54 10696 5477 127 20
8110 12382 138 25 8013 7120 96 0
7164 124 98 20 16145 13375 90 40
10738 22942 219 60 14461 7417 84 35
7407 17204 15 0 6942 8109 84 0
