8813 10082 46 40 6545 12863 13 2
7196 6093 50 20 7400 11721 86 20
8588 6603 58 20 11142 18482 43 20
6545 10082 30 20 11721 7196 59 20
6603 7400 105 22 12863 8588 58 2
6093 11142 31 0 18482 8813 23 0
11721 6545 18 0 6603 12863 36 3
7400 18482 82 20 10082 11142 22 0
7196 8588 86 20 8813 6093 53 25
11721 18482 31 0 7400 6545 69 20
12863 10082 16 0 8588 6093 25 0
6603 11142 14 2 7196 8813 51 20
18482 6545 35 2 8588 11721 29 0
6093 12863 19 2 11142 7196 91 22
8813 6603 31 2 10082 7400 77 40
12863 7196 105 22 18482 8588 27 3
11142 8813 21 2 10082 11721 64 2
6093 7400 67 20 6545 6603 36 3
