19639 18271 35 21 16306 13223 146 45
21663 16247 107 14 13217 6165 106 44
14663 21316 83 20 524 14259 159 20
17835 13274 26 0 20791 7175 33 0
19639 6165 132 52 18271 13217 90 20
13223 524 131 25 14259 21663 227 52
21316 20791 59 0 16247 7175 39 10
13274 14663 81 0 17835 16306 70 20
13217 524 88 20 14259 18271 163 50
20791 21663 43 3 7175 19639 72 20
6165 16306 194 36 21316 17835 60 20
14663 16247 68 10 13274 13223 80 20
14259 20791 147 45 21663 19639 81 23
7175 16306 50 0 6165 524 173 36
16247 18271 98 10 14663 17835 6 0
13223 13217 150 50 21316 13274 79 0
16306 14259 161 50 20791 6165 158 48
16247 17835 60 14 524 19639 73 20
18271 13274 29 2 21663 21316 112 23
7175 13217 105 20 13223 14663 84 20
