9838 7163 46 5 8638 20375 33 2
18577 13806 78 0 11354 14671 27 0
5044 14177 63 0 21372 16505 48 2
19590 9838 37 2 18575 19588 9 0
14671 8638 38 0 11354 21372 81 28
13806 20375 41 0 18575 5044 18 0
7163 19588 28 0 16505 18577 60 3
8638 19590 66 2 14671 14177 28 3
7163 16505 76 0 13806 9838 92 1
18575 21372 10 0 19588 11354 91 31
20375 5044 6 0 19590 18577 41 0
14177 18575 51 3 7163 14671 55 6
16505 11354 94 8 20375 19590 29 0
19588 8638 51 2 5044 13806 32 0
14177 21372 84 3 9838 18577 41 2
19588 14671 23 3 20375 7163 68 0
18577 8638 25 3 16505 18575 64 2
5044 11354 72 5 14177 9838 80 2
21372 19590 51 0 13806 7163 105 0
