6382 5115 61 20 17111 11561 86 15
22250 15403 80 20 7224 3746 4 0
19746 17969 190 44 16010 14659 150 0
5899 19564 69 10 13835 17483 26 0
17116 11308 122 21 21171 22579 120 18
16253 10448 89 20 19970 20514 116 20
7224 20077 116 21 16010 15379 51 0
14659 5899 55 20 15403 5115 77 0
6382 22579 60 0 22250 17969 99 32
20514 11561 25 0 17116 3746 84 20
21171 17111 164 40 17483 16253 122 40
19746 15379 170 44 13835 10448 74 20
20077 19970 149 40 19564 11308 71 20
16010 20514 20 0 5899 6382 89 0
3746 14659 84 44 17483 22579 184 0
15379 15403 82 20 17116 16253 28 0
11308 17969 176 41 5115 7224 13 0
11561 13835 74 43 20077 21171 239 65
17111 19746 201 29 22250 19970 41 0
10448 17116 79 20 19564 6382 59 20
16253 7224 91 20 22579 5899 67 0
17969 17483 112 22 20077 20514 106 25
19970 16010 52 20 13835 5115 79 23
21171 19564 102 43 19746 3746 99 40
17111 15379 69 5 15403 11308 85 20
10448 22250 72 0 11561 14659 138 24
5115 17116 25 0 16253 20077 184 40
6382 17483 174 44 7224 19746 153 40
19970 15403 125 20 17969 21171 165 59
19564 16010 28 0 22579 11561 72 20
3746 5899 57 30 10448 17111 120 35
11308 13835 100 43 20514 22250 37 0
14659 21171 139 47 15379 6382 57 22
22579 20077 125 25 15403 19746 120 12
11561 17116 54 20 5899 19970 93 20
3746 13835 31 3 17969 16253 123 17
17483 16010 40 0 11308 10448 100 0
5115 22250 40 0 15379 19564 55 0
20514 7224 4 3 14659 17111 82 4
