21781 20405 153 40 16026 12492 100 20
20368 20366 21 0 18373 22040 105 20
13190 15385 97 2 14473 8404 45 0
20326 19505 57 5 7641 11311 236 35
20367 19862 219 84 20370 13356 153 8
14525 21534 222 50 7390 12516 125 20
20383 16026 50 20 7854 15385 142 40
8404 20366 53 20 11311 21781 113 30
7641 20370 178 35 12492 22040 64 2
13356 18373 158 28 13190 14525 202 70
19862 20368 140 35 20383 21534 80 25
14473 20367 131 20 19505 7390 134 24
7854 20326 105 7 12516 20405 106 20
13356 7641 194 40 21781 8404 67 20
11311 19862 186 54 22040 14525 230 55
21534 13190 124 20 12492 19505 119 37
7854 20370 193 45 20368 14473 37 20
7390 15385 197 60 20366 20326 43 0
20405 18373 109 25 20367 20383 137 40
16026 11311 86 0 13356 12516 132 20
21534 22040 88 20 21781 7854 177 35
12492 14473 63 20 19862 20326 214 59
20383 7390 145 40 20370 13190 128 40
20367 12516 118 20 20366 7641 116 20
20405 14525 244 55 15385 20368 54 20
8404 19505 43 5 16026 18373 105 5
22040 13356 136 25 20326 20383 69 0
12516 21781 176 45 19862 13190 168 39
11311 20370 106 25 21534 20405 170 40
8404 12492 117 2 20368 20367 106 20
18373 7854 132 20 7641 7390 224 55
14525 20366 143 30 14473 16026 75 0
19505 13356 188 30 15385 21781 130 20
