21325 15157 50 0 8624 11825 7 2
25 22498 54 0 22616 4625 105 25
12675 5498 76 20 21798 9894 66 20
14921 4947 111 20 8894 4628 43 40
5011 7553 136 25 5218 21341 103 26
19900 9513 69 22 4153 4348 136 44
17176 20824 58 20 12675 21808 106 25
4628 22616 30 20 11825 5498 55 3
5218 21325 98 23 21798 4947 135 40
22498 4153 62 20 8624 5011 62 0
4348 9894 45 4 4625 15157 186 40
25 8894 61 40 17176 19900 130 40
20824 21341 139 0 9513 14921 39 5
21808 21798 133 20 7553 11825 41 8
4628 12675 55 21 21325 4348 138 44
4625 4153 113 40 5218 17176 72 3
15157 5011 26 0 20824 4947 191 25
9894 19900 72 20 22498 21341 50 1
8894 22616 135 23 9513 7553 64 8
21808 8624 9 0 5498 14921 60 5
25 21798 76 40 20824 4153 160 45
4348 11825 83 6 22498 5218 43 20
4947 12675 127 20 19900 22616 130 40
9513 8624 17 3 9894 4628 21 0
21341 21325 158 0 21808 25 55 20
17176 14921 93 2 7553 15157 60 0
5011 4625 83 25 5498 8894 57 23
9894 5218 181 23 22616 20824 153 45
11825 9513 33 3 12675 25 161 45
4153 4628 76 21 15157 21808 48 20
21798 17176 157 40 4348 5011 81 24
14921 19900 95 22 21325 4625 135 45
7553 5498 53 5 4947 22498 17 0
8624 8894 62 23 21341 12675 73 20
