20863 9476 46 10 9499 5385 127 40
8932 8733 51 20 17283 12845 61 24
20299 18092 55 25 10104 5384 101 44
15339 14933 68 0 20862 15815 108 20
11228 11266 142 35 20245 21906 118 23
10255 11846 106 32 5641 8529 46 20
10818 10031 39 0 22368 11616 41 2
5290 22154 14 0 9133 19429 107 0
20299 11531 61 0 15815 5383 160 29
20862 11266 44 0 5385 8932 64 30
21906 10104 105 23 12845 14933 99 0
5641 20245 99 23 10031 20863 48 24
9499 10818 50 20 9133 17283 97 20
8529 11228 117 20 19429 15339 111 24
22368 5384 63 22 5383 5290 57 4
11616 9476 71 25 8733 10255 122 32
11531 18092 120 30 11846 22154 99 45
5385 21906 88 48 15815 5641 116 20
8529 12845 126 20 10818 11266 39 0
10104 20862 46 0 10031 9499 144 49
9133 20299 67 20 9476 8932 70 20
18092 17283 81 20 5383 11616 76 26
5384 11846 127 45 20863 8733 57 20
19429 11531 163 48 14933 10255 127 28
22154 20245 132 23 15339 22368 16 2
5290 5641 19 0 11228 20862 138 30
10031 9133 88 44 5385 8529 78 25
8932 5383 60 24 21906 20863 81 23
12845 15815 187 42 9476 19429 141 50
11266 11616 77 12 22154 20299 50 20
5384 9499 74 20 10255 20245 130 32
11846 15339 82 25 17283 5290 69 20
10818 11228 60 30 11531 10104 174 45
8733 22368 33 0 14933 18092 70 20
9476 5383 107 20 11266 5641 45 10
22154 20862 45 20 5384 21906 164 43
5385 19429 121 35 20245 11846 128 23
20863 9133 43 0 11616 12845 116 22
8733 10818 29 0 20299 15339 52 0
9499 14933 113 30 8932 11228 187 32
5290 10255 121 24 18092 10031 111 49
10104 15815 144 20 22368 8529 33 0
17283 5385 80 25 11531 5641 88 5
