21732 22320 142 24 18630 12448 42 0
12397 22501 114 25 13584 14679 26 0
13109 13512 141 44 17203 21825 18 0
12393 17072 96 24 12453 18629 161 40
13714 13265 140 47 14675 13581 28 0
17640 13523 41 0 19884 13269 108 24
16962 13580 55 2 14676 17573 21 0
22622 18260 36 24 21733 12394 99 24
15640 13584 17 0 21825 21732 106 24
22501 17072 86 2 17203 13714 106 24
12397 14675 108 20 12453 22320 131 13
18630 13269 100 25 17573 13581 81 20
17640 12393 60 20 13109 14676 106 20
18629 14679 84 20 13523 21733 122 24
12394 13512 105 44 13265 13580 119 23
12448 19884 115 44 18260 16962 70 2
13581 15640 103 26 22622 22501 46 4
14676 14675 14 0 13269 13584 51 0
14679 13714 73 24 13109 17573 124 24
21733 18630 191 24 13265 17640 68 3
19884 21825 72 20 17072 22320 140 23
12448 13523 135 20 13512 15640 70 20
16962 22622 73 24 12393 12397 158 45
21732 17203 138 44 12394 18629 50 24
13580 12453 108 20 18260 13109 80 30
13584 13581 64 26 17072 21733 122 24
13269 13265 83 43 22501 21825 32 0
14679 18630 76 0 15640 19884 62 0
14676 18629 59 0 22622 12448 160 44
13523 17203 107 20 13580 12397 106 20
21732 12453 180 44 16962 13714 91 24
17573 12393 77 24 22320 12394 137 47
18260 14675 69 10 13512 17640 102 20
13584 13265 81 43 18629 19884 123 40
14676 17072 34 0 13523 18630 88 20
21825 22622 83 24 14679 13580 41 20
21733 12393 160 40 13714 13269 102 40
17573 12397 179 30 15640 18260 26 0
12394 12453 117 24 12448 17640 57 24
22501 13109 113 24 14675 21732 109 24
22320 16962 149 25 13581 17203 70 26
13512 14676 69 20 13269 14679 62 20
