15359 22513 68 4 6892 12347 104 24
12305 8284 100 20 4848 22087 120 20
4849 22514 72 25 20776 15221 23 0
6892 18908 170 48 4848 12313 121 27
22514 15359 87 24 4849 12305 76 20
12347 8284 147 38 18908 20776 93 20
22087 15221 62 0 12313 22513 70 25
4848 6892 225 42 22514 12305 37 0
22513 12347 2 0 8284 4849 119 20
22087 18908 129 40 15221 15359 91 34
20776 4848 110 22 12313 4849 128 45
8284 15221 125 28 6892 15359 136 44
12313 22087 112 45 12347 22514 48 0
12305 20776 21 0 18908 22513 114 24
22514 12313 111 25 15359 8284 144 24
4848 12305 92 22 15221 12347 58 10
20776 4849 25 0 22087 6892 113 44
18908 4848 156 46 22513 22514 14 0
