10583 8796 14 0 13675 10768 24 0
8798 10284 2 0 8799 9214 38 0
10168 20673 20 0 10584 8798 68 30
10583 8799 15 0 13675 10168 67 0
10584 20673 29 0 10768 10284 9 0
8796 13675 10 0 9214 10584 67 0
9214 8798 50 0 10768 20673 7 0
10284 8799 0 0 10168 10583 26 10
8796 8798 10 0 10583 10584 25 10
20673 13675 27 0 10284 10168 13 0
8799 10768 7 0 8796 9214 28 20
20673 10284 11 0 8799 8796 9 0
9214 10583 37 20 10168 10584 60 30
10768 8798 7 0 10284 13675 19 0
8798 10168 19 0 10768 8796 12 0
13675 10583 34 0 20673 9214 25 20
10584 10768 42 0 8798 8799 0 0
