13750 22138 3 0 14596 13401 99 20
11130 20045 11 2 16501 11992 124 23
13402 12014 57 25 12130 18174 67 16
22331 13750 48 20 11992 22138 69 43
13401 12014 69 25 16501 18174 151 36
22331 14596 96 5 11130 12130 20 2
20045 16501 119 23 13750 13402 26 0
14596 12014 162 40 13401 22331 32 20
13402 18174 62 0 22138 11130 65 2
20045 11992 29 0 12130 13401 10 0
13402 11130 24 2 12014 13750 144 25
18174 22331 30 0 20045 14596 108 25
11992 12130 37 0 22138 16501 98 23
13401 13402 22 0 11130 22331 30 2
22138 14596 123 25 12014 20045 106 30
12130 16501 93 23 18174 13750 104 33
11992 13401 82 3 14596 13402 107 0
