22069 22067 36 2 3537 21894 94 26
19854 8791 49 22 10293 8149 38 0
8435 14954 102 25 13295 22066 43 20
22068 21751 55 13 6190 11959 46 22
8578 22049 84 2 21945 10455 43 6
8793 15455 103 40 21478 13246 11 3
21894 14954 91 20 8149 19854 48 2
11959 13295 69 23 22069 8791 38 20
10293 22067 41 2 22066 22049 51 0
8435 21945 102 20 6190 8793 53 20
13246 21751 15 3 3537 8578 153 20
22068 10455 47 14 15455 21478 90 23
22067 22066 64 2 19854 11959 56 2
8791 6190 57 20 22049 21894 59 0
3537 14954 106 20 8793 10293 37 10
10455 15455 104 24 21751 8435 29 0
21945 22068 149 31 13246 22069 16 3
21478 8149 47 23 8578 13295 63 22
11959 10293 80 13 21894 8793 70 32
22066 15455 83 20 8791 3537 127 24
13246 6190 53 3 22067 10455 23 2
8578 19854 72 4 22069 8435 33 3
13295 8149 46 20 22049 22068 75 1
21751 21478 15 2 14954 21945 123 23
21894 22066 49 0 10455 13246 6 2
6190 8578 27 5 15455 10293 84 20
8791 8435 50 2 22067 22068 49 3
19854 13295 64 22 21751 8793 56 20
11959 3537 66 23 8149 21945 91 40
22049 22069 45 2 14954 21478 58 0
