21767 4347 41 0 19747 7350 82 10
6069 9889 176 35 8421 21505 24 3
17009 21807 45 3 14481 19747 23 10
9889 17009 117 37 21767 6069 58 0
8421 14481 91 15 7350 4347 177 30
21505 19747 61 0 21807 8421 64 3
6069 14481 55 5 21505 4347 83 20
7350 21807 37 0 9889 21767 89 35
17009 7350 88 20 21807 21505 9 3
19747 17009 136 0 4347 9889 182 55
21767 14481 65 15 6069 8421 77 3
4347 8421 50 3 9889 21807 106 0
19747 21767 54 0 14481 21505 39 10
8421 7350 110 45 17009 6069 89 20
21505 9889 151 30 14481 17009 63 23
21807 19747 17 3 7350 6069 139 45
4347 14481 109 35 21505 21767 19 0
