16953 7414 92 25 16557 11450 68 30
10553 5573 98 26 11180 19227 104 6
17670 18051 65 24 5968 6936 35 0
10343 10582 21 4 4890 12806 84 10
3774 10669 33 22 19823 12875 128 0
19871 3415 65 20 16953 19784 67 10
11180 12806 146 31 7414 17670 48 21
18051 10553 88 28 10343 16557 31 2
5968 19871 60 22 4890 10669 89 25
10582 12875 18 4 19227 6936 52 0
19784 3774 7 1 11450 5573 25 3
19823 5968 70 20 3415 11180 89 4
10553 16953 85 40 7414 10669 91 35
17670 10343 41 20 12875 19871 70 2
6936 4890 129 27 11450 3415 78 20
12806 19227 31 4 19784 18051 60 3
16557 19823 48 0 5573 10582 38 7
3774 17670 119 24 3415 10553 40 20
4890 18051 167 48 12875 16953 32 10
5573 12806 33 5 10669 6936 67 20
11450 11180 107 19 10582 19871 15 0
5968 16557 90 20 19227 3774 48 3
7414 10343 27 10 19784 19823 40 0
10669 3415 45 20 18051 10582 61 3
6936 11180 127 26 3774 16953 95 28
12875 11450 27 0 12806 10553 51 22
16557 4890 91 40 17670 19784 46 20
19871 19227 36 5 19823 7414 93 10
5573 16953 65 20 10343 5968 46 20
