20688 12373 36 0 21729 20687 52 0
11009 15251 90 34 20745 17228 10 0
18627 12713 154 48 21730 21934 36 0
15655 12395 188 40 21935 13586 25 2
13590 13108 123 40 15205 11156 15 0
20481 17778 81 0 12375 11455 13 0
19857 13588 61 24 13514 12696 93 0
21826 11159 22 2 20420 17229 148 20
12401 13582 71 20 16961 18734 52 10
11158 21935 151 20 20687 11000 40 0
17228 15205 13 2 21934 12395 86 0
11156 15655 41 20 12375 12373 67 0
21730 15251 110 24 13108 20688 100 23
17229 19857 147 27 12713 20481 82 5
13588 17778 102 20 18734 20420 92 33
18627 13582 121 23 21729 12696 124 40
13586 12401 106 22 20745 21826 44 2
11000 11455 29 0 11159 13590 87 24
11158 16961 106 20 11009 13514 79 24
19857 13108 107 31 21934 20687 79 20
12395 12375 164 25 13588 12713 152 45
18734 15205 60 10 21729 21730 112 48
12696 20745 119 20 17778 12373 58 0
11000 20420 69 20 15251 13582 85 10
11455 13586 41 2 11156 20688 26 0
12401 11009 163 44 17229 13590 141 44
21826 16961 53 2 20481 18627 150 23
11158 11159 96 25 15655 17228 54 10
13514 12375 64 20 21935 21730 74 20
12373 20420 61 20 15205 19857 80 6
12395 11156 110 25 13582 20745 38 0
11455 21729 44 0 21934 12401 126 40
20688 21826 39 2 11000 11009 94 24
20687 12696 111 20 12713 15655 119 45
21935 18627 120 23 11159 13588 44 20
13108 20481 145 23 13586 11158 92 25
17228 17229 101 20 18734 13514 81 20
13590 15251 118 10 16961 17778 96 0
20420 21934 124 20 11156 11009 59 24
20745 11000 20 0 19857 12375 55 20
13582 21935 37 0 15205 20688 24 2
13588 11158 171 43 21826 11455 31 2
12373 21730 66 24 12395 17229 132 40
17778 13514 63 20 12713 13108 172 53
11159 21729 99 26 13586 16961 32 2
12696 18734 154 30 20481 13590 101 23
20687 17228 69 0 12401 18627 110 43
15655 21934 90 40 15251 19857 80 10
