22793 21854 22 0 22788 22797 22 0
22796 22795 41 22 22799 22794 51 20
22791 22790 31 12 22792 11511 128 55
22835 22789 52 2 22798 21853 60 0
21854 22796 17 2 22799 22795 33 0
22794 22791 56 0 22793 22790 23 2
22788 11511 80 25 22789 22798 36 0
22797 22835 65 22 21853 22792 46 20
22790 22796 38 4 21854 22791 50 20
22799 22798 43 0 22789 22793 45 0
11511 22835 106 32 22794 22797 41 3
22792 22788 46 0 21853 22795 22 0
22798 22790 18 2 22796 22799 45 0
22789 22794 51 20 22791 22797 68 30
22835 21853 36 2 21854 22788 24 0
22795 22792 95 40 22793 11511 157 50
22797 22798 51 20 22791 22799 34 10
21853 22788 50 20 22790 22794 48 25
22792 21854 71 20 11511 22789 88 20
22795 22793 69 20 22835 22796 56 4
22797 22799 19 0 22788 22791 52 0
22794 21854 56 20 22798 22792 76 20
11511 21853 68 25 22796 22793 52 2
22790 22789 45 2 22795 22835 86 2
