10635 18255 177 24 5037 19168 127 27
13699 14204 175 49 6198 7715 75 44
13365 6200 117 45 12868 16277 104 44
20674 10091 106 23 19938 3507 49 3
10415 10836 153 0 14614 14401 164 40
18183 3216 141 48 18529 7006 177 48
14469 10101 221 60 15005 14360 136 43
17403 18523 117 45 15282 8620 142 45
9929 16244 222 43 17576 7129 76 3
9410 5037 168 28 10138 13699 150 40
14614 19938 199 40 6200 6198 67 20
13365 18183 108 45 14401 10635 153 52
3507 7715 182 52 12868 14469 214 70
18529 15282 214 65 10101 20674 223 60
15005 19168 205 72 9929 16277 152 44
3216 7129 120 30 10091 10836 148 46
18523 10415 126 44 14204 9410 233 61
7006 10138 234 40 16244 17403 169 48
8620 18255 220 65 14360 17576 94 30
5037 14614 159 23 18529 13365 187 64
10635 20674 136 12 7715 15005 220 69
3216 9929 182 50 19938 15282 105 20
14204 14401 206 52 19168 6200 128 32
10091 10138 233 69 16277 18523 103 24
17576 7006 9 3 13699 10101 125 57
7129 12868 155 3 10415 8620 221 69
16244 6198 90 0 18255 14469 211 60
10836 14360 222 47 18183 3507 78 25
6200 17403 179 35 9410 9929 140 20
19168 10091 221 56 15282 13365 109 45
16277 19938 117 24 7715 18529 210 71
10101 10415 188 38 5037 3216 98 0
7129 15005 186 45 7006 14614 186 64
14360 10138 197 45 12868 10635 114 4
14469 8620 213 60 9410 18183 138 53
20674 17576 88 27 6198 14401 120 20
3507 14204 153 36 18255 17403 121 9
10836 16244 205 49 18523 13699 28 20
7715 6200 157 29 7129 5037 96 30
18529 9929 263 64 10091 14360 164 51
19938 14469 145 35 10138 13365 181 35
6198 18183 101 44 15005 10415 197 69
7006 9410 33 0 18255 12868 223 40
14614 18523 173 45 17576 3216 107 28
16277 13699 79 20 8620 20674 187 45
14204 15282 140 57 10635 10836 129 28
10101 19168 233 62 16244 3507 147 29
14401 5037 93 43 17403 18529 199 49
