22064 5153 30 0 21495 6189 66 23
6458 3788 59 12 13415 9215 29 20
7130 5143 14 0 12168 4156 139 20
6458 15050 65 0 3788 5153 26 3
13415 12168 146 40 4156 21495 91 40
6189 7130 20 2 15050 9215 24 0
12168 5143 99 23 22064 6458 60 10
15050 6189 29 2 4156 13415 138 25
22064 21495 33 0 7130 3788 18 2
5153 9215 49 10 5143 13415 119 40
7130 6458 34 10 6189 22064 33 2
4156 3788 83 2 5153 12168 74 20
21495 15050 75 20 9215 5143 118 35
5153 13415 81 20 22064 7130 24 3
15050 4156 56 20 6458 21495 39 0
5143 6189 47 23 3788 12168 61 25
9215 4156 115 30 15050 22064 44 3
