4813 54 95 40 17125 22811 8 2
12727 8717 56 2 724 7002 37 5
4273 17097 54 10 10662 2879 67 20
22520 16133 8 2 4133 12114 44 4
8271 12793 78 20 22737 17125 18 4
4273 10662 64 23 7002 4813 49 10
724 22811 85 3 2879 22520 31 20
4133 12727 71 3 54 12793 49 0
16133 8271 72 22 17097 8717 70 10
12114 724 90 3 22737 4273 10 0
4813 22520 28 0 12793 12727 63 5
2879 4133 80 20 8271 10662 130 23
54 22737 43 0 8717 16133 46 3
17125 7002 64 12 12114 17097 105 15
22811 4273 6 3 12793 4133 88 10
8271 4813 87 21 724 54 71 25
7002 17097 98 20 22520 22737 12 2
16133 17125 33 2 12727 2879 33 2
10662 8717 79 23 22811 12114 33 20
17097 22737 83 15 4133 4813 112 10
2879 54 67 20 12793 7002 67 0
12114 12727 41 3 22811 8271 50 2
22520 17125 14 2 8717 4273 40 3
10662 12793 78 23 16133 724 87 25
