16311 4885 115 20 17113 9527 153 48
12313 16911 140 54 14523 12926 135 30
12978 13108 177 33 16816 19990 118 40
4707 16412 245 70 15251 12791 14 7
5628 5470 175 20 8204 19897 146 45
12927 4906 152 20 21338 13108 91 26
16412 19990 125 48 16911 16311 246 46
12313 5470 113 40 4885 4707 200 40
12791 5628 106 0 4906 9527 156 44
16816 15251 57 0 12926 17113 26 0
12978 8204 79 20 14523 12927 92 50
9527 21338 158 44 19897 16412 192 45
5628 4885 135 25 16311 16816 192 44
12927 13108 159 48 16911 15251 144 34
12313 14523 87 5 19990 4906 111 10
12926 8204 86 20 4707 21338 140 50
12791 17113 169 40 12978 5470 135 27
19897 16311 209 20 15251 4906 77 40
13108 12926 69 26 16412 5628 155 23
21338 4885 96 0 16911 12978 204 54
17113 14523 161 40 19897 4707 266 80
12791 16816 193 45 8204 12313 135 44
19990 9527 157 54 5470 12927 109 20
4707 12978 202 69 16311 5628 178 28
4906 16911 157 47 8204 17113 114 40
19990 19897 188 25 12926 12791 166 55
16412 12927 118 20 4885 16816 125 45
5470 15251 179 20 21338 14523 101 5
9527 19897 218 59 13108 12313 89 26
16311 12926 134 20 12927 12791 210 75
15251 8204 121 24 4885 19990 127 44
17113 21338 59 20 5628 12313 172 28
4906 12978 84 5 5470 16412 195 40
16816 16911 132 47 9527 4707 237 89
14523 4885 188 65 13108 16311 167 24
