15583 13435 14 2 22093 8136 41 20
15504 20218 23 0 7532 21485 29 0
13498 8136 51 0 21487 12381 57 12
12381 21485 30 2 20218 15583 36 5
22093 15504 9 0 13498 21487 36 10
7532 21487 42 2 13435 8136 56 3
15504 15583 21 2 12381 7532 78 3
22093 13435 40 0 13498 21485 57 3
20218 12381 24 3 21487 22093 61 10
8136 20218 34 20 13435 15504 34 2
7532 13498 22 0 21485 15583 60 3
12381 22093 75 2 15504 7532 52 2
15583 13498 35 2 13435 20218 31 3
8136 21487 80 20 21485 22093 51 3
8136 7532 64 22 20218 13498 37 0
21485 13435 103 3 15504 12381 40 3
21487 15504 41 10 15583 7532 58 8
