12115 13896 131 22 21352 5243 9 0
5189 5188 25 0 10632 13895 10 0
17329 17121 10 0 3033 13893 84 21
21879 13895 103 20 5188 12115 84 25
17329 5189 23 0 17121 21352 11 1
10632 21879 115 20 3033 5243 60 31
21352 13893 16 0 13896 13895 29 10
5243 17121 19 12 10632 3033 83 26
13896 17329 93 0 5189 21879 42 0
12115 13893 106 0 10632 5188 4 0
13895 21352 24 10 21879 17121 118 31
5243 12115 78 25 13893 5189 49 0
3033 13896 87 20 5188 17329 3 0
21879 21352 51 20 13893 10632 39 10
17121 5188 43 12 13896 5243 7 0
17329 3033 136 20 13895 12115 83 35
5189 17121 40 5 13893 21879 106 20
5243 10632 46 5 13895 17329 18 0
5188 3033 94 30 21352 5189 25 2
12115 10632 161 40 17121 13896 30 2
