17594 10862 36 2 15930 16831 51 0
13833 16029 13 0 12202 15725 68 0
4902 16251 19 1 13744 17594 0 0
16831 13744 8 0 15930 16251 36 0
16029 4902 16 2 10862 13833 85 25
12202 15930 20 0 15725 4902 28 2
10862 13744 77 22 17594 13833 2 0
16251 16831 48 0 15725 16029 50 0
16831 16029 17 0 12202 4902 10 0
17594 15725 71 0 15930 10862 54 30
13833 12202 47 0 16251 13744 32 0
13744 15725 35 2 16029 17594 26 0
16251 12202 30 0 10862 16831 109 20
4902 15930 30 10 13833 16251 23 0
17594 15930 41 10 16029 12202 27 0
15725 10862 121 20 4902 13744 22 2
13744 13833 8 2 16831 17594 60 0
