17251 13788 0 0 10676 4894 2 0
18318 4859 10 3 22329 4895 6 0
13825 19433 6 0 15592 17461 4 0
4859 4895 15 3 19428 17251 11 0
22329 19433 10 0 13788 13825 57 0
19428 4894 10 0 15592 18318 25 0
17461 22329 2 0 10676 17251 3 0
18318 13825 28 0 15592 4859 13 3
13788 4894 9 0 17461 19428 5 0
10676 15592 9 0 19433 4895 6 0
17461 4859 13 3 18318 13788 25 0
4895 10676 21 0 4894 13825 15 0
17251 22329 20 0 19433 19428 11 0
13788 17461 4 0 4895 15592 32 0
18318 19428 13 0 13825 10676 8 0
4894 19433 7 0 4859 22329 32 3
15592 13788 0 0 17251 18318 9 0
