12649 13247 60 0 17221 17127 187 51
17240 18487 86 24 19542 9415 61 0
11206 7588 115 6 12660 18082 136 40
16539 3763 222 63 7000 19865 171 25
21606 22181 86 24 22162 16806 155 25
2887 8101 199 70 20032 10470 138 40
19542 17221 120 23 9415 12660 155 48
16539 18082 149 43 17240 12649 94 40
22162 19865 45 0 7000 11206 130 27
10470 8101 185 68 17127 21606 174 40
3763 16806 222 60 18487 2887 143 44
22181 20032 64 25 7588 13247 301 56
11206 22162 92 23 17221 12649 74 43
19542 17240 138 20 19865 10470 199 70
16806 12660 97 20 17127 16539 194 11
18487 7000 148 32 22181 8101 148 35
18082 20032 127 20 3763 21606 202 52
2887 13247 87 40 9415 7588 176 60
16806 11206 122 23 10470 17240 97 13
8101 18487 173 35 16539 17221 143 49
18082 7000 177 48 20032 19542 139 20
21606 7588 199 44 19865 12649 114 30
9415 17127 236 68 22181 3763 119 24
12660 2887 109 20 13247 22162 159 40
17240 17221 86 0 20032 7000 164 40
7588 19542 200 52 8101 16806 193 55
12649 10470 77 29 3763 9415 221 60
13247 16539 147 43 21606 11206 97 23
18082 17127 253 48 22162 18487 107 49
12660 19865 137 30 2887 22181 101 20
12649 9415 195 52 16806 20032 121 40
13247 3763 218 44 8101 17240 216 60
7588 22162 119 28 10470 16539 216 49
19865 22181 115 20 17221 18082 130 20
17127 19542 164 48 11206 2887 125 43
7000 21606 177 48 18487 12660 126 44
