19851 14905 26 10 12398 9362 133 20
4921 17977 108 20 19955 11720 95 23
19779 9381 135 40 13755 15592 87 20
16617 21856 167 28 4885 4906 106 53
18484 10676 70 23 5911 15546 185 45
10528 4886 112 27 5470 4859 64 0
13948 11719 147 10 14637 19738 106 5
15491 18483 97 25 21711 11004 55 2
9778 13825 97 45 17461 11986 155 23
15592 19955 85 5 4885 19851 84 30
18484 4921 142 5 13755 9362 132 44
14905 5911 109 20 4906 19779 105 20
11720 19738 84 20 9381 4886 230 41
5470 13948 221 55 21711 21856 100 22
11986 14637 176 43 11004 10528 99 22
4859 18483 125 30 12398 13825 58 20
15491 17461 46 23 16617 15546 177 45
10676 11719 56 20 17977 9778 110 20
19738 4885 135 30 14905 13755 64 24
9362 21711 76 24 4886 19955 231 58
4906 9381 94 40 14637 5470 244 66
19779 11986 159 52 21856 18484 156 43
10528 19851 11 0 13825 15491 45 20
18483 11720 82 0 11719 17461 31 5
15546 11004 147 48 17977 12398 169 40
10676 16617 151 32 4921 4859 117 20
5911 15592 107 40 9778 13948 155 25
11986 13755 133 47 19955 5470 104 5
21856 9381 140 20 14905 15491 109 23
9362 4885 126 34 11719 10528 55 20
4886 4906 134 21 18483 18484 197 40
15546 14637 136 43 4859 19779 108 25
17461 11004 108 20 10676 13948 140 50
5911 11720 110 40 19851 16617 174 52
9778 12398 162 49 19738 4921 124 20
13825 17977 96 40 15592 21711 45 0
4885 15491 103 49 4886 11986 154 44
5470 15546 96 3 18483 14905 129 25
11004 4859 79 0 9362 21856 165 34
19955 11719 76 5 9381 5911 139 20
14637 18484 166 45 11720 9778 73 20
13755 21711 106 24 12398 10676 137 40
13825 16617 111 0 13948 19779 182 55
10528 17461 9 2 15592 4921 172 45
17977 19851 102 23 19738 4906 82 7
