10216 15310 43 0 519 7346 26 0
10515 9073 140 25 9803 7844 25 0
1885 17774 63 25 6652 16862 48 0
17682 11804 55 0 8702 4634 93 20
17430 21232 50 20 14691 17575 43 1
8095 21317 63 22 17219 369 29 2
226 18103 64 21 17160 9830 67 0
22200 11534 123 25 6341 13353 112 24
519 15167 77 10 13599 9073 104 25
7844 11804 16 0 17774 10216 77 25
6652 10515 59 4 15310 17430 33 0
7346 4634 101 20 21232 17160 109 24
11534 9803 31 0 8095 17682 73 40
15167 14691 94 20 17219 6341 96 22
17575 9830 35 2 21317 13599 153 40
16862 8702 81 20 22200 226 12 0
1885 369 151 40 13353 18103 139 26
8095 17160 107 49 519 7844 45 2
6341 9803 73 0 11804 17430 30 10
21317 6652 111 20 15167 11534 95 0
15310 17219 82 2 17575 8702 73 22
10216 17682 63 3 369 14691 0 0
18103 17774 66 21 13599 22200 44 2
1885 21232 140 40 9073 226 101 25
16862 4634 51 20 9830 13353 98 30
7346 8095 96 20 10515 6341 109 24
17160 369 44 4 15310 15167 115 10
14691 13599 58 21 11804 6652 9 0
226 519 46 0 17682 17774 53 20
21317 10216 87 20 21232 16862 145 40
9830 8702 46 20 10515 1885 129 24
4634 17219 120 26 9803 22200 81 22
13353 7844 92 26 17430 7346 28 0
17575 9073 101 23 11534 18103 108 21
11804 15310 49 0 16862 8095 105 25
6341 9830 85 0 369 519 40 0
226 6652 62 0 4634 10216 84 3
17774 17219 56 2 21232 10515 130 24
7844 13599 20 20 11534 1885 105 40
14691 9803 37 0 8702 21317 97 20
22200 17575 66 4 15167 7346 125 20
13353 17682 158 50 9073 17160 111 25
17430 519 58 20 18103 8095 119 21
