22498 19900 35 2 8894 9894 41 20
21808 21341 50 2 12675 14921 61 0
21325 20824 136 24 5011 4348 33 20
21341 9894 49 3 8894 21808 53 30
14921 21325 74 2 22498 20824 27 20
12675 4348 111 50 19900 5011 33 2
9894 14921 56 22 21325 8894 76 20
4348 22498 92 24 21341 12675 89 20
5011 21808 59 0 20824 19900 90 24
9894 12675 63 20 4348 14921 121 24
8894 21341 131 22 20824 5011 65 24
21325 22498 55 0 21808 19900 18 0
12675 5011 45 20 20824 9894 114 44
19900 21325 46 0 14921 21341 80 5
4348 21808 84 34 22498 8894 109 20
