14375 3738 28 2 19368 10185 77 17
14452 13186 28 23 10599 21746 22 2
6025 5126 47 10 10069 9973 20 0
21948 8887 25 2 18050 8649 26 2
14452 10599 30 0 10185 14375 21 3
6025 21746 4 2 19368 5126 96 25
8887 10069 3 0 18050 3738 20 0
13186 9973 48 3 8649 21948 36 2
14375 14452 38 22 6025 19368 85 34
5126 10599 35 10 8887 18050 17 0
9973 8649 47 12 21746 3738 7 0
10069 10185 21 3 13186 21948 43 2
19368 14452 109 35 5126 8887 19 10
8649 6025 37 22 3738 10599 34 0
21948 21746 18 2 10069 14375 0 0
10185 13186 49 3 9973 18050 39 0
3738 8649 13 2 5126 14452 42 10
10599 19368 56 0 21948 10069 7 3
9973 8887 17 0 13186 14375 6 3
21746 18050 69 2 10185 6025 35 3
