3708 19696 135 40 6210 8541 88 20
19412 22057 55 23 12928 20737 78 20
19452 8424 98 40 7161 4545 176 40
21816 20250 125 31 21504 20736 3 0
22057 12928 79 20 8541 3708 49 30
19452 20737 113 20 19696 8424 89 20
4545 19412 44 3 21504 21816 38 2
20736 6210 32 0 7161 20250 147 25
22057 3708 33 20 19696 19452 136 25
21816 8541 36 20 8424 21504 68 20
6210 7161 101 20 20737 19412 48 8
4545 12928 98 20 20250 20736 87 20
19696 21504 107 25 8424 22057 60 40
20737 7161 71 25 3708 21816 79 27
20250 8541 26 20 19412 19452 80 22
12928 20736 56 20 4545 6210 46 21
21816 7161 96 25 22057 19696 89 45
3708 8424 53 40 19412 20250 55 3
8541 20737 19 0 20736 4545 60 21
19452 21504 36 0 12928 6210 107 20
