20016 20014 51 0 19400 20013 15 3
18747 19997 29 0 7477 20574 97 4
4227 7592 105 25 18172 4228 110 20
19785 16290 157 44 17197 9013 70 20
21771 8617 48 20 4717 21588 55 20
6323 18258 13 0 14976 7341 53 3
19997 20574 13 0 19400 18172 145 8
17197 18747 50 20 20014 4227 51 0
19785 21588 55 0 7592 7477 112 43
21771 14976 25 10 4228 20016 81 20
20013 4717 20 20 16290 6323 81 29
18258 7341 75 27 9013 8617 80 20
7592 19785 117 25 20574 20014 34 0
18172 21588 55 20 20016 17197 67 0
6323 4717 129 30 4227 19997 71 26
20013 8617 60 0 14976 18747 48 0
4228 19400 123 20 9013 18258 46 3
16290 7341 112 4 7477 21771 41 9
20574 6323 20 0 20014 17197 59 0
8617 20016 70 0 19785 19997 56 22
4228 9013 102 20 21588 20013 38 20
18172 18747 111 5 7341 4717 69 25
18258 7477 87 32 4227 21771 56 3
19400 7592 71 0 14976 16290 72 4
20574 4228 97 20 8617 6323 63 0
19997 17197 63 22 7341 20013 62 20
20014 9013 43 0 7477 18172 149 44
16290 4227 98 24 21588 14976 98 30
7592 20016 97 5 4717 18258 150 25
21771 19400 25 3 18747 19785 77 20
17197 7477 78 24 8617 4228 140 40
21588 16290 92 29 19997 20014 41 2
9013 14976 21 2 4717 20574 93 28
18747 21771 12 3 6323 7592 98 9
20013 18172 139 25 18258 19785 128 23
7341 4227 100 27 20016 19400 70 0
