21385 9956 179 50 13201 16956 162 47
19367 21355 79 10 21923 19927 89 20
19993 20256 23 4 10824 22548 141 32
10760 18339 104 20 20686 13828 48 20
19417 19453 112 43 8572 17235 120 20
21737 10100 141 24 21748 8680 175 28
20293 4106 174 45 8755 15382 121 32
9956 19993 164 45 19367 20256 82 20
22548 13828 49 8 21385 19927 153 45
16956 19417 72 20 18339 21923 71 20
8680 13201 149 44 19453 20686 100 23
21748 10824 127 47 20293 10760 167 40
17235 8755 180 52 21355 21737 102 10
15382 4106 102 25 10100 8572 126 28
22548 19417 107 25 9956 19367 146 30
20256 19927 167 49 8680 16956 177 64
13828 19453 109 23 19993 20293 115 25
21923 21748 18 0 8755 13201 310 77
15382 21385 77 20 10760 21737 151 40
8572 21355 110 20 20686 10100 124 28
18339 17235 107 20 4106 10824 148 32
19927 20293 211 45 19993 19417 73 20
13828 8755 150 12 8680 9956 175 65
10760 19453 96 23 16956 22548 68 45
20256 21748 13 0 21355 15382 87 15
13201 8572 238 60 10824 18339 95 32
10100 19367 110 53 17235 21385 111 20
21737 20686 66 0 4106 21923 48 20
16956 10760 93 20 8755 19993 117 32
21355 8680 217 44 20293 22548 142 33
9956 15382 200 50 19453 18339 105 23
10100 10824 175 56 19417 13828 84 24
19927 20686 72 40 17235 21748 120 20
19367 13201 161 60 4106 21737 125 40
8572 21923 77 20 20256 21385 125 44
