21733 13580 53 40 12397 18630 54 20
14676 18629 76 0 13584 13109 33 0
12453 13512 69 24 17203 17029 50 0
15640 19884 55 10 12393 21732 63 20
16962 13523 71 2 17072 13269 32 20
14675 12394 8 0 14679 12448 72 20
13581 13265 59 20 22622 13714 33 0
14676 18260 27 10 22320 17203 30 10
17029 13580 56 20 15640 13109 39 0
12397 19884 82 24 13523 13584 49 12
14679 21732 28 0 12453 18630 146 20
12393 12448 74 20 13581 17072 57 20
13269 18260 35 20 13265 14675 80 20
13714 13512 40 0 21733 18629 50 20
22320 12394 46 12 16962 22622 51 0
14679 17203 2 0 12397 15640 59 0
17029 17072 12 0 19884 14676 36 0
13109 13265 37 0 12448 13523 104 22
21733 13581 66 20 13269 12453 142 44
12394 12393 82 0 13580 13714 50 20
13584 22320 50 0 18630 13512 68 12
21732 18629 46 0 18260 22622 38 10
14675 17029 7 0 16962 12397 106 26
13109 14679 64 20 19884 13581 39 0
13523 12453 112 26 12394 14676 41 2
13265 21733 73 20 13584 12393 58 20
12448 13580 102 44 13512 18260 54 2
18630 17203 102 30 18629 16962 58 0
22622 15640 33 0 17072 14675 21 0
13714 13269 67 20 21732 22320 81 20
13523 14679 24 2 17029 21733 47 20
13512 12397 113 24 12394 13581 65 25
18629 19884 92 0 13580 13265 101 20
22622 18630 29 10 12448 14676 99 24
17203 13584 36 0 21732 14675 30 0
13109 17072 63 20 22320 12453 137 20
13714 16962 39 2 18260 15640 31 0
12393 12397 87 40 13269 14679 49 20
