5218 15157 33 0 4625 4628 67 2
25 4947 74 30 5498 4153 17 0
21798 11825 66 23 22616 8624 41 3
9513 4153 30 20 7553 5218 124 25
21798 4947 102 30 8624 4625 29 3
5498 11825 48 3 4628 9513 28 1
22616 7553 43 2 25 15157 72 20
5498 8624 36 23 4153 21798 83 40
4625 25 149 45 9513 11825 21 3
15157 22616 17 0 5218 4947 109 30
4628 8624 64 1 7553 25 103 33
4153 5218 100 20 11825 15157 31 3
4947 4628 17 0 21798 9513 100 20
7553 5498 45 5 22616 4625 48 0
15157 9513 34 2 8624 21798 49 20
11825 7553 67 4 4947 5498 35 10
4625 4153 103 40 4628 22616 47 20
25 5498 67 40 5218 21798 151 43
