4965 7006 62 20 20676 17403 82 5
14422 22213 21 2 3216 3507 106 23
9410 20674 150 45 21833 22269 35 2
15094 14422 30 0 21862 4965 44 0
20676 22269 55 15 3507 21833 70 25
15094 17403 81 5 20674 3216 64 20
7006 21862 17 0 22213 9410 88 22
3507 20674 60 25 4965 15094 44 0
21833 20676 21 0 3216 21862 37 0
17403 7006 127 25 22269 14422 24 3
22213 3216 61 3 9410 4965 74 20
21862 3507 52 3 7006 20674 63 25
22269 9410 67 23 14422 20676 19 2
17403 21833 129 20 22213 15094 51 2
4965 3216 110 30 22269 7006 36 0
20674 15094 119 37 20676 22213 45 12
21862 9410 55 20 17403 3507 215 48
21833 20674 74 27 14422 4965 28 2
