12359 16828 9 0 13266 18458 166 25
15654 9923 19 4 16832 17796 50 0
12302 11924 117 30 6901 15654 43 2
17796 12359 30 0 11924 16832 30 0
6901 12302 57 5 9923 16828 10 0
16832 18458 85 0 13266 12302 172 55
18458 16828 67 0 12359 15654 20 2
17796 13266 111 25 9923 6901 4 0
11924 13266 114 25 17796 18458 80 0
16828 6901 31 0 15654 16832 54 2
12302 9923 84 25 12359 11924 14 0
12302 15654 163 40 12359 13266 41 25
16832 9923 135 0 18458 6901 82 0
11924 17796 27 0 16828 12302 11 0
18458 12359 75 0 6901 17796 28 0
13266 16832 167 25 16828 11924 7 0
15654 16828 5 0 9923 12359 13 3
