13416 6025 65 40 5126 21948 123 40
3738 6546 58 10 8887 10069 30 2
19368 15071 101 23 21746 21311 121 8
9973 7332 23 4 10185 18050 40 20
8649 14375 32 0 14452 13186 48 20
13416 21948 67 4 21746 8887 45 2
21311 10069 95 35 6025 18050 54 0
8649 9973 26 4 15071 14375 51 0
19368 13186 145 31 5126 6546 87 5
10185 7332 63 8 14452 3738 91 20
6025 8649 43 2 9973 13416 56 22
18050 5126 93 24 15071 8887 25 0
10069 21746 45 0 13186 10185 103 20
14375 6546 35 0 7332 21311 145 28
21948 14452 48 0 3738 19368 148 33
21746 5126 118 0 10069 9973 29 21
8887 7332 54 2 13186 6025 94 0
18050 19368 67 20 8649 3738 85 12
21948 10185 26 3 14375 21311 149 32
6546 15071 24 2 14452 13416 77 24
7332 21746 42 2 5126 8649 74 20
19368 8887 5 0 14375 10185 60 0
9973 18050 61 0 6546 21948 70 1
15071 14452 69 22 10069 6025 72 23
3738 13186 92 10 21311 13416 88 24
10185 5126 138 27 6546 8649 26 3
6025 21746 63 0 18050 14375 79 0
13416 10069 103 27 7332 19368 84 25
21311 14452 130 44 8887 9973 54 20
13186 15071 64 2 21948 3738 61 10
