15203 2939 45 30 22556 7462 103 23
16643 21871 38 23 14343 8923 182 50
3231 22033 56 22 6220 4042 170 44
19929 14563 69 20 11138 14246 140 27
22251 16750 39 0 3805 20175 100 25
417 21506 190 33 9884 11109 139 4
20403 7330 131 0 16113 21764 64 22
3543 8103 112 25 18015 22556 69 20
19929 4042 119 23 21871 7462 103 13
8923 11138 106 35 6220 15203 111 20
20175 9884 117 0 22033 2939 91 20
14246 417 114 25 20403 16643 102 20
18015 14343 184 50 3805 16113 108 27
3231 21764 91 44 3543 11109 111 9
7330 21506 124 5 8103 16750 58 0
14563 6220 296 46 22251 7462 72 23
16643 22556 60 20 22033 19929 76 4
8923 18015 116 0 4042 20403 107 23
16113 3543 103 12 2939 21871 38 10
9884 14343 136 55 16750 11138 122 30
8103 14246 48 5 21764 3805 61 24
21506 15203 82 16 14563 20175 129 25
417 22251 118 26 7330 3231 135 30
11109 22033 101 28 21871 18015 73 10
2939 20403 155 40 14343 19929 134 19
16643 8103 130 58 6220 9884 162 41
22556 16113 61 0 20175 8923 127 20
21764 22251 85 27 15203 4042 90 23
7462 11109 182 55 14246 7330 101 35
11138 3805 186 40 21506 3231 73 23
16750 3543 73 25 417 14563 139 49
21871 20403 92 30 8103 20175 69 40
16113 9884 104 22 15203 19929 108 24
2939 16643 96 40 18015 7330 125 25
21764 6220 132 44 21506 14343 135 13
7462 8923 136 43 16750 3231 72 20
14246 22033 88 20 22251 3543 87 7
4042 11138 153 48 22556 417 91 4
3805 14563 134 30 11109 16643 110 28
