11364 11562 113 24 14888 18443 184 25
12420 7373 113 24 10068 16757 125 25
5898 7153 24 0 14892 6047 79 16
5161 4100 91 34 15776 14644 80 0
7673 22102 100 40 17379 11750 68 0
7153 11364 49 20 16757 7373 115 24
14888 4100 159 44 12420 6047 152 10
11750 22102 51 20 5161 18443 81 5
11562 10068 10 0 7673 5898 133 20
15776 17379 41 0 14644 14892 126 20
4100 12420 217 48 22102 7153 39 21
5898 16757 83 0 11750 14888 99 30
7373 5161 153 44 17379 11562 30 0
6047 14644 117 35 10068 11364 186 47
14892 15776 116 31 18443 7673 82 20
7153 14888 156 20 17379 5161 48 5
14644 11750 119 25 11562 12420 105 0
14892 10068 78 25 4100 11364 142 48
22102 15776 37 21 7373 5898 142 24
6047 18443 80 5 16757 7673 100 0
12420 5161 198 55 11364 14892 117 1
10068 11750 80 25 15776 7153 28 10
14888 7673 147 50 14644 7373 178 44
18443 17379 23 0 4100 5898 226 44
6047 16757 81 5 11562 22102 91 20
