10136 22300 39 7 15638 20415 73 20
11129 12352 116 38 10698 21790 89 30
13462 14649 55 12 14109 8603 144 24
21456 14790 125 24 19920 10164 97 34
5559 22373 86 0 11276 21998 28 10
18474 10477 154 47 7043 10137 59 40
6294 14815 94 27 19847 14353 164 33
10210 21687 63 20 7255 15256 134 40
14010 14109 71 24 15834 14005 12 10
20415 8603 67 0 14790 11129 172 40
18474 15638 81 45 21790 13462 133 36
21998 22300 21 12 19920 14353 191 31
10164 5559 90 20 10136 14649 117 32
12352 15256 61 15 14010 6294 163 44
10477 21456 144 44 19847 10210 79 0
15834 7043 70 20 21687 22373 55 15
10137 11276 48 20 7255 14005 7 0
10698 19920 10 0 20415 14815 51 0
10164 11129 88 30 13462 6294 142 44
21790 15256 146 25 5559 10477 90 20
21998 10136 105 10 19847 18474 119 10
12352 15834 7 0 8603 21456 107 0
14353 10137 121 47 14790 14010 103 20
15638 7043 103 40 14109 7255 79 24
22300 21687 23 7 11276 14815 107 0
22373 14649 44 2 14005 10210 10 0
15256 19847 96 5 10698 13462 196 47
10164 20415 77 13 10137 15834 38 20
10477 7255 109 27 12352 19920 89 24
14109 21998 90 30 21687 11129 95 25
14649 21790 68 2 7043 21456 114 44
8603 11276 71 0 14353 10136 242 42
10210 15638 49 0 14815 5559 88 20
14005 14790 40 0 6294 10698 96 49
22373 14010 105 20 22300 18474 89 25
13462 10477 149 10 21998 20415 12 10
15834 19847 97 0 14649 11276 82 0
11129 19920 117 48 15256 7043 86 40
14353 14109 157 31 10164 12352 105 11
14005 5559 66 20 21456 18474 148 28
10210 6294 73 40 21790 10137 100 30
14815 14790 61 3 22373 10136 33 0
21687 10698 59 20 15638 14010 34 20
8603 7255 68 0 22300 10164 66 23
