7251 13107 54 20 4215 18759 88 44
15887 18760 37 0 15762 14450 58 20
3777 13048 57 2 6983 13105 100 0
11124 248 70 20 207 18757 128 49
13617 13103 76 0 15891 12309 9 2
13970 251 20 2 7026 247 119 40
12636 15762 66 20 6983 18758 66 0
7251 18757 90 24 13105 18760 47 20
15891 4215 84 23 207 14450 67 25
3777 7026 52 20 13107 11124 72 0
12309 18758 42 22 247 13048 53 20
15887 12636 89 41 13617 13970 75 20
13103 18759 71 20 251 248 57 0
15762 11124 102 0 15891 7251 62 20
247 18757 102 44 14450 13107 102 40
207 13105 72 40 18758 13970 49 20
248 3777 94 20 4215 13617 85 20
18760 251 56 22 12309 12636 75 11
7026 13048 125 40 15887 13103 85 25
6983 247 65 20 18759 207 71 25
18758 15891 85 20 13107 248 116 40
13105 4215 54 20 15762 251 43 1
12636 14450 88 0 13048 7251 66 20
12309 6983 58 3 11124 15887 28 0
18760 13970 33 20 13103 3777 45 0
18759 13617 68 20 18757 7026 135 44
13105 247 93 40 12636 15891 80 20
13048 13107 88 40 15762 207 130 45
251 7251 55 23 3777 15887 27 3
18758 13617 86 40 11124 18760 28 0
13103 4215 80 0 18757 6983 89 24
14450 12309 28 3 248 7026 50 20
18759 15762 101 40 13970 15891 39 20
