18142 15097 49 0 4262 9266 28 20
10809 11128 45 20 17702 9261 151 45
8097 12778 62 25 22105 11212 150 40
15146 5131 124 20 22026 10809 110 20
11128 17702 75 20 18142 11212 101 43
4262 5131 60 20 15097 9261 64 0
15146 22105 80 5 8097 9266 93 0
12778 11128 10 0 22026 15097 93 5
8097 11212 177 45 5131 18142 90 43
15146 9261 46 20 22105 17702 111 50
22026 12778 43 0 4262 10809 141 40
9266 15146 84 20 5131 11128 111 4
12778 4262 29 20 17702 8097 190 25
11212 22026 42 0 9261 9266 87 20
18142 22105 63 20 15097 10809 84 40
9266 5131 144 44 17702 12778 93 20
15097 4262 80 20 11212 15146 139 50
9261 22026 84 20 8097 18142 169 46
10809 22105 76 40 11128 4262 104 20
9261 18142 83 23 12778 15146 26 0
10809 8097 94 40 9266 15097 132 0
11212 17702 186 50 22105 22026 87 20
5131 8097 75 0 11128 18142 58 3
