10635 12606 105 20 19652 21350 143 21
19720 9411 140 20 18183 19508 122 46
11392 18149 58 40 17576 19757 50 2
19720 21350 83 0 9411 19652 154 40
19757 18183 118 44 12606 18149 88 40
17576 11392 52 1 19508 10635 163 20
19757 19720 139 40 21350 12606 125 40
19508 9411 99 21 18149 10635 138 45
17576 19652 78 20 18183 11392 107 44
18149 19757 101 45 10635 19720 127 22
21350 18183 91 44 11392 19508 79 20
19652 12606 151 25 9411 17576 76 20
11392 10635 133 20 18183 19720 153 44
19508 19652 155 40 12606 19757 100 20
18149 17576 50 25 9411 21350 90 20
