7854 22040 114 0 16026 19862 114 39
12516 7390 67 0 15385 13190 126 21
12492 7641 70 20 20370 11311 83 28
19862 7390 129 40 22040 12516 14 0
12492 7854 75 4 7641 15385 139 40
16026 11311 100 25 13190 20370 62 3
12516 12492 46 0 7390 7854 116 40
11311 7641 85 20 16026 22040 60 20
19862 13190 97 20 20370 15385 69 23
7641 16026 137 40 7390 12492 156 24
22040 20370 95 3 12516 15385 54 21
13190 11311 85 0 7854 19862 114 40
15385 16026 134 28 7641 12516 123 25
22040 19862 50 0 12492 13190 53 2
20370 7390 61 23 11311 7854 161 40
