18848 3208 88 15 16970 4951 72 27
18672 12656 10 0 22323 19953 31 20
16660 12651 77 3 15439 3825 27 3
22323 18672 22 0 3208 16970 98 35
3825 19953 30 20 12651 18848 97 23
16660 15439 31 3 12656 4951 54 20
3825 12651 80 20 3208 22323 56 14
19953 16970 103 28 12656 15439 38 3
4951 18848 78 41 18672 16660 36 0
3208 3825 83 16 19953 12656 58 20
12651 16970 137 49 4951 16660 54 20
15439 22323 28 3 18848 18672 74 1
16970 16660 49 24 19953 3208 83 1
12656 18848 37 0 12651 18672 52 3
15439 4951 87 23 3825 22323 48 0
