17116 16010 109 4 7110 7400 194 44
6103 10435 214 40 4175 14568 136 35
7196 7258 209 40 8672 13416 152 23
9925 19415 151 32 15523 18397 162 39
11384 7247 155 48 19368 8696 137 31
16736 13206 171 52 21311 17111 98 44
10435 7110 113 47 13416 7196 136 27
8672 16010 184 40 19415 15523 92 20
11384 4175 49 0 7258 17116 133 20
21311 14568 173 50 18397 7247 180 59
16736 8696 155 37 13206 9925 136 48
17111 6103 108 43 7400 19368 171 49
19415 7110 149 20 11384 10435 182 58
7247 7196 115 24 17116 15523 85 20
13416 13206 114 43 9925 14568 217 58
19368 6103 170 53 7258 21311 219 62
8696 18397 248 34 16010 17111 111 20
7400 8672 145 27 16736 4175 151 34
7110 15523 91 20 14568 13206 127 20
17116 13416 160 23 19368 19415 107 43
17111 9925 125 0 7247 7258 179 50
18397 11384 191 49 6103 8672 164 58
4175 7400 111 23 7196 8696 140 28
10435 16010 211 43 21311 16736 148 56
14568 17111 170 30 19415 17116 100 0
7110 8672 189 44 6103 7247 179 67
13206 18397 157 44 7196 7400 169 47
4175 19368 108 28 16010 9925 191 60
15523 11384 79 23 13416 16736 161 7
8696 7258 201 25 10435 21311 192 47
7247 19415 111 20 13206 6103 110 46
14568 7196 196 58 16010 19368 145 43
15523 13416 115 26 17111 4175 119 22
8672 17116 194 44 8696 10435 216 64
7258 16736 113 52 18397 7110 212 44
7400 21311 194 59 9925 11384 123 32
