12596 20716 51 17 18886 14361 105 0
7064 11503 46 20 16525 21438 147 28
17264 19591 98 40 7797 17113 143 50
7079 6299 109 20 19746 3781 218 40
19853 11093 133 34 19852 5628 103 5
22394 19380 110 20 12670 4546 78 0
17315 6990 99 28 14363 20240 105 20
21893 21432 78 25 16311 21323 110 20
18884 19746 212 64 9527 7797 159 55
19852 21438 155 25 3781 20716 137 52
12670 7079 128 5 17264 7064 47 20
17113 22394 182 47 19853 12596 143 14
16525 20240 60 0 21323 18886 136 32
9527 5628 137 40 19380 21893 32 23
11093 17315 209 60 21432 11503 68 23
6299 6990 135 20 4546 18884 12 0
14361 14363 224 65 19591 16311 134 24
20716 22394 77 40 21323 17264 146 44
20240 17113 73 22 7079 21893 147 25
7064 3781 117 20 19380 19853 101 30
5628 12596 107 23 17315 18884 158 48
19746 4546 248 64 19591 19852 85 5
14363 16525 124 20 9527 11093 246 71
11503 16311 112 30 18886 6990 97 0
21438 12670 145 50 14361 21432 165 20
7797 20240 186 56 20716 6299 194 56
12596 19591 112 24 3781 21893 120 27
7064 9527 45 30 17315 19852 109 0
17264 5628 117 25 14363 19746 242 64
19380 16525 51 2 17113 21432 137 30
6299 18886 157 4 21438 22394 118 55
18884 11503 110 20 21323 12670 117 44
16311 4546 165 40 19853 7797 166 43
11093 7079 170 45 6990 14361 132 35
20716 17315 105 24 19591 16525 60 22
21432 14363 139 20 22394 7064 17 0
3781 21323 188 52 5628 17113 168 29
11503 19853 133 30 6299 9527 198 55
21893 14361 138 41 18884 17264 93 20
6990 7797 136 23 12596 21438 104 25
19852 16311 149 45 20240 12670 65 20
19746 18886 197 64 11093 19380 162 28
7079 21323 163 48 4546 20716 142 40
