16012 20325 59 0 14445 18227 137 50
21533 11030 57 40 6169 9045 38 2
17658 4705 36 2 9054 16412 90 20
20039 21607 67 30 13811 6566 92 20
20051 15226 50 4 9161 20040 59 0
22539 20313 54 2 18310 18072 15 0
13657 18327 17 2 21330 21921 110 28
8291 18270 89 45 4745 16802 92 0
13472 6169 71 14 6566 4705 34 0
9054 9045 44 0 20325 20040 80 0
18310 20039 11 0 21533 14445 34 0
11030 21607 53 20 20051 21330 126 38
16412 18227 188 30 18327 18072 34 22
21921 17658 37 1 13811 18270 162 40
20313 9161 135 40 13657 4745 28 2
13472 16802 125 20 16012 22539 32 2
15226 4705 93 14 9045 8291 65 25
20051 14445 50 20 18327 6566 48 22
9054 13811 65 20 18227 6169 152 20
18072 20040 56 20 17658 4745 62 0
16802 9161 84 20 18310 21330 108 20
21921 8291 5 0 20313 16012 107 20
15226 13657 59 12 11030 20039 37 20
16412 18270 149 65 20325 13472 178 49
21533 17658 51 21 21607 22539 76 22
14445 13811 74 20 4705 16802 83 22
4745 18327 39 2 9045 18310 92 40
20039 20313 43 0 20040 6169 62 2
8291 20051 23 0 13657 16412 91 22
22539 20325 110 22 11030 21921 25 3
18227 6566 150 40 9161 21533 80 40
18072 13472 146 44 21607 9054 65 40
18270 21330 199 49 15226 16012 70 4
6169 18310 29 3 17658 20051 139 2
20040 18327 13 2 4705 11030 48 20
22539 9161 56 0 8291 14445 48 0
16802 9054 116 40 21921 20039 8 0
18227 4745 151 20 21607 15226 108 34
18072 21533 85 40 20325 13657 41 10
6566 16012 39 0 16412 9045 131 40
21330 13811 204 58 20313 13472 68 24
18270 20051 183 45 18327 9054 33 22
