3666 6174 100 20 22265 11794 87 11
10523 10984 151 28 11365 7156 33 2
8081 10111 144 24 20775 14835 71 20
14855 22256 72 4 14624 15135 41 0
16647 13968 51 0 10369 12767 142 53
22120 21579 175 55 18420 19728 122 20
3666 22265 94 43 10111 10523 88 23
6174 7156 63 23 22256 20775 64 0
10984 8081 79 4 16647 14624 33 0
22120 14835 150 40 13968 11365 47 2
15135 11794 116 24 12767 21579 176 63
18420 10369 136 44 14855 19728 130 45
14624 6174 54 25 16647 10523 121 20
10984 22256 62 0 22120 22265 81 20
14835 12767 140 40 7156 3666 79 22
20775 21579 84 0 10369 14855 115 44
11794 18420 115 20 8081 13968 87 20
15135 11365 59 3 19728 10111 146 28
22256 12767 67 25 14835 10523 98 0
14624 22120 84 22 10369 3666 118 43
7156 16647 88 23 11794 14855 117 49
13968 10111 97 24 21579 10984 173 63
11365 22265 51 0 18420 20775 93 20
19728 15135 126 20 6174 8081 160 46
11794 10369 132 24 10523 22256 59 0
10111 14855 140 29 12767 22120 161 44
22265 7156 70 0 13968 14624 50 7
14835 18420 140 40 15135 16647 131 20
21579 8081 163 48 6174 11365 80 2
19728 20775 174 44 10984 3666 96 47
