4324 9925 96 27 3788 7130 27 4
12168 4150 146 43 5153 8695 80 28
4175 10110 52 2 20307 9988 59 6
6121 13352 29 0 10107 8732 34 2
7130 11418 35 2 5153 3788 28 2
9988 12168 132 25 20307 4324 46 20
13352 10107 79 20 10110 9925 60 10
6121 4175 59 5 4150 11418 91 20
8695 9988 120 27 8732 3788 13 2
7130 5153 11 2 10107 10110 46 20
12168 4175 71 25 9925 6121 135 23
8732 11418 35 2 4150 4324 78 0
8695 20307 78 20 13352 7130 28 2
3788 9988 17 3 10107 6121 56 20
4150 8732 73 2 12168 10110 119 23
13352 5153 20 0 4324 4175 42 22
9925 20307 62 0 11418 8695 13 4
7130 4150 97 23 9988 10107 18 2
12168 3788 119 23 4175 13352 49 7
10110 4324 52 20 6121 8695 49 4
9925 8732 94 25 20307 5153 31 0
11418 10107 33 20 7130 12168 113 25
