12797 11635 13 0 11808 15637 174 32
16473 19766 56 0 11803 12989 40 0
22144 12201 284 56 22764 22646 54 0
11192 12016 73 20 21770 15811 32 0
13452 21850 58 0 20669 18735 40 2
22947 9662 23 0 12363 15141 52 0
11443 14869 81 0 12989 18833 20 0
11192 11803 126 12 22144 12797 97 36
12201 11635 106 20 20669 21770 32 3
19766 22947 33 0 12016 21850 41 5
11808 11443 100 0 9662 22764 89 20
15141 22646 37 0 16473 18735 38 0
13452 12363 55 0 15811 18833 90 20
15637 12016 138 40 14869 22144 111 20
12989 21770 13 0 21850 9662 50 0
18735 12797 36 0 22947 22764 63 0
11635 15811 77 0 19766 11443 35 0
12363 15637 82 0 11192 12201 135 30
18833 20669 97 3 16473 11808 58 0
11803 13452 73 23 14869 15141 18 0
22646 21850 26 0 11443 12797 94 20
18735 12363 96 20 11635 22144 146 34
22947 15811 122 33 12201 16473 111 20
9662 14869 48 10 19766 11192 71 30
12989 11808 48 20 22646 13452 70 20
20669 22764 44 3 12016 11803 82 35
21770 18833 57 10 15637 15141 187 50
14869 16473 70 0 12797 12363 43 20
15811 22144 188 62 21850 11808 99 20
12201 12989 70 0 18735 12016 87 40
18833 11803 47 0 11635 9662 60 2
22646 19766 40 10 15637 20669 184 40
21770 13452 54 0 11443 22947 56 3
15141 11192 144 0 22764 12989 33 0
