8142 13666 97 22 11193 8492 133 45
19770 9297 72 23 15301 9458 33 2
11617 15191 41 20 21537 10735 41 0
17039 21491 33 20 19383 11618 51 23
11729 9895 70 20 8511 6811 35 0
12362 19382 17 0 10645 10644 190 52
13667 15411 16 2 21859 15120 68 23
14018 15119 55 23 19925 10721 61 20
15555 8656 129 32 10552 19770 17 0
9297 11729 61 23 8142 19383 61 5
15301 11618 98 23 12362 11617 40 20
11193 15120 93 26 21537 9458 43 2
8492 14018 68 0 19382 8511 44 20
13667 10645 90 26 15555 17039 127 29
10735 21491 76 20 10552 15411 28 3
9895 10644 153 49 15119 13666 8 5
6811 21859 86 20 15191 19925 69 21
10721 8142 60 20 8656 11617 49 23
11729 15301 32 20 8492 13667 66 8
10735 19383 100 20 15120 12362 46 10
10644 21537 162 49 14018 19770 79 40
15191 8511 42 0 21491 10645 86 23
9458 19925 42 3 13666 15411 18 5
15119 21859 50 23 9297 15555 132 29
6811 10552 21 2 19382 11618 47 23
17039 11193 139 48 8656 9895 63 23
10721 8492 72 30 15191 12362 52 15
21491 11729 36 20 15120 14018 72 23
13666 19383 21 3 21859 11617 145 40
21537 6811 53 2 15411 15301 77 23
9458 8656 21 5 13667 15119 25 3
15555 10735 155 49 8511 8142 73 20
11618 11193 123 43 10644 10721 101 19
19925 19382 95 21 19770 17039 30 0
10645 10552 116 23 9297 9895 74 22
11617 8492 99 25 9458 6811 29 2
15119 12362 23 3 21491 8142 59 0
8656 21537 33 3 11729 21859 39 20
19383 8511 34 20 19925 10644 198 49
19770 15191 47 20 11618 13667 53 26
9895 15120 40 22 15301 15555 117 29
14018 13666 76 20 10735 10645 109 20
15411 19382 16 3 11193 9297 136 31
10721 10552 12 0 17039 11729 93 40
