14706 19847 147 34 15004 15301 120 27
12862 5386 176 30 19383 8845 30 20
15819 19382 61 23 21456 10615 91 5
15465 7065 181 50 5957 10721 90 23
21331 17039 46 15 12722 8239 89 22
7047 12775 106 6 13462 21672 116 45
15004 5386 145 58 12862 15819 114 45
8845 5957 124 43 10615 19847 121 27
21456 12722 153 47 15301 15465 96 25
7065 19383 48 0 12775 21331 84 14
17039 10721 24 0 7047 14706 75 10
21672 8239 87 34 13462 19382 105 23
15819 12722 130 47 19847 12862 81 17
15004 12775 102 2 8845 15465 167 45
21331 7047 60 10 5386 5957 159 55
8239 21456 87 26 10721 19383 83 0
7065 13462 92 5 19382 14706 90 26
15301 10615 82 9 21672 17039 110 23
5957 12775 79 16 5386 12722 127 34
8239 15465 126 32 19847 7047 51 14
14706 8845 144 44 21456 21331 78 34
17039 19382 16 2 19383 15004 72 23
10615 21672 135 14 7065 12862 76 12
15301 13462 126 26 10721 15819 87 30
12775 14706 104 35 5957 8239 74 26
5386 19847 157 37 17039 21456 78 23
7047 8845 45 10 12722 7065 158 44
10721 13462 58 30 10615 15004 188 25
15465 19383 70 28 15819 21672 157 47
21331 12862 89 20 19382 15301 21 3
