4097 3058 30 20 8610 750 107 47
18119 19439 39 4 13727 18108 134 38
12000 3965 12 0 12808 11556 69 0
18119 13727 57 5 3058 750 28 0
18108 8610 140 24 11556 12000 19 0
19439 12808 120 20 3965 4097 32 0
18108 11556 51 0 3058 13727 17 10
3965 12808 70 23 8610 18119 162 36
750 12000 32 0 19439 4097 44 20
8610 11556 103 26 13727 12808 75 10
750 4097 53 20 3965 18108 79 4
3058 18119 40 2 12000 19439 57 0
18108 750 103 24 12808 8610 129 26
13727 3965 23 0 12000 3058 7 0
11556 19439 70 0 4097 18119 70 25
