16192 9367 74 0 16884 10092 218 85
13089 22567 78 0 6016 9892 106 22
19743 22687 42 0 11285 9164 121 20
22529 13084 65 22 10793 14140 232 60
16884 9367 49 0 9892 13089 101 20
11285 19743 100 20 6016 16192 82 25
10793 10092 145 25 22687 14140 105 0
9164 13084 70 22 22529 22567 95 20
9367 9892 50 20 16192 19743 123 50
14140 16884 149 40 22687 11285 68 20
22567 6016 94 40 10092 22529 96 25
9164 13089 115 40 13084 10793 105 20
14140 9892 114 25 16884 11285 74 40
22687 22567 84 0 9367 6016 69 20
10092 16192 127 25 10793 9164 119 20
13089 13084 87 20 22529 19743 119 15
14140 11285 196 55 22567 9367 66 20
6016 10793 129 45 9892 9164 138 20
19743 16884 177 60 13084 10092 69 5
13089 22529 59 0 16192 22687 71 23
9164 6016 116 40 9367 14140 167 55
19743 10793 121 0 22567 16884 137 40
11285 22529 94 20 10092 13089 120 50
9892 16192 151 43 13084 22687 32 0
