14144 10183 85 20 12463 22107 66 24
16409 16476 69 0 14183 20760 10 0
21905 14381 37 0 22173 20092 49 0
22106 16785 5 0 22507 16410 0 0
22621 12463 36 4 18917 16788 90 22
14144 16409 38 0 20092 21905 39 0
10183 22107 69 20 16476 16410 21 0
22507 16788 93 20 20760 14381 29 0
16785 22173 156 45 22621 18917 18 2
14183 20092 25 0 22106 16410 48 0
20760 22507 17 0 12463 21905 26 4
22173 16409 62 20 16785 10183 115 40
18917 14144 57 22 16788 14183 83 20
22107 22621 40 0 14381 22106 1 0
12463 16476 30 0 16785 20092 77 20
16410 14144 91 0 22173 20760 40 20
10183 14183 61 20 14381 22621 30 0
16476 22106 13 0 21905 18917 42 2
16788 22107 98 20 22507 16409 45 0
16410 16785 87 25 14381 14144 71 20
20760 12463 33 0 22621 22106 6 0
18917 22507 54 2 16409 10183 108 45
16788 22173 134 20 20092 16476 75 23
21905 14183 45 0 22107 16785 76 5
16410 14381 54 0 16409 12463 76 0
16476 22621 32 3 14144 22507 78 20
22106 21905 28 0 10183 16788 97 40
20092 20760 8 0 22107 18917 46 2
14183 22507 37 0 12463 22173 79 24
