17366 7498 0 0 9060 17367 10 10
7497 17368 0 0 7474 7470 2 0
7499 15436 10 0 7496 17365 8 2
17368 7474 57 0 9060 7473 1 0
17365 7499 12 10 7470 17367 24 20
7498 7496 20 2 7473 7497 7 0
17367 17366 6 0 7474 15436 23 0
17368 9060 12 0 7473 7496 24 2
7499 7497 4 2 17365 17366 4 0
7470 15436 22 0 7498 7473 20 2
17365 17367 4 0 7497 9060 7 2
15436 7498 41 0 7499 17368 4 0
7496 7470 48 2 17366 7474 4 2
7473 17368 19 0 17367 7499 6 2
7496 7474 11 2 7498 17365 38 2
15436 9060 0 0 7497 7470 20 2
17366 7473 39 0 17368 17365 26 2
