12875 13302 10 0 5968 10343 0 0
7959 11180 118 25 10785 5573 17 0
8405 10669 92 47 4102 18051 47 25
10874 19871 17 0 19823 17670 29 2
10785 6936 79 26 7959 5968 20 11
13302 5573 46 2 12875 8405 124 27
11180 18051 188 49 10874 17670 16 0
10669 6936 47 22 10343 19823 6 0
19871 10785 55 24 4102 8405 52 7
13302 5968 33 0 10874 18051 90 25
17670 7959 20 1 10669 12875 12 0
6936 10343 17 2 19871 11180 111 0
4102 19823 2 1 5573 5968 43 3
7959 10785 40 5 13302 10874 69 0
11180 10669 109 24 8405 19871 50 20
18051 12875 107 25 19823 6936 31 2
17670 10343 28 10 5573 4102 66 3
5968 10874 149 0 10669 19871 20 0
12875 19823 9 0 10785 11180 162 28
17670 4102 45 10 6936 13302 54 2
18051 8405 167 47 10343 7959 12 1
5573 12875 18 0 10874 10669 22 0
5968 10785 75 4 11180 17670 139 34
10343 4102 28 0 19823 7959 32 1
19871 5573 62 3 18051 13302 134 25
8405 10874 130 27 6936 5968 32 2
