7417 8818 98 23 11649 14461 136 24
8013 5477 79 25 22692 7164 86 5
13867 7120 29 10 16145 10738 93 10
3540 21605 98 20 19506 21361 3 0
22942 4017 150 40 18826 6942 26 0
7164 17384 80 25 7662 13867 16 0
7120 22692 58 10 21361 8818 63 20
10738 19506 87 15 18826 8013 68 20
21605 16145 80 0 7417 4017 85 20
7662 11649 58 0 6942 22942 75 0
3540 5477 85 40 17384 14461 68 10
13867 7164 44 5 18826 21605 109 20
19506 11649 66 20 22692 4017 142 44
7662 16145 79 10 8818 3540 91 43
14461 8013 119 20 22942 7120 86 30
10738 21361 9 0 17384 7417 107 40
6942 19506 65 2 5477 16145 113 34
13867 8013 91 20 11649 3540 75 40
17384 22942 112 40 21605 22692 138 44
7120 7417 140 30 18826 7662 25 0
8818 10738 157 23 4017 5477 122 45
14461 6942 103 10 7164 21361 57 0
22942 7417 26 0 13867 19506 29 0
16145 18826 83 34 11649 17384 92 40
22692 7662 48 0 14461 10738 117 35
4017 3540 85 40 7164 7120 85 15
6942 8818 80 27 8013 21605 71 20
21361 13867 46 20 5477 18826 72 40
