8824 15523 45 0 20077 11384 104 23
18098 17116 12 2 17114 16754 12 2
18856 21627 55 0 17111 18139 34 0
19714 9566 12 3 19952 22131 25 3
16010 8824 137 20 20024 16754 13 2
17116 17111 15 0 11384 18098 44 3
15523 18139 62 0 22131 19714 13 0
20024 20077 132 29 21627 19952 54 12
17114 16010 125 20 9566 18856 29 3
18098 17111 17 3 8824 19714 59 20
15523 22131 21 2 17116 20024 11 0
17114 18856 66 23 20077 21627 108 20
16010 11384 112 20 18139 19952 81 3
16754 17111 34 2 9566 15523 18 5
19714 21627 58 10 8824 17116 30 0
22131 20077 88 24 18098 16010 87 23
16754 19952 19 5 18139 17114 89 0
9566 20024 33 3 11384 18856 93 6
21627 18098 63 13 15523 16010 82 22
22131 17114 42 6 17111 8824 76 0
18139 20077 148 20 17116 9566 11 2
20024 11384 60 3 19714 16754 39 2
19952 18098 12 6 18856 8824 61 0
