5784 21657 39 20 18362 11147 71 20
11145 14349 113 25 19218 18306 8 0
18359 11146 136 45 12554 21472 62 20
11144 19457 71 40 11258 19341 28 2
21520 15144 0 0 14339 18360 14 0
11148 19296 22 10 18363 19584 44 20
16188 18362 19 0 14349 21472 54 10
11258 12554 88 22 11147 11145 4 0
18360 11146 105 25 5784 19341 25 10
21520 18306 7 0 19296 18359 14 0
19218 19457 15 0 14339 11148 38 0
16188 11144 30 20 15144 18363 80 22
19584 11146 72 5 21657 11258 59 20
18359 18360 60 20 14349 11147 150 35
14339 19296 26 0 21472 5784 25 2
12554 19218 27 0 11144 21520 26 0
19341 18362 101 40 11145 18363 32 20
11148 21657 42 0 15144 18306 54 20
19457 18359 33 20 19584 16188 24 0
11258 5784 46 24 14349 21520 137 35
19296 19218 11 0 11146 18362 152 45
18363 14339 36 20 21657 12554 0 0
11147 11148 68 0 19341 16188 96 0
18306 19584 26 20 18360 11144 20 0
21472 15144 35 2 19457 11145 39 0
18363 5784 53 24 18359 19218 76 21
21657 19341 20 0 19296 14349 154 30
14339 11258 34 3 18306 16188 16 0
21472 11145 27 0 18360 11148 25 0
19584 15144 44 23 18362 12554 101 40
21520 11147 48 0 11146 19457 95 35
11144 14349 160 55 18359 14339 68 22
