21816 20737 74 0 8424 12928 111 40
20020 3708 99 30 8886 18244 143 23
7161 16556 90 20 18030 21927 0 0
12928 6209 126 24 6272 8886 149 51
3708 18030 116 40 21816 21927 51 10
8424 7161 113 40 20020 6272 125 22
20737 6209 54 4 16556 18244 104 20
12928 8886 168 29 18030 8424 125 40
18244 6272 186 44 16556 21816 68 10
20020 20737 75 10 6209 3708 133 24
21927 8424 107 20 7161 18244 61 20
18030 21816 126 30 6209 20020 68 10
16556 12928 115 0 3708 7161 55 40
6272 21927 82 30 20737 8886 96 26
6209 18030 109 24 3708 8424 143 40
21927 16556 97 30 12928 20020 97 15
8886 21816 175 30 20737 7161 51 20
6272 12928 202 44 18244 18030 95 40
