22895 20249 18 2 14482 22717 31 0
12456 13822 44 2 19947 22236 130 22
22045 20394 114 0 21386 11947 73 22
14503 16685 173 65 10354 10055 94 40
22236 20249 111 20 19947 22895 36 2
12456 22045 34 0 20394 14482 109 20
11947 10354 89 25 10055 13822 77 2
22717 14503 158 25 16685 21386 77 40
14482 22895 4 2 20394 19947 135 20
10354 22236 178 40 20249 11947 24 0
21386 22717 90 20 10055 12456 52 20
14503 13822 107 27 22045 16685 58 40
22236 14482 88 20 20394 10354 185 40
21386 10055 64 40 20249 19947 119 25
14503 12456 79 20 13822 22895 49 2
11947 22045 62 22 16685 22717 57 20
10055 14482 16 0 22236 21386 112 20
13822 20394 115 20 20249 14503 185 50
11947 16685 47 22 22895 12456 46 2
10354 19947 186 40 22717 22045 38 0
