10161 6460 4 0 8397 6945 144 26
6347 17022 24 0 7420 11607 115 35
12399 14903 93 20 10475 6567 118 20
16700 22277 73 44 12915 12870 30 20
21429 6454 34 0 14281 12833 177 53
4809 20807 27 0 18773 7486 81 23
11393 21428 123 40 20018 6460 49 20
12399 7420 94 20 16700 10161 23 20
12870 12833 107 6 17022 6567 62 20
6945 7486 24 0 12915 14281 83 20
8397 10475 180 46 4809 11393 54 10
11607 20807 44 2 21428 21429 72 0
22277 6454 97 49 18773 6347 127 25
14903 7486 112 20 16700 20018 29 20
4809 6460 88 30 6567 12915 124 44
12870 11393 37 20 21429 12399 85 20
21428 10475 127 20 6347 6945 38 0
7420 18773 117 20 12833 20018 112 33
14281 14903 135 45 11607 8397 115 26
22277 10161 40 24 20807 17022 31 0
6454 4809 71 30 12870 21428 57 20
6567 6347 119 20 7486 21429 95 45
14281 16700 81 40 6460 10475 71 22
20018 11607 39 2 12399 22277 95 20
12833 12915 124 23 14903 10161 100 25
20807 7420 104 20 6454 8397 104 26
17022 6945 42 0 11393 18773 122 20
7486 12870 42 20 10475 11607 44 20
6347 14281 66 20 10161 4809 70 30
6460 12399 97 20 12833 20807 128 33
22277 6567 136 44 7420 11393 112 40
18773 8397 179 51 21428 16700 97 25
20018 12915 37 4 17022 6454 37 20
6945 21429 72 20 14903 4809 86 30
