8565 12977 154 47 14523 17338 99 22
11472 22703 25 20 11425 11341 50 0
18698 17802 104 20 13072 22071 52 15
18860 17294 68 0 16176 20838 111 24
12977 11341 94 20 11425 8565 70 0
17802 14523 141 20 11472 22071 79 20
22703 16176 137 53 13072 20838 91 10
17338 17294 86 23 18698 18860 53 13
22071 17802 102 40 8565 11341 119 55
11472 20838 57 20 12977 16176 135 49
13072 11425 106 25 18860 17338 63 13
22703 14523 147 45 18698 17294 111 26
11341 16176 128 28 17802 12977 123 45
20838 22071 103 0 17338 13072 69 18
14523 8565 142 30 22703 18860 72 30
11425 18698 121 10 17294 11472 77 7
20838 17338 62 3 11341 17802 94 20
18860 12977 147 25 22071 22703 67 40
16176 11425 115 9 14523 18698 79 23
17294 13072 69 15 8565 11472 133 40
17802 18860 99 30 12977 22703 107 45
22071 18698 55 22 20838 11425 95 0
17338 8565 170 42 16176 11472 56 0
11341 13072 82 25 17294 14523 117 46
