4054 18104 47 0 13052 7732 47 2
7830 17303 34 3 16655 4053 32 20
18079 6427 149 0 16942 19373 124 50
3861 4054 79 20 17303 5953 28 3
7830 13052 46 2 16942 6427 132 45
3861 4053 49 0 18079 18104 118 22
19373 16655 61 0 5953 7732 32 2
6427 18104 88 27 17303 18079 106 25
19373 13052 57 0 4053 5953 40 3
7732 4054 28 0 7830 16942 123 32
16655 13052 108 10 3861 19373 72 20
7732 18079 135 27 17303 4054 58 0
16942 16655 104 40 18104 4053 24 4
5953 3861 74 20 6427 7830 90 22
16655 17303 18 2 13052 16942 34 0
4053 7732 21 2 6427 3861 110 25
18104 19373 40 0 4054 7830 47 0
5953 16942 97 3 18079 3861 113 40
4053 6427 109 35 4054 16655 53 22
13052 18079 116 5 7732 7830 41 3
18104 17303 33 3 19373 5953 59 3
