21508 16179 76 40 15303 15091 145 56
13273 13276 71 40 21380 5285 290 52
18457 21788 200 35 22124 5325 44 20
5921 15046 98 0 21525 19024 89 20
10789 22471 113 24 9881 21507 110 40
5325 18457 109 30 13276 15303 64 24
21380 19024 170 36 21508 22124 32 2
16179 21507 121 40 15046 13273 80 40
15091 22471 174 57 5921 10789 116 20
21525 5285 85 0 9881 21788 174 25
19024 21508 65 20 5325 21507 35 22
10789 15303 144 27 21380 5921 188 36
5285 9881 96 20 16179 22124 6 2
15091 21525 120 26 18457 13273 189 35
22471 15046 121 24 21788 13276 89 40
21507 21380 96 10 5285 5921 112 5
10789 5325 45 2 16179 21525 78 0
21508 9881 176 25 15046 18457 134 20
22124 13273 24 2 15303 22471 190 44
13276 19024 118 23 15091 21788 185 23
5325 5285 41 2 15046 10789 50 20
18457 21380 247 73 22471 16179 42 4
15303 9881 162 44 19024 15091 107 28
22124 13276 71 3 21507 21525 74 0
21788 5921 149 25 13273 21508 93 20
