6426 14631 118 20 6985 21737 70 10
16310 16208 68 4 13201 10829 110 29
21738 18663 13 0 16327 6984 44 20
18661 18571 85 10 10760 9225 189 20
16252 13625 84 20 16460 8680 173 48
19927 11570 83 22 12966 10100 73 20
21578 9956 161 17 16217 21180 67 20
21737 21738 19 0 16208 13201 134 30
16327 6985 49 5 16310 9225 188 40
10829 6984 101 24 18661 16252 103 40
16460 10760 148 44 11570 6426 85 0
9956 13625 121 10 18663 19927 84 25
12966 14631 107 2 8680 16217 79 35
18571 10100 22 0 21180 21578 200 50
21737 10829 92 14 21738 9225 19 0
16208 16460 156 30 18661 6985 23 0
10760 19927 148 40 16327 16252 98 40
6984 16310 162 40 14631 9956 156 55
8680 13201 120 49 10100 21180 106 40
21578 6426 127 5 13625 12966 53 0
16217 11570 41 0 18663 18571 32 0
6985 10760 104 20 19927 10829 133 49
9225 16208 124 20 14631 16252 81 20
21180 16460 230 53 6984 21737 72 20
13201 16327 91 45 9956 12966 125 45
18663 16310 81 24 6426 18571 74 0
11570 8680 152 20 21738 21578 64 25
10100 16217 40 0 13625 18661 17 0
9225 19927 112 5 6984 16208 48 10
21180 12966 124 30 16252 6985 43 30
10829 14631 152 44 18571 16460 101 24
13201 18663 85 20 21578 10760 120 20
13625 16327 37 0 11570 21737 75 10
9956 18661 129 30 8680 6426 114 20
16217 21738 73 0 10100 16310 110 24
