7350 7040 60 30 8816 16367 26 1
18671 10096 45 2 14975 15589 23 3
4347 9853 35 2 11697 10788 63 0
21630 12116 138 44 609 11754 97 25
21226 17009 67 21 11248 8812 31 0
15589 4347 66 0 7350 16367 85 21
10788 609 57 2 14975 8816 24 3
10096 21630 148 44 11248 9853 79 42
17009 18671 26 3 11754 21226 104 20
8812 7040 55 0 12116 11697 82 24
15589 11248 0 0 609 9853 14 5
21630 14975 68 23 17009 4347 33 0
12116 7350 78 24 10788 21226 74 21
11697 8816 84 20 18671 16367 72 18
7040 11754 75 10 10096 8812 58 0
14975 17009 37 3 9853 12116 73 27
11697 11248 163 20 8816 15589 4 3
21226 609 42 23 4347 7040 59 10
8812 7350 39 20 18671 21630 100 23
16367 10788 63 3 10096 11754 97 25
7040 8816 11 10 15589 17009 13 2
4347 18671 71 22 11248 12116 70 4
609 8812 32 2 10788 10096 67 20
16367 14975 36 3 21226 21630 95 21
11754 7350 98 40 9853 11697 89 23
8816 10096 38 0 12116 4347 70 24
21630 10788 103 20 7040 18671 37 13
16367 11697 164 21 17009 609 55 4
11754 11248 137 25 7350 14975 40 3
9853 15589 29 3 8812 21226 144 21
