12900 12106 58 3 21127 9626 113 2
21462 10143 66 20 15084 11339 85 40
15524 15083 95 43 21354 7904 9 2
12927 22123 53 40 12926 20754 15 0
12106 15084 37 20 12900 14524 121 3
9626 7904 23 0 10143 21354 15 0
11339 12926 37 20 20754 15524 58 0
22123 21462 72 40 15083 21127 111 40
15084 14524 154 40 7904 12927 10 2
20754 11339 70 0 12926 12900 56 23
21127 22123 87 20 15524 9626 95 20
21462 21354 34 0 14524 12927 113 41
12926 10143 4 0 15083 12106 78 0
20754 21127 147 25 7904 15084 17 2
21462 12900 108 43 22123 21354 64 40
15083 12927 129 25 11339 9626 70 20
12106 14524 64 0 10143 15524 97 40
7904 12900 56 6 12926 21462 45 20
21354 15084 45 20 22123 11339 26 0
9626 15083 118 25 14524 20754 60 21
15524 21127 121 20 12927 10143 61 40
11339 7904 16 3 12106 22123 45 21
9626 12926 81 5 15084 21462 116 40
12927 15524 112 20 12900 15083 90 46
21354 20754 75 24 10143 12106 48 22
14524 11339 147 31 21127 12926 108 25
