21601 20683 30 0 21318 20434 126 20
5549 20086 53 21 22377 22759 94 50
16582 8569 116 44 21381 20056 31 0
21404 19768 123 28 21465 21401 27 2
8300 21351 226 60 4949 9021 6 2
14200 5549 102 21 16582 20081 72 24
21381 22377 159 60 20434 21404 127 30
20683 8569 124 21 21351 19768 185 48
21401 9021 25 0 20086 20081 23 0
20056 21318 62 0 22759 4949 44 2
8300 21601 34 20 14200 21465 39 23
20434 20081 97 35 21404 16582 108 24
22377 21401 57 0 8569 21318 125 21
20086 21381 38 20 21351 21601 139 23
22759 21465 36 0 9021 20683 21 0
20056 5549 102 1 19768 8300 117 32
4949 21404 23 10 14200 20086 72 23
20081 21318 52 20 21465 21351 115 25
20434 22759 55 20 8569 8300 182 40
20683 14200 70 20 22377 20056 132 30
19768 9021 123 24 21601 16582 72 24
21401 4949 47 2 5549 21381 94 40
21465 20086 18 0 20056 20434 110 25
16582 8300 252 59 21318 20683 81 0
9021 21404 15 2 8569 5549 108 21
21601 4949 73 2 20081 22377 122 45
19768 22759 128 32 21381 14200 65 23
21351 20434 202 51 21401 16582 45 26
