20732 19053 18 0 19091 19073 190 40
17844 19086 107 24 15965 15972 90 40
19056 19062 124 40 20329 19082 85 25
22754 19049 105 20 17870 21033 75 55
19342 15975 129 24 18160 17875 162 40
19109 19104 183 25 20043 19120 122 34
17243 21056 115 27 19055 19151 158 24
17881 19246 109 25 9662 19079 113 20
21972 19116 106 25 19063 17532 97 27
17871 22044 117 30 19134 19110 90 0
19099 19115 160 60 21044 20135 49 0
17855 15966 109 25 11808 19117 108 0
19061 17860 134 45 22552 19072 126 24
17089 17965 88 20 20265 19102 57 0
19242 19065 71 0 19054 14278 143 40
19119 21089 89 20 19077 19292 126 40
15989 20985 50 20 19097 16166 236 39
19047 21031 148 20 14277 19176 175 65
19103 17624 153 35 19094 12632 79 25
21996 18338 102 0 19071 12560 218 60
19074 20043 164 50 19111 19076 76 0
19246 19073 126 43 17243 17844 182 44
18160 19079 210 35 21056 15965 13 0
20329 19342 34 0 19063 19049 144 24
19116 19104 240 75 17881 19115 64 5
17532 17870 83 5 19117 17871 108 20
11808 15975 129 20 19110 9662 57 25
17089 15972 145 45 19061 19056 111 40
17875 19082 85 20 19053 19109 135 20
22552 19120 142 25 22754 19119 57 25
21033 19091 146 14 19086 15989 65 22
19176 15966 101 24 19065 21044 47 3
19072 19099 46 24 19242 17624 78 10
21031 16166 70 40 22044 19094 137 3
19111 19077 118 40 19062 19134 136 25
14278 20265 93 25 17855 14277 140 40
19097 19076 100 10 19292 19071 103 32
19151 20732 157 42 18338 19074 163 30
20985 21996 31 0 19103 19054 59 40
19102 12632 89 20 19055 21972 188 52
12560 17965 187 65 17860 19047 124 25
20135 20329 162 28 21089 19246 131 40
19104 17875 167 50 17871 21056 117 10
19063 19117 145 46 15975 19079 99 4
19110 19120 78 20 15989 19049 142 45
19082 19176 68 24 19061 19116 147 21
17624 17870 144 35 17844 19119 115 44
19094 22754 20 0 20043 17243 176 40
19072 21031 85 44 19134 19073 60 10
19091 17089 106 40 18160 22044 240 40
9662 17532 106 20 19292 22552 65 20
17855 19111 176 40 19097 20732 48 0
15966 19103 94 40 20265 19099 138 20
19065 20985 99 44 19062 19151 195 50
14277 11808 167 20 18338 19054 130 45
17860 19086 160 44 19076 19102 73 10
19342 21089 87 45 19047 21996 110 20
19053 19071 173 20 19056 20135 125 20
21033 19077 44 23 15972 21972 108 40
16166 12560 201 52 19115 14278 102 30
17965 19055 93 20 21044 19109 161 27
15965 17881 168 40 19242 19074 131 40
12632 19110 98 20 19117 17844 172 24
17875 22754 129 50 19176 19134 84 30
19049 19119 159 45 19072 17089 107 24
17532 18160 143 35 20043 20329 93 40
22552 15989 97 40 17243 17624 192 40
19082 17871 96 25 19091 17855 136 29
20265 19062 157 25 19116 18338 227 25
20732 17860 137 25 19246 15975 43 0
11808 19097 196 35 21089 19102 85 23
19054 19094 39 0 19047 19076 141 20
19065 19099 142 45 19071 21033 101 38
16166 15966 155 45 19151 19086 143 28
19073 19056 104 20 17870 9662 157 40
17965 19063 114 37 15972 19053 116 25
19055 14277 202 40 19077 19104 134 30
22044 19109 161 45 20135 15965 124 24
19111 21056 35 0 21996 14278 155 20
19079 21044 187 28 19103 19061 109 5
12632 12560 255 65 17881 20985 121 25
21972 19292 91 24 19120 19242 114 22
19074 19342 162 30 21031 19115 39 5
17624 18160 178 30 20732 19116 92 40
19049 19062 207 50 17875 19097 51 0
19054 20265 49 20 17871 17860 166 35
19094 19071 109 40 15989 11808 127 0
19151 19047 118 24 19102 17532 37 0
19076 17243 156 20 19117 20329 76 40
19119 15972 204 45 15975 19082 98 26
19134 17855 141 60 19246 21033 81 40
19073 14277 174 20 15966 22552 99 40
19056 15965 66 20 19104 22754 186 35
20135 20043 143 44 19079 19176 141 28
21056 18338 151 40 16166 19065 193 60
21996 17881 83 40 19110 17870 96 25
21972 19103 122 40 19086 21031 174 54
19115 19061 176 50 19120 17965 117 20
19053 19074 116 30 19099 12632 134 40
19109 19242 169 45 19342 17844 183 55
21044 22044 10 2 20985 19111 99 20
12560 19055 217 55 17089 19292 115 44
9662 19063 172 40 21089 19072 145 40
14278 19077 167 40 17624 19091 101 14
15975 19097 95 7 17532 17243 147 20
19102 19117 78 25 19073 19094 79 23
14277 19151 169 65 19119 15989 127 20
21033 18160 96 0 17860 19056 105 0
17871 19047 98 5 15972 16166 192 60
17870 17875 132 35 15966 20732 26 0
21031 19246 129 20 19049 20043 156 25
19079 21972 221 53 17965 19065 89 20
19086 19134 90 30 19082 20135 160 48
17844 11808 180 43 21056 17881 111 15
18338 19053 143 35 19115 19111 100 10
19292 21044 60 20 22754 20265 111 40
15965 19054 67 20 12632 17089 128 40
14278 9662 104 40 19104 19103 118 20
19077 19110 158 40 19176 19342 174 50
19116 17855 85 20 19071 19055 80 20
19074 19061 156 25 20985 19063 126 23
20329 21996 106 20 22044 19242 100 40
19109 21089 203 65 12560 22552 215 64
19120 19091 64 4 19062 19072 142 25
19076 17871 214 30 19099 17875 131 0
