10139 13532 14 0 20349 20097 85 0
8672 18482 72 20 5062 15055 60 2
12745 10082 30 0 8743 4177 113 23
20349 10139 40 3 15055 8696 36 20
4177 18482 70 23 8743 13532 102 20
20097 12745 35 2 8696 8672 146 45
10082 4177 53 22 5062 10139 34 3
20097 8696 109 22 18482 15055 32 20
12745 8743 37 2 5062 20349 79 13
8672 15055 112 20 13532 10082 48 0
8696 5062 53 3 20097 8743 69 0
4177 20349 33 3 10082 8672 100 0
18482 13532 41 0 10139 12745 50 0
8696 20349 68 3 8672 4177 76 3
8743 5062 71 3 15055 10139 15 0
20097 10082 91 22 12745 18482 31 3
13532 8672 103 20 10139 8743 44 5
15055 20097 109 22 4177 12745 15 2
10082 5062 49 23 13532 8696 64 0
20349 15055 58 23 18482 20097 58 2
