4720 20778 57 25 22541 4721 21 0
9503 22540 18 0 10921 5681 22 0
15758 22382 49 2 4719 22629 43 2
22540 19935 3 2 4720 22541 51 5
20778 9503 17 0 22629 22382 30 4
4721 5681 43 0 4719 15758 81 2
10921 22629 25 2 19935 22541 19 1
22382 9503 22 0 15758 4720 62 22
22540 4719 59 0 20778 10921 7 0
5681 22382 27 0 4721 19935 30 1
4720 10921 51 5 15758 20778 42 3
22540 4721 59 0 19935 22629 34 2
22541 4719 32 0 5681 9503 35 0
22382 4721 16 0 10921 22540 16 0
19935 20778 16 3 9503 15758 7 0
22629 4720 72 20 5681 4719 44 0
22541 15758 64 0 22382 22540 24 0
