22336 21962 96 30 9840 22058 105 0
18071 14785 109 20 20000 8790 51 2
6455 4454 80 20 8080 10064 55 20
18071 8790 114 20 9840 22336 60 20
8080 22058 68 2 10064 20000 22 2
4454 21962 74 20 6455 14785 90 40
22058 10064 54 20 8790 9840 35 0
14785 20000 77 23 22336 6455 69 30
4454 8080 70 20 21962 18071 133 40
8790 6455 30 20 20000 22058 73 2
9840 8080 113 40 14785 4454 112 20
21962 10064 66 0 22336 18071 99 34
20000 6455 71 3 4454 9840 145 20
8790 22336 33 4 21962 8080 122 20
22058 14785 83 0 10064 18071 74 30
