9128 20763 37 0 8129 18209 38 5
701 9219 37 20 7093 22671 58 21
10773 22141 65 20 22142 20772 41 0
3032 701 132 15 9219 8129 52 20
9128 18209 40 0 20772 22141 65 20
3032 22142 47 10 10773 20763 64 20
22671 8129 38 20 22141 7093 140 41
22142 20763 86 30 701 9128 43 0
18209 20772 40 20 22671 3032 82 15
9219 7093 85 21 9128 10773 75 0
22141 22671 47 0 20763 3032 83 30
10773 18209 91 20 8129 701 74 20
7093 20772 79 21 9219 22142 51 30
22141 9128 50 20 701 10773 110 25
7093 22142 147 25 18209 3032 51 15
20763 8129 95 40 20772 9219 58 20
22671 701 69 3 3032 9128 47 15
20763 9219 120 40 18209 22141 75 20
8129 10773 58 40 22142 22671 62 10
20772 20763 40 20 701 7093 98 21
