22472 16321 92 20 21936 22740 74 5
22533 22676 44 10 19198 22030 31 10
20799 22675 42 0 22082 14863 49 0
22813 9887 29 5 16795 16326 85 0
22030 22031 19 0 19198 22472 30 0
22533 21936 175 58 14863 22675 104 25
22082 16321 43 20 22676 16795 75 20
16326 22813 71 30 22740 20799 37 10
21936 22031 105 30 9887 22533 52 0
16795 19198 34 20 22472 14863 55 5
22675 22030 67 13 16321 20799 45 5
16326 22740 57 10 22031 22082 40 0
22676 22813 23 0 9887 22472 61 5
20799 16795 56 0 21936 19198 131 55
16326 22082 60 0 16321 22533 28 20
22675 22676 44 13 22031 22813 54 10
14863 9887 77 0 22740 22030 54 10
22472 16795 45 0 20799 22533 85 30
22676 19198 106 20 22675 16326 34 0
22030 22082 61 10 22813 21936 79 35
16321 14863 105 40 22031 9887 11 0
22740 22472 42 10 16795 22675 92 0
