22534 22972 54 20 11454 12517 22 0
15296 772 69 20 18069 11841 12 0
19707 9121 53 0 20835 13900 32 2
3641 327 97 20 18984 13196 21 0
22199 15296 42 3 772 7021 28 20
19707 20835 2 0 11841 22972 61 20
327 11454 103 20 18069 13900 43 0
12517 13196 50 0 7021 3641 29 0
18984 22199 128 23 9121 22534 84 20
772 20835 34 20 13900 11454 57 23
13196 3641 58 0 22972 18069 26 0
11841 22534 55 40 327 22199 91 20
12517 18984 65 20 15296 19707 22 0
22972 7021 41 0 9121 772 57 0
13196 13900 76 23 22199 22534 85 23
18069 12517 27 0 20835 18984 50 20
15296 11841 42 20 3641 9121 71 20
11454 7021 90 20 327 19707 104 20
22199 18069 14 3 22972 12517 72 0
22534 13196 120 20 20835 15296 10 0
13900 18984 149 43 7021 11841 37 20
9121 327 77 20 19707 772 76 20
11454 20835 36 20 3641 22199 52 23
13900 22972 103 23 18984 15296 49 20
7021 19707 35 0 22534 18069 79 20
11841 9121 99 20 13196 11454 76 20
12517 3641 101 40 772 327 138 40
