22316 3650 39 0 18568 7609 63 20
14235 14496 93 40 14535 7159 56 10
3848 5015 37 20 22321 14338 6 0
6226 4216 4 2 18263 9049 63 0
14235 14535 81 20 3650 18568 65 20
22321 7159 2 0 7609 3848 65 0
14338 4216 52 2 9049 14496 60 15
18263 6226 32 0 5015 22316 13 0
14535 3650 52 0 3848 22321 35 0
14338 7609 65 30 4216 18568 102 20
14496 6226 74 20 5015 14235 34 0
7159 18263 103 27 9049 22316 29 0
14535 4216 98 27 3650 14338 44 20
7609 14496 106 20 6226 3848 30 0
7159 18568 88 20 18263 5015 72 20
22321 9049 21 10 14235 22316 41 20
3650 7609 62 0 14496 14338 82 20
18568 14535 68 32 6226 7159 71 20
5015 22321 44 40 4216 9049 20 0
3848 14235 72 0 22316 18263 26 5
14338 6226 4 0 7159 3650 53 20
9049 5015 9 0 7609 14535 135 23
18568 18263 74 25 14496 22321 103 20
22316 3848 24 0 4216 14235 90 23
