20948 21632 39 3 21707 9507 6 0
17506 20681 96 20 21897 22296 18 0
22774 11183 100 30 16158 21217 193 40
15492 21238 53 20 16118 20285 71 20
11574 18419 39 2 18959 18203 45 25
22317 21707 144 10 15903 11183 70 40
20948 21238 57 20 20681 16158 140 35
9507 15492 25 0 22296 18419 34 0
11574 15903 75 20 17506 22774 89 20
21632 16118 64 0 18959 21217 100 25
20285 21897 42 21 18203 22317 140 25
15903 21707 54 10 15492 16158 178 40
11183 20948 41 0 18419 17506 44 12
22317 21217 107 40 20681 18959 18 0
21632 21897 35 0 21238 11574 82 0
18203 16118 119 25 9507 22774 15 2
22296 15903 78 20 20285 18959 46 20
21217 15492 65 25 20948 21897 30 0
20681 21632 51 20 22774 18203 91 20
18419 20285 79 23 21707 11574 62 0
9507 22296 16 0 21238 11183 82 0
16158 17506 177 40 16118 22317 88 0
22774 18959 88 30 21707 20948 88 10
11574 15492 57 0 11183 20681 20 20
17506 20285 105 21 21217 9507 76 20
16158 22317 233 45 21632 22296 14 0
15903 16118 39 0 21897 18419 36 2
18203 21707 119 15 21238 17506 33 10
20285 20681 105 40 11183 21632 99 20
18959 9507 21 0 21897 16158 167 45
22296 20948 9 0 16118 11574 103 0
21217 18203 111 50 15492 15903 64 20
18419 21238 63 2 22317 22774 68 20
