16506 4964 82 10 8461 13132 94 2
11678 7678 70 20 6168 16303 132 35
18063 21586 53 20 5893 6889 129 30
4964 16303 83 22 6168 16506 75 10
11678 8461 50 0 6889 21586 51 12
7678 13132 93 25 5893 18063 113 40
6889 6168 39 10 21586 16506 55 2
5893 8461 116 25 16303 7678 69 25
13132 18063 104 20 11678 4964 36 20
16506 5893 126 25 6168 8461 69 20
4964 7678 108 23 21586 11678 11 2
18063 6889 89 30 16303 13132 51 4
16506 11678 52 0 7678 5893 139 45
21586 6168 25 0 8461 18063 85 0
6889 16303 78 12 13132 4964 112 20
8461 16506 80 0 18063 11678 39 0
16303 5893 133 27 4964 21586 90 27
13132 6889 60 2 7678 6168 91 3
