12968 15484 41 0 20388 12806 51 20
22504 11180 130 14 19823 4102 20 0
16903 5573 49 0 8405 19871 122 7
10874 19823 53 0 7959 12968 103 40
8405 16903 127 30 11180 15484 64 35
7959 22504 66 22 5573 20388 24 0
4102 19871 41 0 12806 10874 36 20
12968 5573 93 40 11180 8405 186 32
20388 7959 20 2 16903 4102 24 0
15484 12806 54 23 10874 22504 18 10
12968 19823 146 35 19871 16903 8 2
8405 7959 178 45 22504 12806 28 2
4102 15484 28 2 5573 19823 114 45
11180 20388 171 34 19871 10874 28 3
4102 22504 18 2 16903 12968 35 0
19871 11180 156 31 15484 7959 55 23
10874 20388 22 12 19823 8405 206 65
12806 12968 57 20 5573 11180 171 52
