20738 16402 45 20 16788 18425 86 0
12463 20361 69 5 16977 16476 64 0
10183 20091 136 20 19444 20760 75 10
20092 22224 14 0 16850 17259 68 20
16476 20361 73 20 16788 16382 53 0
18425 12463 45 0 19444 10183 139 30
16850 16977 56 0 17259 20738 128 23
20760 16382 105 20 16402 20092 24 0
22224 16788 95 20 20091 12463 79 0
17259 16977 61 20 10183 20738 89 20
16402 19444 74 20 20092 20361 63 20
22224 18425 49 3 20760 16476 115 20
20091 16850 134 20 16382 16977 90 43
17259 16402 67 40 12463 19444 114 25
20361 16788 76 20 10183 22224 68 20
16382 16850 75 40 18425 20760 85 20
16476 20092 25 0 20091 20738 176 40
19444 16977 82 0 22224 16402 41 20
16788 12463 126 25 16850 20760 44 20
10183 17259 90 25 16382 16476 112 20
20738 18425 85 0 20361 20091 80 20
20092 19444 117 30 16977 16788 104 40
16476 10183 14 0 16402 16850 80 0
20760 20091 151 40 20361 17259 55 20
20738 16382 95 20 12463 22224 38 0
16977 20092 41 0 18425 10183 125 20
