13507 22345 140 4 11536 22760 155 25
15343 11780 180 64 18151 14590 74 22
7078 20726 113 40 16169 17700 57 20
15534 19643 223 58 12758 20099 102 5
8888 17868 25 0 17455 11866 157 40
19774 10660 115 20 19695 16209 93 20
17630 12789 96 40 22346 17165 87 0
20726 17700 74 20 11780 22760 73 5
16169 19643 79 5 18151 22345 74 20
14590 11866 139 32 20099 13507 147 28
10660 8888 110 26 15343 12758 183 35
17165 7078 89 43 16209 17868 111 24
22346 17630 105 0 17455 19695 92 0
12789 11536 137 45 19774 15534 222 62
18151 20099 61 20 20726 22760 124 50
22345 10660 65 0 17700 11866 99 20
16209 16169 52 25 12758 14590 97 20
17165 15343 199 60 13507 17455 108 40
19643 22346 172 50 7078 19774 98 23
17868 19695 78 20 15534 12789 172 28
11780 11536 167 20 17630 8888 91 41
16209 12758 138 55 22345 20726 91 20
20099 17165 70 20 10660 16169 164 37
22760 17455 180 50 14590 19774 101 15
17700 18151 48 0 17868 22346 97 40
11866 19695 129 40 11536 15343 188 35
13507 15534 191 20 17630 7078 70 40
8888 11780 199 40 19643 12789 155 49
14590 20726 134 3 10660 17165 104 45
22345 19774 153 35 20099 17868 115 40
12758 11536 164 55 17700 17455 114 40
22760 17630 125 30 15343 16209 208 44
11866 18151 157 45 12789 7078 93 40
15534 16169 89 16 8888 22346 83 2
19695 13507 151 44 19643 11780 199 49
