13223 17759 164 50 19819 20163 15 0
9656 11201 40 22 11099 16306 73 24
18340 20373 70 20 21811 11039 154 40
19882 18504 16 0 14162 8872 44 10
19631 9657 23 20 9614 16236 73 0
7316 21811 45 0 16532 9656 157 29
11099 11201 134 22 13223 14162 57 25
16306 16236 23 0 20163 19882 31 0
20373 7316 71 22 19631 8872 67 3
17759 9614 168 25 18504 18340 29 20
16532 9657 98 40 11039 19819 196 64
7316 16236 74 0 11099 21811 156 24
9614 19882 72 0 20373 11201 83 23
14162 16532 98 4 17759 19631 126 20
11039 18504 167 44 9656 20163 62 25
9657 16306 76 20 18340 13223 66 20
19819 21811 71 20 8872 9614 57 0
16532 11099 145 40 20373 18504 92 40
20163 14162 42 10 9657 7316 30 0
8872 11039 167 44 16306 17759 152 24
19631 13223 46 3 19882 9656 19 0
16236 18340 38 0 11201 19819 78 3
21811 17759 111 20 9657 11099 124 40
13223 11039 172 57 7316 9614 107 22
19819 16306 102 20 18504 19631 66 13
20163 8872 49 5 11201 16532 70 22
14162 20373 75 20 16236 9656 30 10
19882 7316 17 3 18340 11099 120 20
