22483 16449 11 0 5140 4537 76 23
17978 11781 70 25 16657 9828 93 0
14174 21874 92 46 12802 14279 105 6
20197 10851 67 20 13020 5501 81 5
20116 12099 139 43 3311 12056 40 0
11187 5754 106 25 16284 4360 99 30
4537 11781 50 20 12802 14174 100 23
17978 14279 136 35 22483 20197 45 0
12099 13020 81 24 9828 5140 38 0
5501 16284 110 14 4360 12056 105 24
3311 21874 55 20 16449 5754 145 40
16657 11187 91 0 20116 10851 81 40
22483 11781 0 0 20197 12099 72 20
9828 12802 86 14 12056 5501 69 0
4537 4360 117 24 14279 3311 155 20
11187 13020 41 7 21874 16657 129 23
5754 5140 107 20 14174 10851 83 20
16284 16449 106 30 17978 20116 75 20
14279 5501 154 43 11781 12099 49 20
12056 20197 32 0 16657 4537 91 10
11187 22483 44 0 5754 9828 81 20
21874 20116 117 23 4360 5140 126 47
10851 3311 98 40 12802 17978 142 49
13020 16284 28 10 16449 14174 164 46
12056 16657 68 10 5754 14279 117 20
5501 20116 133 23 4537 22483 47 20
5140 3311 88 23 11781 11187 84 20
4360 17978 139 20 13020 14174 68 23
10851 12802 86 27 12099 16449 142 28
9828 20197 24 0 16284 21874 92 33
3311 16657 99 10 5501 22483 74 23
20116 5754 151 40 11781 13020 14 10
14174 12056 93 20 16449 11187 157 43
14279 4360 126 20 10851 9828 39 20
5140 12802 109 50 20197 16284 72 10
12099 17978 190 45 21874 4537 109 43
