8717 10662 114 11 12793 16133 36 0
22811 8271 61 0 18240 12114 80 30
3188 4813 87 6 22520 19387 37 0
724 6437 124 0 22737 10731 32 3
17125 5026 89 22 54 3189 165 45
17097 7002 77 0 22244 12727 60 21
4133 2879 101 3 22520 4273 36 10
12793 22811 28 20 6437 3188 145 44
12114 22737 49 2 10662 5026 173 50
16133 22244 36 10 8271 17125 113 0
12727 4273 55 0 3189 4813 128 33
17097 8717 111 25 19387 54 80 20
10731 2879 58 24 7002 18240 137 35
724 12793 98 28 4133 17125 109 25
22520 16133 18 0 12727 12114 69 0
4273 22737 64 3 17097 22811 121 45
10731 54 61 40 10662 8271 140 14
5026 19387 113 20 2879 6437 53 4
3189 18240 82 0 22244 724 113 24
7002 4133 113 33 3188 8717 140 40
4813 17097 87 2 8271 12793 84 0
4273 6437 81 20 12114 54 76 20
19387 3189 61 0 10731 16133 81 20
724 22520 105 32 22811 7002 92 34
18240 4813 50 6 5026 4133 217 43
2879 3188 44 0 10662 22244 112 25
17125 12727 23 2 22737 8717 72 0
7002 19387 57 13 4273 12793 62 22
3189 12114 101 40 4133 17097 194 43
18240 10662 87 5 6437 22520 70 20
22811 17125 43 2 4813 10731 114 23
54 22737 31 0 16133 3188 63 0
8271 12727 33 0 2879 724 108 20
8717 22244 60 20 5026 22520 86 0
