9191 12978 179 50 12825 16912 99 23
16909 21843 190 45 22129 15021 63 20
16911 12857 142 45 18064 18065 132 30
16910 18861 74 4 21304 20258 44 0
12825 17324 90 25 21722 15021 90 20
16911 18064 117 45 16909 12978 192 48
18065 22129 65 12 16910 21304 70 5
21843 21722 79 20 20258 16912 128 40
17324 18861 170 50 9191 12857 127 45
18064 12825 98 40 18065 16910 175 35
15021 20258 131 50 12978 21304 87 23
22129 16911 112 27 9191 21722 120 25
16912 17324 130 30 18861 16909 154 49
12857 12978 176 55 21304 21843 43 0
15021 9191 87 20 18065 20258 49 0
16912 22129 77 20 17324 18064 149 20
21843 12825 92 20 18861 16911 188 52
21722 16910 127 40 12857 16909 180 57
12978 18065 113 35 22129 17324 58 5
18064 21304 124 40 21843 9191 114 23
15021 16912 121 40 16911 16910 145 48
20258 16909 85 20 12857 12825 153 49
18861 18064 126 45 21722 18065 101 22
