15719 14936 2 0 14033 14938 14 10
14947 14944 12 3 14939 21518 24 13
12303 12459 26 0 12294 14941 7 0
10803 14670 39 21 14946 21522 29 10
14033 21518 10 3 14938 14937 15 11
12459 14936 8 0 12303 14947 20 11
21522 14939 28 3 12294 14946 16 0
14944 10803 15 3 15719 14941 32 11
14670 12459 20 20 14936 14937 24 12
21522 12303 37 0 14938 14939 15 10
14944 14033 2 0 10803 12294 23 10
14941 14946 17 3 14937 14947 32 11
21518 15719 16 5 14670 12303 44 21
21522 14033 16 0 14944 12459 17 11
14937 14939 35 3 10803 14938 31 11
12294 14947 28 10 15719 14670 32 10
21518 14946 14 5 14941 14936 19 11
14937 21522 30 3 14944 12303 12 11
14938 12294 51 18 14947 10803 25 11
14946 15719 10 0 12459 21518 18 10
14941 14670 49 23 14939 14033 20 11
14936 14938 15 3 21522 14944 31 11
