8816 6101 42 10 17497 12116 92 20
8421 4347 137 45 11248 15589 73 28
10788 17009 1 0 10096 16367 56 20
6102 755 99 20 9889 22810 189 30
9853 17496 76 20 6101 17746 32 2
8816 17009 53 10 4347 11248 118 40
9889 12116 190 30 10788 8421 46 20
10096 9853 83 0 22810 755 122 25
15589 16367 120 23 17496 6102 47 22
17746 4347 48 25 17497 9889 168 40
6101 10096 72 20 8421 8816 89 14
10788 11248 104 20 6102 9853 91 20
755 17497 103 45 17009 17496 46 20
12116 22810 115 20 17746 15589 25 4
16367 9889 222 50 8816 9853 68 30
6101 8421 61 20 17009 6102 85 2
17497 17746 80 22 15589 10096 79 23
22810 17496 79 20 4347 10788 129 45
11248 16367 168 45 755 12116 106 29
15589 9889 208 28 6101 17009 28 0
17496 17497 76 40 9853 8421 110 44
6102 10096 70 22 12116 4347 134 45
755 10788 127 25 17746 8816 41 2
11248 22810 114 27 16367 6101 100 20
