17113 7064 97 3 19852 7079 117 35
12596 21893 88 16 6990 16311 40 20
6299 20240 142 20 19853 14363 69 0
17264 18884 27 21 14361 21323 156 30
11503 21432 71 20 9527 18886 148 50
19746 11093 162 39 22394 19591 16 0
4546 16525 56 0 19380 5628 123 5
12670 3781 114 40 21438 20716 186 56
17113 17315 82 43 7797 18884 150 25
12596 9527 76 20 19852 6299 99 5
7064 14361 144 45 20240 11503 13 0
19380 22394 40 0 14363 21893 83 20
16525 6990 75 23 3781 11093 135 12
4546 21323 134 32 19591 18886 89 41
5628 16311 138 35 21438 19853 42 0
21432 7079 86 20 17315 12670 124 44
20716 17264 115 45 19746 7797 190 55
17113 20240 58 3 12596 3781 91 4
6990 19591 81 24 7064 14363 130 40
21438 11503 172 20 21323 19380 102 4
18884 19853 155 30 16525 22394 109 2
17315 21893 83 22 17264 6299 7 1
18886 7797 162 40 7079 5628 133 15
16311 4546 102 20 9527 19746 180 41
11093 19852 118 32 14361 12670 53 0
21432 19853 137 3 20716 17113 130 32
18884 12596 37 0 7064 21438 157 40
19591 7079 131 20 17264 16525 44 23
17315 22394 75 45 11503 4546 106 40
7797 19380 153 20 11093 9527 41 4
20716 14363 184 48 5628 19852 146 30
21893 21323 98 15 20240 21432 32 6
3781 14361 108 4 16311 18886 133 20
6299 12670 81 0 19746 6990 200 63
19853 19591 126 30 12596 11503 100 40
11093 17264 58 20 17113 4546 113 43
7079 9527 174 55 21893 21438 102 10
22394 19852 112 20 16311 21432 156 43
12670 16525 60 20 7797 20240 214 25
5628 19746 117 20 3781 17315 219 24
18886 6990 147 25 18884 19380 141 20
21323 7064 94 24 6299 20716 150 20
14363 17113 160 26 14361 12596 99 20
