19556 16773 63 25 14273 17218 39 3
9725 19460 98 0 3737 20409 26 2
20808 1 60 0 19667 13620 72 10
18489 16704 35 0 20613 133 44 20
3737 17218 92 3 14273 20409 80 6
9725 19667 68 20 19556 13620 91 25
19460 20613 0 0 20808 16773 43 30
18489 133 54 35 16704 1 55 2
13620 17218 24 3 14273 3737 98 4
20409 20613 52 0 19556 19667 41 0
20808 19460 48 25 16704 133 20 0
1 9725 119 2 16773 18489 74 10
20613 19556 23 0 13620 3737 43 0
133 14273 160 20 20409 20808 46 5
19667 16704 68 0 16773 9725 70 0
18489 1 57 12 17218 19460 105 3
3737 19556 101 20 133 20808 121 45
20409 13620 15 2 16773 16704 48 0
1 14273 91 24 9725 20613 37 0
17218 18489 60 23 19460 19667 69 20
13620 16773 119 0 133 3737 21 0
16704 20409 28 2 1 19556 34 3
19667 14273 143 20 19460 18489 53 0
20613 20808 47 0 17218 9725 95 23
