22542 22268 19 0 14592 10253 19 0
17403 20208 107 5 20676 19646 49 20
14360 9775 118 25 22275 22267 26 5
21866 20296 47 0 15159 15282 68 4
7030 20674 32 0 14401 11822 36 5
9775 20676 18 2 22268 14592 40 3
22275 15159 101 3 19646 22542 39 0
15282 11822 56 23 20208 10253 64 0
20674 20296 133 25 22267 17403 12 3
7030 14401 50 5 21866 14360 124 25
10253 20676 28 3 9775 15159 56 25
11822 19646 12 0 22267 14592 41 3
15282 7030 89 23 20674 22542 42 20
14360 20296 128 0 22268 20208 26 3
14401 21866 17 0 22275 17403 146 33
15282 22267 12 3 20676 7030 74 5
19646 10253 75 23 20674 14360 136 40
15159 22268 153 28 11822 17403 74 0
14592 20208 40 0 21866 22275 36 2
14401 22542 58 20 20296 9775 13 0
19646 20674 108 20 20676 22268 69 23
17403 14592 98 30 14360 15282 150 48
10253 22275 4 3 20296 7030 39 15
22542 9775 19 0 11822 21866 10 0
20208 22267 52 0 15159 14401 119 48
