12488 5387 129 25 9889 13615 133 45
207 20204 138 20 15715 16953 144 50
10785 15891 104 20 12806 11180 130 52
19735 11456 86 20 18051 7149 252 50
16367 11754 195 60 10582 8405 151 7
4347 7026 94 45 21630 248 127 47
207 16953 82 25 11180 12488 203 52
13615 18051 170 39 15715 10785 155 30
8405 20204 106 41 7149 12806 134 32
10582 21630 47 24 19735 5387 61 0
11456 16367 172 43 7026 248 132 44
15891 9889 195 55 11754 4347 76 24
12488 10785 129 30 8405 15715 127 24
13615 21630 42 40 20204 10582 91 6
5387 207 122 50 11456 12806 110 40
248 9889 236 45 15891 19735 108 45
11754 16953 159 50 7149 7026 185 74
18051 4347 126 10 16367 11180 197 43
10785 11456 160 50 20204 12488 115 20
12806 15715 30 20 9889 10582 118 0
7026 8405 122 4 15891 13615 120 40
16953 19735 128 35 4347 16367 65 20
11754 18051 134 54 21630 207 211 70
11180 7149 218 32 248 5387 97 29
10582 15715 79 40 11456 15891 161 40
12806 7026 96 44 19735 12488 207 55
16367 21630 213 40 9889 10785 268 60
5387 8405 120 43 16953 18051 180 60
11180 248 190 27 20204 11754 153 57
4347 7149 154 20 13615 207 135 45
