16354 14464 79 20 7416 17596 21 0
14382 14130 133 20 21928 21324 115 41
5440 7786 68 0 16269 10098 89 20
21728 11830 84 16 20201 21458 85 20
22311 8509 112 20 9242 18035 62 2
20152 4185 137 24 14842 16466 83 20
7244 21727 57 3 12792 19844 135 45
16269 3795 48 10 21916 16354 49 20
17596 20201 50 10 5440 21928 54 0
9242 14382 127 24 11830 7416 20 12
21458 8509 117 20 14464 20152 115 44
21727 14842 77 28 7786 18035 73 22
21728 14130 79 30 12792 22311 61 25
16466 10098 86 25 7244 3795 77 32
21324 19844 160 41 4185 21916 25 0
9242 21928 99 26 20152 16354 85 24
14464 16269 103 35 18035 11830 74 0
21458 5440 92 4 14130 14842 36 0
7416 12792 75 25 10098 8509 121 40
16466 21324 130 21 17596 21727 29 20
21916 20201 95 40 7786 22311 79 40
7244 4185 103 35 21728 14382 99 0
19844 14464 99 20 3795 14130 51 2
21928 7416 19 0 21458 16269 135 10
14842 17596 70 0 9242 12792 114 23
21727 20152 112 24 22311 10098 120 55
16354 21324 95 21 7786 21728 65 20
18035 14382 96 30 19844 16466 77 20
3795 4185 28 0 8509 20201 118 40
21916 7244 93 28 11830 5440 95 20
20152 16269 132 34 14130 17596 36 0
10098 9242 118 27 21324 14464 48 20
21928 22311 80 20 19844 14842 49 20
12792 7786 63 0 14382 21458 52 3
16354 11830 42 0 4185 21727 34 0
8509 21916 131 40 16466 21728 55 14
18035 7416 88 0 20201 7244 191 46
5440 9242 120 26 3795 20152 81 24
