19270 21119 20 0 21014 21008 20 2
22486 21012 33 20 21182 18889 30 0
19259 21011 18 2 21212 21126 11 2
21013 20993 30 10 21135 21203 31 2
21202 22663 16 0 20995 23104 19 0
19269 19265 21 0 20982 20981 36 2
18889 22486 34 0 21126 21014 0 0
21119 21012 11 0 20993 19259 14 0
21008 20995 37 2 21011 21013 2 0
19269 21212 36 0 23104 21182 13 0
20981 21135 37 2 21203 21202 26 20
22663 19270 38 0 19265 20982 26 0
21011 20995 47 2 20993 18889 60 10
21013 21126 13 2 21119 19269 22 2
21008 22486 37 3 21212 20981 39 0
19259 21182 5 0 19270 21202 32 0
22663 20982 45 20 21012 21135 24 0
19265 21014 9 0 23104 21203 51 30
20981 21119 32 2 18889 21011 58 0
20995 19270 30 0 22486 19269 35 0
21012 21202 12 0 21013 21212 0 0
21014 21182 5 0 21135 19265 18 2
20982 20993 69 30 21126 23104 25 2
21203 21008 38 3 19259 22663 40 0
18889 21212 51 2 19270 21013 10 0
21011 21014 28 2 21202 19269 28 2
21126 20995 33 2 21012 19265 4 2
21135 23104 22 2 21008 19259 13 3
21203 21119 47 20 22486 20982 56 20
20993 20981 72 12 21182 22663 34 0
