15292 14100 55 20 16838 22 11 0
16282 19998 39 20 18520 15290 53 20
16344 16906 52 20 525 14470 70 26
16632 16345 13 0 14116 18553 61 20
16633 6989 60 0 16631 15156 56 20
18560 21628 12 0 19899 14468 73 20
14101 18554 38 20 22023 16346 90 23
12687 12689 14 2 18556 18557 141 26
14821 12694 80 20 14471 112 46 0
18553 15292 60 22 18520 16906 57 20
16633 14470 140 44 14116 15290 87 20
6989 16632 28 0 525 18560 19 2
16838 22023 81 23 19998 16344 35 20
16631 12687 53 22 16282 19899 27 0
16345 16346 68 40 12694 21628 52 20
18557 14468 52 23 18554 112 47 20
15156 14471 120 22 12689 22 49 20
14821 18556 115 22 14100 14101 100 20
16344 14116 106 20 6989 18520 30 20
14470 18560 85 24 12687 16838 40 2
22023 18553 117 43 16282 16633 53 20
15292 16631 44 22 18554 16345 19 0
16906 12689 46 20 15290 112 12 0
14468 525 44 2 22 14101 25 20
15156 21628 67 20 18557 14821 71 2
12694 19899 132 20 18556 16632 64 20
16346 14471 98 40 19998 14100 91 20
6989 12687 48 2 15292 22023 106 25
112 18520 74 20 16838 16631 49 20
12689 18560 11 2 18553 16344 102 40
22 18554 29 0 21628 14116 64 20
15290 18557 84 28 12694 525 75 22
16906 14821 22 0 16632 16346 44 20
14470 16345 106 44 14100 16282 66 20
15156 18556 127 40 14468 19998 63 20
19899 14101 55 20 14471 16633 56 5
112 14116 45 20 18560 15292 10 2
22 15290 19 0 12687 18553 71 22
18520 525 45 23 18554 12689 62 0
16346 16631 69 40 14470 18557 121 20
14100 14468 86 20 22023 12694 150 43
16344 18556 134 40 16345 16633 26 22
21628 16282 6 0 14471 16632 37 20
19998 14821 42 2 19899 6989 28 0
14101 16838 44 20 16906 15156 91 20
