9103 14995 51 20 14213 20181 44 20
10173 6547 143 44 21536 21392 26 0
17210 9103 50 22 21692 9102 24 0
20181 21536 72 40 17210 14213 37 22
21392 6547 60 20 14995 21692 19 0
9102 14995 48 0 10173 9103 128 44
21692 14213 14 0 21392 9102 33 0
20181 10173 69 44 6547 17210 82 22
14213 21536 62 0 21692 10173 78 24
21392 14995 26 0 17210 20181 93 22
9103 9102 58 0 6547 21536 86 20
10173 17210 111 26 9103 14213 51 20
21536 21692 57 20 14995 20181 86 20
6547 9102 100 20 14213 21392 16 0
21692 21392 13 0 21536 9103 75 20
9102 17210 40 2 14995 6547 83 20
20181 21692 55 20 9102 10173 121 20
