13989 10723 55 20 15270 17710 43 22
13533 13598 73 8 13570 19679 68 27
16957 10062 103 24 17770 15357 37 0
15270 13989 30 20 13598 13570 96 8
19679 15357 69 24 10723 17770 48 20
17710 10062 12 0 13533 16957 62 24
13989 17770 15 0 10723 13598 83 40
13533 19679 87 26 16957 15270 109 47
17710 13570 49 23 10062 15357 71 10
17770 16957 55 4 13989 13533 50 5
15357 17710 39 0 19679 13598 32 0
10723 15270 83 40 13570 10062 39 3
15357 13533 107 22 19679 13989 13 0
15270 13570 123 40 17710 17770 12 0
13598 16957 145 49 10062 10723 48 20
