6625 6420 99 3 10383 7247 23 0
20404 14736 34 1 7495 13206 30 12
13460 8922 31 10 9203 9968 33 2
14736 10656 89 20 6661 6625 21 2
6420 7495 33 5 13206 13460 51 10
6661 10383 19 2 7247 8922 44 20
10656 9968 29 2 9203 20404 24 0
10383 13460 15 0 13206 14736 69 1
7495 9203 40 2 6625 7247 40 20
10656 20404 25 0 6420 8922 26 20
9968 13206 5 2 6661 7247 43 22
10656 6625 12 0 20404 13460 40 10
9968 6661 45 2 10383 7495 56 2
8922 9203 58 20 14736 6420 59 1
13460 6661 41 12 20404 10383 28 0
7247 7495 30 0 8922 10656 24 0
14736 6625 24 1 9968 6420 25 3
13206 10383 63 0 9203 10656 46 0
7247 20404 35 20 13460 14736 51 1
6420 9203 48 5 7495 6661 28 4
8922 13206 10 0 6625 9968 4 3
