22603 22543 10 0 22379 19472 51 3
19532 19521 38 0 22497 19498 64 0
19500 22101 61 20 16418 21393 22 0
16488 18911 93 0 22664 18846 46 4
20035 22732 97 0 19487 21396 22 0
19474 19490 103 20 22381 19528 77 2
16418 22497 43 2 21393 22603 35 0
19472 19521 83 10 22101 16488 76 20
22732 19487 0 0 19532 18846 41 0
21396 19474 109 0 18911 22543 63 0
19528 22664 77 0 20035 19498 69 40
22379 19500 118 22 19490 22381 43 22
18846 19487 33 0 19521 22603 74 20
16418 16488 78 20 19474 22732 56 0
21393 22664 27 0 19472 19528 83 0
18911 20035 55 20 22497 22379 37 4
19498 21396 52 0 19500 22381 52 22
22101 19532 51 0 22543 19490 81 20
22732 16418 23 0 19528 19521 74 20
22497 19474 168 13 22664 19487 42 4
16488 21393 74 40 21396 22379 53 0
22603 19498 47 20 22101 19490 119 20
19472 18911 56 10 19500 19532 144 30
22381 20035 102 22 18846 22543 22 0
21396 22664 62 0 19521 16418 56 0
22379 19528 110 0 19487 22101 44 0
19490 21393 65 20 22732 18911 56 0
19532 22381 19 2 20035 22603 53 0
22543 22497 19 2 16488 19500 117 20
19498 19472 75 20 18846 19474 73 0
