6102 6069 27 23 12116 9853 124 43
16367 19569 99 20 11754 10096 105 20
17496 21630 37 20 17497 8421 32 0
6101 11697 118 26 14544 18671 33 0
21226 19747 75 22 7350 20255 78 25
21505 9889 209 35 17009 21807 35 2
14481 609 57 2 17496 755 22 0
11754 17497 80 0 11697 12116 144 20
7350 6102 109 35 21630 16367 86 20
9889 18671 164 0 19569 20255 19 3
19747 6101 32 2 17009 755 78 20
21226 10096 83 21 14544 14481 80 25
21505 9853 88 13 8421 609 42 2
21807 21630 53 20 6069 11754 67 0
19747 11697 172 27 19569 6102 61 3
16367 17009 73 20 21226 18671 142 21
10096 17496 48 0 9853 9889 219 50
21807 17497 14 3 609 6101 49 2
7350 14481 177 55 8421 12116 49 20
6069 14544 36 1 755 21505 100 35
20255 17009 33 0 6102 11754 107 20
17496 19569 51 2 21807 21226 111 23
14481 19747 59 12 9853 17497 104 23
609 14544 42 2 9889 7350 271 84
6069 8421 43 20 11697 10096 180 45
12116 755 112 45 18671 21630 35 20
6101 16367 87 20 20255 21505 103 40
11754 14544 79 10 19747 17496 58 20
17497 17009 47 0 19569 6069 69 23
9853 11697 171 45 21630 21226 77 21
18671 21505 135 35 10096 7350 169 58
20255 8421 97 40 755 21807 89 25
6102 9889 199 33 6101 14481 52 0
12116 609 6 0 16367 19747 165 22
