13893 5188 3 0 10632 13833 59 0
22057 22563 88 25 7079 5189 162 32
13266 4008 91 0 6976 22541 34 0
13896 8203 82 26 20741 6209 94 4
13053 11093 233 61 16828 8295 0 0
13388 12563 73 20 15024 16831 94 20
17113 4602 83 0 6210 15725 141 0
11924 16556 191 20 18886 13895 28 5
21375 13893 64 21 13896 18458 73 2
10632 13053 141 33 6976 5189 107 22
16828 13266 99 0 20741 5188 123 25
13388 7079 136 20 4602 4008 98 20
15725 18886 116 25 22563 13833 84 0
6210 8203 160 43 16556 12563 42 20
6209 11924 129 0 16831 18458 110 0
11093 17113 169 40 22541 21375 67 21
8295 15024 53 0 13895 22057 105 25
13266 18886 143 36 13388 13896 60 22
4008 16556 77 0 5189 15725 99 2
13833 6976 116 20 11924 6210 110 0
17113 16828 136 40 18458 8203 167 20
4602 16831 66 20 8295 5188 64 5
6209 22057 176 44 21375 10632 61 11
20741 7079 175 50 15024 11093 178 33
13895 22541 33 0 13893 12563 34 0
22563 13388 106 40 13053 11924 160 43
5189 13833 52 0 13896 16828 48 22
18458 8295 132 20 13266 10632 134 27
16831 21375 39 21 7079 16556 169 30
15725 13895 106 40 11093 6976 216 57
4008 22057 124 40 13053 13893 87 24
5188 6210 122 20 6209 18886 83 9
12563 20741 107 20 17113 22563 88 20
22541 15024 118 20 8203 4602 105 40
7079 13896 118 27 10632 11924 91 0
5189 21375 50 21 13388 13895 27 2
15725 13053 211 48 13266 6209 115 40
18886 20741 128 0 8295 13893 77 0
5188 22563 50 0 16556 22541 76 20
18458 11093 193 37 12563 4602 89 20
16828 6210 119 25 4008 15024 83 40
16831 6976 98 20 22057 17113 151 45
13833 13266 90 0 8203 13388 96 20
