22176 5175 10 0 21338 22714 2 0
22393 18514 34 20 10405 22135 22 0
22745 22852 2 0 22853 22744 5 0
22133 22176 14 0 22135 18514 30 20
10405 22852 58 10 5175 22745 0 0
22714 22393 1 0 22133 22744 4 0
22853 10405 12 0 21338 22176 35 0
22852 22714 3 0 22133 22393 14 0
22744 22745 8 2 21338 22135 14 4
5175 22853 15 0 18514 22133 55 2
22852 22744 6 2 22176 10405 36 0
18514 21338 64 20 22393 22745 18 4
22135 22853 2 0 5175 22714 20 0
22744 21338 12 5 18514 22852 49 20
22714 22133 7 0 22745 10405 17 2
22393 5175 62 20 22176 22853 24 0
22135 22133 13 5 22852 21338 7 2
