10254 6206 134 20 11752 19938 63 10
5187 15410 125 45 16751 18093 113 48
8620 13365 118 45 22864 7129 83 23
15410 18093 65 23 6206 11752 107 40
16751 22864 77 20 7129 10254 104 28
8620 19938 125 45 13365 5187 124 44
22864 10254 97 27 6206 15410 80 40
13365 7129 131 40 5187 11752 54 20
19938 16751 40 0 18093 8620 77 23
7129 5187 92 26 10254 15410 102 27
16751 6206 77 40 19938 13365 134 20
11752 18093 61 23 8620 22864 137 40
19938 6206 67 0 15410 7129 164 48
11752 22864 90 40 5187 16751 81 20
18093 13365 89 43 10254 8620 109 22
