9206 22301 108 25 2858 10158 75 36
14778 21947 58 7 14887 10537 11 0
6278 12974 49 0 14682 22160 86 20
14887 2858 86 13 10537 14756 5 0
14778 12974 85 3 22301 6278 55 0
9206 22160 151 25 21947 14756 19 2
10158 10537 94 23 14682 12974 31 0
2858 6278 69 0 21947 9206 64 22
22160 14887 59 20 14778 10158 66 7
14756 14682 61 0 22301 21947 50 2
10537 2858 105 13 6278 22160 101 20
10158 14682 103 23 14756 14778 73 20
12974 22301 34 0 9206 14887 57 20
14756 10158 77 23 21947 6278 48 2
14778 14682 77 4 2858 9206 109 33
14887 22301 5 0 22160 10537 110 20
12974 21947 50 0 2858 14778 157 33
