14936 14670 41 20 12303 14944 25 15
21518 15770 12 3 14941 14937 34 3
14938 12294 32 10 10803 14947 12 3
14939 12459 37 3 15719 14946 15 3
14033 14941 21 3 14936 12303 23 0
10803 14944 12 3 14947 21518 15 5
14937 12294 63 10 15719 12459 11 1
14946 14033 19 3 14670 14938 40 3
15770 10803 42 3 14939 14936 25 3
14944 21518 12 5 15719 12303 6 0
14946 14947 18 3 14937 14033 49 3
14670 14939 71 23 12294 14941 35 10
12459 14944 14 3 14938 15770 8 3
14937 14946 46 3 14936 10803 15 0
12294 14939 117 13 14033 21518 33 5
15719 14938 5 0 15770 14670 86 21
14941 12303 21 3 12459 14947 45 23
14946 14936 14 3 21518 12294 32 17
14944 15719 23 3 14033 10803 36 3
12303 14938 33 3 14939 14937 47 3
14947 14670 45 20 12459 15770 7 0
14941 15719 24 3 14944 14946 11 3
