15119 8142 70 20 12362 13667 9 2
11193 21537 84 20 15120 15411 0 0
14018 9297 84 20 13666 21491 36 0
15191 12362 22 0 13667 21537 43 0
21491 14018 65 22 11193 8142 123 45
15411 15191 0 0 9297 15119 15 0
13666 13667 24 3 15120 21491 14 0
8142 15411 54 20 15191 14018 68 20
15120 11193 41 20 12362 13666 30 2
9297 21491 21 2 15119 21537 45 2
15191 15120 11 0 14018 12362 60 0
15411 15119 12 0 8142 13666 80 22
13667 11193 82 25 21537 9297 50 2
12362 15120 13 10 21491 15411 41 2
21537 13666 54 3 8142 15191 74 20
13667 15119 20 0 14018 11193 151 40
8142 15120 21 20 9297 15191 19 0
