11545 15341 23 0 12076 5039 11 2
17520 9339 64 33 10274 12695 20 0
8161 21739 39 10 21231 12693 65 35
15342 9487 61 2 9567 13189 74 13
22503 15341 43 20 16433 17520 133 47
12695 11545 35 0 8161 10274 61 10
5039 9567 120 5 9339 21231 49 10
12693 22503 14 1 12076 15342 98 20
16433 21739 69 5 9487 13189 50 0
8161 5039 62 2 17520 10274 56 23
9567 15342 116 23 15341 12695 41 20
9487 12693 25 1 9339 11545 110 23
21231 12076 48 20 13189 16433 139 40
21739 12695 38 3 22503 5039 44 7
10274 12693 28 1 15341 9487 59 20
8161 16433 121 40 15342 9339 101 30
12076 9567 69 13 21739 17520 137 29
13189 21231 66 30 11545 22503 29 10
5039 10274 49 0 12693 16433 109 15
12695 8161 55 10 9487 12076 39 2
15341 9339 73 30 13189 21739 88 13
15342 17520 127 0 11545 21231 35 30
22503 10274 22 0 9567 8161 119 30
