19697 19922 28 0 8280 15413 28 0
19744 5026 119 20 17603 21881 31 0
8641 17604 45 20 16927 21977 76 2
16091 12515 151 20 3747 10373 21 0
8400 22243 37 20 19924 18095 65 0
10695 19389 63 20 21676 20515 35 22
16748 20108 13 2 16028 16790 96 21
17230 8280 43 0 8641 11002 7 0
19922 16927 30 20 12515 17603 57 22
17604 19744 0 0 10373 8400 39 20
21676 21881 4 3 16091 19924 91 21
20515 22243 65 20 20108 19697 56 23
15413 16028 91 21 5026 19389 56 21
10695 16790 134 23 17230 21977 42 11
11002 18095 45 2 3747 16748 19 0
8400 8641 75 20 16091 19922 54 20
17604 21881 63 5 20515 12515 83 40
19389 8280 30 0 22243 19744 14 0
16790 19697 65 23 5026 19924 47 0
10373 21676 55 2 16748 17230 30 0
17603 3747 89 5 15413 20108 44 0
18095 16028 73 2 10695 16927 54 20
21977 22243 31 3 12515 11002 52 20
16790 16091 60 3 8280 17604 99 23
20515 16748 84 20 19922 5026 75 21
8400 17230 57 20 19389 17603 52 20
19924 15413 71 20 19744 10695 13 0
11002 16927 34 0 21676 20108 27 2
21977 3747 33 3 21881 16028 99 21
18095 8641 67 20 19697 10373 60 0
16748 17603 19 0 22243 16091 55 1
19924 19922 30 20 17604 17230 108 13
12515 21676 67 22 15413 8400 70 20
19744 20515 69 22 16927 3747 71 22
5026 8280 99 22 18095 21977 26 3
11002 10373 40 20 19389 16790 43 0
20108 10695 60 20 21881 8641 80 28
16028 8400 49 20 19697 16091 138 41
