17994 19366 52 0 22871 11262 15 0
11329 22132 110 26 18505 9864 124 2
20699 8971 78 10 10755 7193 18 0
9864 11329 158 45 19366 11262 29 2
18505 20699 48 0 8971 22871 75 14
22132 7193 4 0 10755 17994 16 0
11262 9864 96 30 8971 18505 105 10
22871 10755 44 10 7193 11329 148 30
20699 19366 58 20 17994 22132 0 0
7193 8971 52 10 9864 22871 80 25
11262 11329 83 20 22132 20699 14 0
18505 17994 52 0 19366 10755 68 20
7193 22871 41 0 11262 22132 15 0
8971 17994 83 10 11329 18505 134 25
20699 10755 3 0 9864 19366 143 30
