20258 21843 59 20 16912 15021 124 14
18861 17324 135 55 16910 21722 121 45
16909 18064 125 49 21304 9191 59 20
12825 22129 62 20 12978 16911 184 52
12857 16910 165 53 21722 18065 92 42
20258 16912 112 28 9191 17324 153 48
18861 12978 67 43 15021 18064 54 4
18065 12825 74 30 22129 16909 59 4
21304 21843 45 20 16911 12857 177 55
12978 16912 167 48 16910 18861 132 49
18065 9191 134 30 15021 21722 66 20
21304 12857 96 29 22129 20258 19 0
18064 12825 99 20 21843 17324 105 20
16909 15021 136 48 16910 16911 120 41
16912 21304 82 25 18065 12978 116 33
12857 9191 136 48 12825 18861 134 27
17324 22129 86 30 16909 21843 168 45
21722 16911 120 25 18064 20258 78 20
15021 16910 180 35 12825 21304 51 20
17324 16909 97 25 12978 12857 144 48
16911 20258 55 27 18861 18065 147 32
18064 21722 99 45 22129 16912 67 25
21843 12978 96 40 9191 16910 164 48
