22604 7341 36 0 16290 4228 69 24
19997 18172 105 20 19400 7477 23 4
8617 19785 36 20 7592 19885 56 20
7341 22140 29 0 21588 19400 39 0
19997 7592 45 0 19885 22604 2 0
7477 21588 39 4 19785 16290 73 2
18172 4228 98 22 8617 22140 40 20
19400 22604 35 0 7477 19885 17 0
7592 8617 88 40 22140 19997 10 0
7341 19785 57 12 16290 18172 101 29
21588 19885 24 0 7477 4228 69 4
22140 19785 20 10 7341 19997 31 10
22604 16290 120 29 19400 8617 40 0
4228 21588 55 0 18172 7592 120 40
19785 7477 54 24 22604 22140 11 0
19885 8617 41 0 21588 7341 53 0
16290 19400 99 24 4228 7592 111 20
19997 22604 21 0 18172 21588 108 20
7592 7477 83 25 8617 7341 79 20
19885 16290 102 20 22140 18172 76 20
4228 19400 61 0 19785 19997 16 2
