22441 12868 63 4 17335 19168 102 20
10420 21333 9 0 10836 14683 123 23
22499 12982 46 20 12679 10421 62 24
2923 10093 19 10 9929 12868 123 22
14683 17335 55 3 22499 12679 36 0
10421 22441 27 0 21333 10093 51 2
19168 9929 160 45 10420 12982 28 20
2923 10421 25 10 10836 17335 137 20
10420 14683 49 23 22441 10093 8 0
21333 19168 125 27 2923 22499 18 10
9929 12679 105 20 12868 10836 89 24
12982 2923 33 20 14683 22441 71 13
12679 10836 110 30 10093 19168 74 10
10421 22499 42 11 9929 10420 84 20
12868 17335 106 20 12982 21333 75 22
19168 14683 62 30 10421 9929 114 2
10093 10420 53 0 17335 12982 55 22
22441 10836 35 0 22499 12868 90 0
12679 10420 24 10 21333 2923 62 12
