7324 5140 83 10 12166 17246 68 0
21865 20744 95 20 19778 10211 41 0
6298 5501 44 0 20116 14279 79 5
11187 8642 112 30 19804 8581 108 44
12211 11580 17 0 6085 12802 67 1
14174 10117 50 5 14261 12166 129 0
7324 6298 83 10 11187 21865 48 20
12802 20116 62 1 20744 8642 165 53
19778 6085 34 10 14174 8581 89 40
11580 14279 19 0 10117 19804 102 22
5501 10211 61 22 12211 17246 50 0
14261 11187 97 46 20744 5140 82 20
10117 20116 16 2 19778 7324 119 30
14279 17246 56 0 21865 8642 140 45
5140 12211 82 0 14174 6298 102 23
6085 19804 92 25 5501 14261 81 3
10211 12166 15 0 8581 11580 72 4
12802 11187 55 25 17246 10117 65 22
20744 7324 76 5 14279 6085 41 2
8642 12166 156 30 6298 19778 36 10
8581 14261 70 20 20116 12211 89 0
19804 14174 135 43 10211 12802 25 0
11580 21865 57 20 5140 5501 121 3
8581 10117 55 24 6298 20744 100 25
6085 20116 142 31 10211 11187 78 27
12802 19778 84 34 5140 14279 40 2
19804 21865 118 44 12166 12211 49 0
5501 14174 107 26 8642 7324 186 50
17246 11580 65 23 14261 19778 146 35
