14338 22321 112 0 14235 3650 59 20
5015 18568 113 20 18263 6226 21 5
22316 14535 191 44 4216 9049 109 20
7609 7159 56 20 3848 14496 160 25
18568 18263 178 43 22321 14235 11 0
14535 4216 215 44 5015 6226 40 30
3650 9049 106 20 14496 7609 174 45
22316 14338 129 40 7159 3848 75 20
6226 14535 126 49 18263 22321 118 23
14235 14496 173 45 4216 7609 129 40
9049 5015 59 30 14338 7159 106 40
3848 22316 76 20 18568 3650 168 20
6226 4216 115 45 22321 7609 74 20
14338 18263 171 43 9049 14496 159 40
3650 3848 39 0 14535 5015 110 20
18568 14235 48 20 7159 22316 92 20
22321 6226 97 25 9049 14338 133 30
3650 4216 136 45 3848 18263 87 23
14496 7159 176 35 14235 14535 84 20
7609 5015 94 40 22316 18568 118 20
18263 9049 72 33 4216 3848 105 20
7159 14235 97 40 6226 3650 141 45
7609 18568 119 20 14535 14338 178 44
14496 22321 112 10 5015 22316 73 20
