4324 15050 31 0 8695 6121 40 10
5153 3788 27 0 10107 6499 26 2
5143 4156 36 0 13415 7130 37 22
22064 6189 22 0 4150 21495 50 40
6121 6499 12 0 10107 8695 39 10
5153 5143 62 0 4156 4324 54 2
21495 22064 24 0 15050 7130 18 4
6189 4150 39 20 3788 13415 63 0
5153 10107 11 0 5143 8695 65 10
7130 4156 44 2 6121 22064 24 0
4324 3788 26 2 21495 6189 51 2
4150 13415 79 40 6499 15050 26 4
8695 5153 68 10 7130 22064 16 2
5143 6121 56 0 6189 3788 35 2
13415 6499 56 22 21495 4324 42 2
15050 4150 41 22 4156 10107 83 0
22064 8695 69 10 3788 5143 112 0
13415 21495 73 40 6121 5153 35 0
6499 6189 23 4 4156 15050 56 2
7130 4324 13 4 4150 10107 66 20
