7390 7641 159 50 12516 11311 20 0
16026 20370 136 33 13190 8404 90 10
14525 19862 177 70 12492 15385 104 24
7641 12516 158 20 13190 16026 21 0
14525 12492 186 47 20370 7390 134 0
11311 8404 129 40 15385 19862 123 45
20370 14525 234 48 7641 16026 129 45
12516 7390 135 20 8404 19862 156 50
12492 13190 95 0 11311 15385 78 20
20370 7641 121 23 19862 12516 138 40
16026 15385 183 70 7390 12492 200 35
11311 13190 101 5 8404 14525 196 50
15385 7390 181 50 12516 20370 85 20
19862 11311 157 30 16026 14525 204 65
8404 12492 99 22 7641 13190 123 25
