4902 12202 24 2 13744 15725 32 2
10862 16831 40 0 16029 15930 29 0
12339 16251 26 0 12302 12202 125 23
12302 13744 121 20 12339 16831 47 20
16251 16029 40 0 4902 15930 62 10
10862 15930 122 37 15725 12302 125 37
16029 12339 12 0 15725 12202 47 0
13744 4902 30 2 16251 10862 134 27
12339 10862 126 27 16831 16251 100 20
16831 12302 183 48 15725 4902 60 0
12202 16029 2 0 15930 13744 51 15
12202 13744 65 2 12302 10862 204 66
15930 16831 115 20 4902 16251 51 0
15725 12339 21 3 10862 16029 89 24
16831 4902 151 52 12202 12339 5 0
16251 12302 105 23 16029 15725 44 10
15930 15725 80 8 13744 12339 36 2
