19994 19890 128 38 22255 15360 52 3
12096 12518 180 49 6010 7 159 40
10442 14169 87 40 19458 16943 150 40
11695 16502 84 26 6417 5233 109 47
12096 22006 73 25 15304 7988 135 40
15360 19994 47 0 19458 12518 197 60
10442 22255 45 0 11695 6417 136 24
15304 6010 64 0 14169 19890 105 29
7 5233 96 23 16943 22006 19 2
7988 10442 82 20 16502 12518 76 0
6010 19458 204 59 15304 22255 105 25
6417 16943 97 26 12096 19994 67 20
5233 16502 111 46 15360 14169 9 0
7988 11695 99 40 19890 7 133 30
22006 19994 43 0 10442 6010 109 20
22255 16943 57 5 16502 15304 135 43
7 7988 92 20 6417 15360 88 24
12518 11695 118 40 22006 14169 62 2
19890 19458 181 39 5233 12096 111 26
7 15304 32 2 19994 10442 91 2
6010 15360 83 5 16943 11695 56 2
14169 22255 105 43 7988 12096 73 40
16502 19458 209 63 22006 19890 78 25
12518 6417 115 28 5233 15304 34 0
