22690 516 50 0 13093 3123 68 30
22532 3830 41 0 3736 15006 76 24
17115 15858 10 0 3101 21944 81 20
14226 506 6 2 14725 20012 91 30
3839 3830 73 0 22690 22532 20 0
15006 17115 65 32 15858 516 88 20
3101 13093 117 24 20012 14226 69 16
3736 14725 60 20 21944 3123 24 2
3839 22532 32 0 506 17115 32 0
13093 20012 88 20 15858 15006 83 20
3101 3736 78 20 14725 22690 89 24
516 21944 51 3 3830 506 119 0
3123 14226 17 3 17115 3839 29 0
22532 14725 70 20 15858 13093 85 0
3830 15006 123 28 506 3101 74 0
3736 22690 22 0 516 14226 56 4
21944 20012 70 16 3123 3839 32 0
14725 13093 160 20 17115 3830 61 0
506 15858 80 20 14226 3736 44 23
20012 22690 95 10 15006 21944 127 24
516 3123 33 0 22532 3101 71 20
13093 3839 92 0 15858 3736 82 0
20012 506 57 0 22690 17115 39 0
14226 3101 102 23 21944 22532 7 2
15006 516 122 28 3839 14725 160 24
3123 20012 163 13 3830 15858 48 0
