17873 17243 178 49 19079 17962 194 52
19342 17861 207 65 21455 16000 75 0
19055 14270 120 30 19120 17844 93 20
19048 22044 229 55 19061 19104 146 65
21972 19106 167 24 5843 18160 169 49
19044 17857 225 52 19053 19062 175 20
17870 19141 134 42 17869 19109 235 65
14277 19071 225 55 19121 19116 213 48
16166 20912 257 44 19096 20691 143 50
19074 19105 216 54 19095 22754 137 40
15996 17624 118 25 15993 20043 193 41
15972 19115 232 72 19049 19068 211 44
22017 19101 274 45 12560 19067 184 40
17855 17871 229 55 20974 15966 93 20
12632 19088 188 10 21097 19083 229 25
19066 19151 226 40 19211 21028 207 55
19103 19075 50 20 17713 19086 247 70
19176 20985 115 25 22226 19234 236 81
19098 23015 189 60 21071 14278 92 30
19063 17860 171 36 17844 19099 165 59
19116 19053 87 20 17962 17869 225 74
19120 19044 194 50 17243 19141 129 24
17857 22044 173 49 21972 19342 157 29
22754 20912 245 49 14270 16000 231 45
18160 19048 175 50 15993 15972 252 85
21455 19105 158 36 19062 19121 197 56
17871 19096 116 20 19106 19115 172 20
19068 20691 192 24 15996 5843 143 39
19095 12632 130 30 17870 14277 95 30
19074 21028 146 35 19061 20043 109 25
21097 19075 25 0 19079 19066 262 69
17713 19101 202 55 21071 19109 151 20
19086 20974 187 9 22226 19211 156 50
19049 15966 137 48 23015 19104 184 0
19083 22017 168 44 19055 17860 125 25
19103 12560 242 40 19151 19088 135 44
19098 19067 169 35 19099 16166 198 66
14278 19176 145 45 17861 17873 208 60
19234 19063 162 52 19071 17624 234 55
22754 17855 146 45 20985 15993 125 29
19121 20912 241 60 19044 17869 215 69
21455 15996 77 0 17844 12632 161 49
17962 19096 234 50 21028 21972 117 45
20043 16000 251 32 19068 19105 223 48
17243 21097 221 44 19048 19342 96 12
19115 14277 217 44 19075 19074 61 20
19141 18160 222 57 19095 21071 79 45
5843 19109 191 45 20974 17857 186 48
19211 19061 261 40 19120 23015 67 4
15972 19055 178 44 19067 19066 165 46
19116 17870 136 30 19176 19049 134 40
14270 19083 206 60 19071 15966 145 50
19099 17861 164 59 22017 19103 139 4
19079 17624 153 53 19053 19101 161 40
17860 17713 223 65 19106 19104 165 60
14278 20985 113 20 19086 17871 171 55
17855 19151 240 45 19063 19098 146 49
16166 22226 200 60 22044 12560 181 60
19088 19062 227 58 17873 20691 181 20
19121 15993 232 55 19234 21097 168 70
19141 17844 79 28 19105 17857 274 85
20043 21071 162 32 20912 19342 289 49
19066 19074 173 53 12632 17243 203 35
21028 15972 219 70 14277 15996 116 20
16000 19049 207 44 19083 5843 180 45
21972 19120 91 20 19103 19068 155 34
17861 19048 239 71 20974 19075 24 0
19067 19053 114 40 18160 17713 277 82
19061 22017 162 45 19176 21455 129 50
14270 17870 208 60 20985 19063 206 56
19109 22226 244 95 23015 19106 182 40
22754 19098 163 60 17871 17962 166 60
20691 19071 185 60 22044 17860 103 25
19211 19095 172 55 17624 19099 196 71
19096 19151 77 25 19101 17873 167 50
19044 19055 236 50 15966 14278 83 40
19104 19079 242 78 16166 19062 249 80
19234 19116 199 55 19088 17855 157 32
19115 17869 195 56 12560 19086 213 74
21071 19103 60 20 17857 15972 327 94
19105 19049 269 68 19048 19066 200 63
19342 18160 249 70 15996 19121 145 48
19083 19067 159 55 15993 19061 181 50
21097 19120 41 0 19063 19053 156 32
23015 21972 181 40 16000 19176 155 45
5843 22226 201 90 17860 22754 188 45
17713 17861 294 90 17243 20912 131 24
19096 12632 123 0 22017 19211 146 52
20691 14278 110 40 17870 21028 195 35
20043 17873 204 52 19044 17871 267 80
19062 19071 190 19 19098 19055 206 35
17962 12560 204 65 19068 14277 121 20
19109 19095 183 60 17855 19115 127 24
17624 19086 80 20 19104 19074 231 80
19088 20974 165 20 19141 19079 159 57
22044 20985 64 4 19075 21455 147 25
17844 16166 241 69 19151 19116 98 5
19106 19099 173 37 19101 14270 211 50
15966 19234 169 60 17869 21972 164 44
19066 19083 269 81 20912 19120 132 28
17857 15993 147 50 17861 19096 176 60
22226 15996 143 20 14278 17713 249 70
19053 21071 119 20 17860 19176 157 50
20691 19063 140 28 16000 19048 165 61
19342 19211 197 40 12560 22754 188 45
19109 19098 212 65 12632 19044 219 45
19062 19061 183 54 15972 17855 221 64
19104 20974 81 20 19055 20043 163 57
19086 23015 105 49 19067 19121 207 56
17871 21455 147 45 19151 19141 121 25
19075 19068 193 64 19071 17844 154 45
17869 21097 136 5 14277 16166 113 64
17873 5843 210 60 19105 14270 195 68
15966 17243 151 40 20985 19103 44 20
19115 19079 182 45 18160 19234 279 95
21028 19106 204 40 19116 22017 100 30
19099 17962 319 81 19074 17870 56 10
19101 19088 196 62 19049 19095 160 44
20912 22044 83 20 17624 19044 255 75
