21832 20802 60 20 7277 14023 191 40
15259 22315 49 20 13898 18444 45 0
20168 16596 69 2 22188 16544 131 25
16871 21736 69 0 18634 18450 90 25
21593 11712 43 3 20125 20802 45 0
16544 18444 89 2 21832 13898 94 40
22315 18634 69 20 22188 7277 173 48
18450 20125 142 20 16596 15259 34 2
16871 14023 115 20 11712 20168 59 20
21832 21593 72 23 21736 22188 100 23
20802 18634 136 40 16544 15259 105 24
13898 18450 80 25 20125 14023 124 40
18444 16871 48 20 21593 7277 103 20
21736 16596 62 22 11712 22315 60 30
13898 20168 59 20 18450 20802 130 45
22188 20125 133 40 16544 16871 50 20
11712 21832 71 40 21593 22315 47 2
14023 16596 124 22 18634 18444 61 20
7277 15259 111 40 20168 21736 51 0
20802 16544 105 20 22315 16871 79 20
18450 22188 167 48 18444 11712 13 0
7277 21736 96 20 16596 13898 35 0
20125 18634 133 44 20168 21832 67 20
15259 21593 12 3 14023 16544 192 20
