15546 21685 81 19 15550 18483 39 23
19738 15553 10 0 19574 19737 11 0
18900 11719 33 22 20485 19779 59 20
18484 14637 70 5 15549 19739 20 0
15546 19592 52 22 21792 19738 6 3
15550 11719 41 5 18900 19737 54 30
21685 18484 11 0 15553 20485 30 20
14637 19739 38 0 19779 21792 55 4
18483 19574 63 0 15549 19592 15 5
15550 19738 34 3 15553 18484 21 0
19737 15546 109 16 18900 19779 36 20
18483 20485 72 25 19739 19574 10 0
21792 15549 25 2 21685 11719 71 10
19592 18900 18 8 14637 15553 118 11
19779 15546 83 15 19574 18484 48 0
20485 15549 38 0 21792 15550 31 3
18483 14637 91 45 11719 19738 35 3
19739 19592 8 0 19737 21685 14 3
15553 15549 21 0 20485 15546 71 3
19574 15550 25 3 11719 14637 88 28
19738 18900 40 21 21685 19739 13 0
19737 21792 23 3 18484 18483 69 0
19779 15550 69 25 19592 15553 25 13
