14491 11684 163 34 92 6168 156 54
7842 13132 152 25 20074 23050 22 0
8373 7209 129 44 21509 20087 12 0
20979 20120 16 3 8651 4964 173 51
10127 9792 132 45 14586 20088 76 0
9879 17040 147 46 21418 8417 166 46
7209 5893 154 54 7842 6168 200 54
20979 8373 35 3 11684 20120 94 21
20087 20074 32 0 9792 8651 114 4
13132 92 162 51 17040 14586 95 20
21509 21418 78 23 14491 10127 141 52
8417 5893 152 42 20088 4964 99 25
23050 9792 36 4 7209 9879 193 68
20120 14586 50 0 7842 20074 89 9
6168 8651 140 40 13132 21509 65 0
21418 92 132 34 20088 20087 56 0
8417 8373 123 32 14491 23050 156 52
10127 9879 190 69 5893 20979 137 48
4964 11684 115 41 17040 7842 173 49
6168 21418 195 48 20120 9792 108 40
20088 14491 103 32 7209 13132 137 44
14586 20979 130 40 8417 21509 98 22
17040 8651 92 20 8373 5893 132 30
92 20074 38 4 9879 4964 216 44
20087 23050 53 0 11684 10127 143 26
7842 14491 188 41 9792 20979 145 44
5893 13132 205 45 21418 8373 50 6
8651 8417 92 15 92 7209 106 47
20120 17040 70 10 20087 10127 129 25
4964 14586 164 45 23050 6168 56 40
21509 20088 52 20 11684 9879 135 40
20074 7209 86 24 20979 21418 118 29
10127 92 153 35 8373 7842 100 5
4964 20087 113 25 14586 14491 167 32
9792 8417 104 14 13132 11684 119 21
6168 20088 103 20 20074 17040 52 0
23050 21509 33 0 5893 20120 122 20
9879 14586 184 60 8651 7842 188 49
