18147 16764 95 21 15297 10179 194 23
22218 16626 96 20 14707 18699 58 20
17561 21896 81 30 14708 10179 95 20
18147 15297 75 23 21896 22218 63 10
16764 16626 95 40 17561 14708 81 23
18699 15297 132 40 17561 14707 102 43
14707 14708 93 40 16764 21896 114 0
10179 18147 104 45 18699 22218 100 43
16626 14708 92 40 18147 18699 72 20
16764 22218 84 20 21896 16626 48 0
10179 17561 112 43 15297 14707 106 20
21896 15297 88 20 16626 18699 102 0
14708 18147 153 26 14707 10179 163 40
16764 17561 100 3 22218 18147 102 20
22218 14707 91 40 14708 16764 84 0
10179 21896 100 25 16626 17561 73 23
18699 14708 49 0 15297 16764 128 23
