18185 22323 136 45 15439 3208 98 22
4951 4358 88 20 16970 3825 71 51
16660 16837 17 0 19953 18810 123 46
6281 12087 109 30 15786 20129 176 47
22097 18848 106 35 10908 12651 102 47
3766 12656 20 1 16542 3081 121 45
15923 16660 142 44 3208 16970 200 50
4358 6281 70 20 18810 15439 181 29
15786 22323 111 23 16837 12651 82 26
12656 3825 52 41 18848 19953 81 20
18185 10908 121 54 12087 3766 166 50
3081 15923 151 47 20129 22097 99 34
16542 15786 84 40 4951 3208 101 41
22323 18848 122 44 16660 4358 74 40
10908 3766 114 20 16837 6281 62 20
3081 18810 140 51 16970 18185 114 21
15439 16542 54 23 22097 3825 51 31
12651 12656 19 3 15923 12087 138 29
19953 20129 133 24 4951 10908 153 24
3766 16970 91 21 18848 15786 111 41
3825 3208 138 41 6281 3081 133 45
12651 16542 96 46 16660 18185 82 25
18810 4951 82 46 22323 15923 160 44
12087 19953 85 30 4358 22097 35 5
20129 15439 138 23 12656 16837 41 20
3825 10908 96 25 16660 15786 78 20
3208 12651 141 40 3766 18810 149 46
19953 16970 152 50 22323 16542 109 43
16837 18185 141 50 15923 4358 48 24
12087 3081 74 20 18848 15439 98 23
22097 4951 113 34 12656 6281 65 41
20129 16660 136 28 22323 3766 108 23
