21861 14318 136 25 9614 5773 53 15
12635 596 41 20 14300 9657 73 20
18133 20791 97 20 12869 16898 73 20
19631 9614 222 63 12635 22100 32 0
16898 14300 104 25 14318 5773 144 25
12869 20791 118 45 19631 9657 48 0
596 18133 47 22 22100 21861 49 12
12635 16898 30 20 14318 12869 24 0
14300 22100 67 4 20791 21861 44 10
5773 18133 39 22 596 19631 96 0
9657 16898 89 45 21861 9614 195 60
14318 12635 112 20 596 20791 36 0
9657 12869 75 20 5773 22100 109 24
9614 14300 173 65 19631 18133 76 2
5773 21861 70 30 20791 12635 58 0
22100 19631 84 7 16898 14318 111 5
12869 9614 132 35 14300 596 91 20
9657 12635 47 40 18133 14318 26 2
