22495 17320 39 2 7788 18515 25 2
16840 10802 37 10 22614 19398 45 20
14762 10095 48 2 13073 4641 63 12
22495 7788 70 2 19398 19420 32 3
16840 22614 26 2 18515 14762 35 0
19420 13073 29 4 10095 10802 138 0
14762 4641 66 3 17320 19398 29 3
7788 10095 50 2 22614 10802 34 2
17320 13073 24 3 16840 22495 58 0
4641 19420 29 13 18515 22614 40 2
14762 7788 44 6 10802 22495 22 10
17320 4641 36 23 19420 16840 21 15
18515 19398 40 0 10095 13073 97 25
10802 7788 61 13 4641 16840 52 10
22614 17320 19 7 10095 22495 75 20
19420 18515 19 3 19398 14762 38 2
13073 22614 57 3 7788 17320 36 4
