5741 724 126 4 9415 16410 149 44
19366 11468 131 45 11260 15342 240 80
207 23114 115 40 22508 14361 215 75
3409 3189 143 47 18527 15173 151 52
10949 18225 234 100 22509 17962 256 90
14503 13181 189 45 9879 19824 159 57
19502 16417 196 60 11770 7242 209 75
12887 14140 205 45 7129 14212 138 52
19889 18763 166 69 14380 15534 238 69
6899 17080 172 65 10477 19411 156 40
16671 6272 246 69 18317 18492 50 40
6133 14023 213 50 22222 6165 207 70
23114 10949 131 25 11468 724 130 40
207 15342 197 70 15173 9415 152 60
19824 22509 167 58 16410 3189 168 36
9879 11770 166 63 14140 22508 185 67
19366 18527 136 20 19502 18225 236 80
14361 18763 237 65 13181 17962 136 20
18492 7129 178 36 5741 6899 123 40
19889 18317 203 66 6165 17080 114 25
6272 19411 142 49 22222 12887 173 45
3409 14380 223 44 11260 14023 83 45
15534 14212 203 44 16671 14503 207 53
6133 10477 260 65 16417 7242 252 95
19502 22509 216 60 15173 9879 97 45
9415 3189 201 48 10949 19366 125 32
724 18763 155 49 6899 22508 165 55
17962 17080 197 53 11770 207 236 74
19889 15342 142 58 18225 14361 222 75
14380 5741 118 40 12887 6165 182 65
14140 14023 175 65 13181 18317 192 40
6272 18527 181 24 14503 10477 121 58
6133 7129 138 44 11260 18492 149 25
16671 3409 179 47 16410 23114 70 45
16417 15534 202 60 11468 19411 119 44
22222 7242 196 65 19824 14212 258 52
10949 17080 163 44 19502 14361 257 75
9415 6899 192 55 18225 9879 227 89
724 17962 269 85 14023 19889 109 52
14503 12887 185 55 11770 15342 142 34
10477 5741 95 20 18763 22509 160 54
18492 13181 138 20 3409 19366 126 27
3189 19411 79 24 6133 14380 176 52
11468 22508 186 60 18317 14212 198 50
6165 7242 260 100 7129 16671 119 59
11260 15534 293 85 14140 22222 190 65
207 16417 309 100 18527 16410 187 32
15173 19824 135 25 23114 6272 200 64
12887 9415 239 80 10477 19889 122 25
13181 11770 221 59 22509 18492 161 50
17962 19411 60 10 3409 19502 256 62
14023 14503 143 55 22508 18763 176 40
3189 11468 127 52 16671 9879 137 40
18225 22222 177 65 17080 724 184 64
14212 16410 203 70 15342 6133 149 20
18527 23114 135 40 7129 15534 219 77
6272 14361 269 99 6165 11260 240 85
5741 19366 77 20 19824 14140 226 65
18317 16417 231 69 6899 15173 117 40
10949 207 224 75 7242 14380 155 65
22508 9415 278 90 3189 13181 160 28
9879 724 163 52 19411 18492 141 31
14212 18225 245 65 10477 14023 38 0
22222 14503 144 30 11468 19889 154 25
22509 23114 114 45 17080 11260 245 94
19366 6272 150 34 11770 15534 162 59
6165 15342 237 70 16417 3409 218 77
19824 18317 192 35 7129 14380 113 40
14140 16671 194 65 18763 10949 121 20
16410 17962 263 75 12887 15173 212 73
207 19502 233 80 6899 6133 198 60
7242 5741 132 20 14361 18527 220 65
19411 11260 200 68 14212 13181 190 50
9415 14023 205 50 23114 11770 95 24
15534 18225 285 95 18492 6165 187 49
22509 14503 267 95 16417 19366 202 70
14140 10477 227 76 3409 11468 110 52
19889 7129 189 56 16410 9879 207 49
6272 207 197 39 3189 724 149 52
15173 14361 226 74 14380 22222 160 56
19824 12887 137 30 18763 17080 399 48
7242 10949 170 56 15342 6899 162 30
22508 19502 226 55 5741 16671 109 24
17962 18317 248 85 6133 18527 252 90
6165 22509 202 70 19411 14140 172 44
18492 16410 123 0 14023 11468 134 25
15534 9879 199 74 207 3409 162 45
7129 9415 172 36 14503 14361 306 90
18763 22222 158 45 19366 23114 77 20
16417 14212 283 95 14380 17080 179 60
15173 11770 147 54 18225 11260 229 75
6133 13181 203 70 10949 5741 137 36
7242 22508 161 65 6272 17962 308 84
15342 12887 206 75 18317 3189 244 48
19502 19824 212 53 724 10477 174 59
18527 16671 191 67 6899 19889 143 48
14023 19366 157 20 19411 207 150 19
17080 14140 132 30 16410 14503 202 60
18763 15173 150 45 9415 18492 229 65
14361 6133 278 85 9879 11468 162 64
22508 22222 262 70 7129 16417 206 76
23114 7242 167 40 18225 18317 195 55
724 6165 241 72 15342 13181 149 35
5741 3409 130 48 14212 6272 236 74
18527 11770 237 69 19824 10949 170 23
3189 11260 247 80 19502 19889 214 65
14380 16671 123 36 17962 10477 248 90
22509 6899 174 69 15534 12887 202 50
19366 6133 210 70 17080 22508 233 74
18763 7129 96 40 207 18225 228 85
19411 15173 169 49 7242 14503 229 90
14361 3409 234 62 18317 724 173 71
9879 6165 132 39 14212 10949 247 66
19889 11260 223 60 16417 5741 209 50
18492 10477 157 25 23114 3189 121 24
14380 19502 216 67 6272 14140 239 86
15342 16671 143 35 14023 22509 201 50
12887 11468 184 65 13181 18527 158 62
17962 19824 227 70 15534 9415 218 60
16410 6899 157 44 22222 11770 181 39
14212 15173 241 50 724 19366 135 47
3409 18225 166 22 14503 6133 219 78
10477 18317 216 60 5741 207 146 25
22508 19889 201 82 19411 10949 215 52
17080 7129 216 72 14023 6272 239 69
11260 9879 255 79 7242 12887 178 65
11468 14380 74 28 22509 9415 164 20
14361 16417 257 90 16671 19824 139 40
18492 22222 135 20 15342 18527 219 60
23114 6899 77 24 14140 17962 264 72
13181 16410 172 55 15534 19502 251 70
11770 6165 126 33 3189 18763 135 55
