9175 16716 111 45 14850 19954 90 40
21477 12600 15 0 11619 6433 101 20
3846 2845 55 20 21584 7017 67 25
4997 19895 22 20 7719 2425 79 20
13624 12600 53 5 16716 14850 106 45
3846 9175 31 0 21477 11619 38 0
21584 6433 119 20 2425 4997 59 0
19895 7719 56 22 19954 7017 97 40
13624 14850 149 25 2845 21477 64 20
16716 4997 81 25 9175 12600 60 30
11619 21584 25 0 7017 7719 116 40
19954 3846 58 20 2425 13624 50 0
19895 2845 61 20 12600 6433 70 20
4997 7017 108 20 16716 21477 68 20
14850 7719 94 20 2425 3846 64 20
13624 21584 44 5 11619 19895 39 0
19954 9175 74 20 6433 2845 103 20
12600 16716 127 35 7719 3846 70 20
21477 14850 94 20 19895 21584 41 20
2845 19954 111 20 4997 11619 91 0
7017 2425 86 40 9175 13624 113 25
6433 19895 50 0 3846 16716 99 25
21584 21477 58 0 12600 19954 32 0
7017 11619 80 40 14850 4997 45 0
7719 13624 118 45 6433 9175 117 20
16716 2425 152 25 2845 12600 54 30
