17028 16730 13 4 21780 19956 35 0
9778 18838 48 2 19955 21848 74 0
12398 13755 37 4 22304 19957 10 0
18570 14608 82 20 16617 18801 21 2
22306 11986 33 4 19782 19717 40 5
17028 14608 64 30 19957 18838 14 0
12398 16617 67 12 11986 21848 41 0
22306 16730 23 4 9778 18570 57 2
19717 21780 70 13 22304 18801 17 0
19782 19956 42 4 19955 13755 25 3
21848 19957 49 30 18801 22306 12 0
18838 19955 40 4 11986 21780 27 3
13755 19717 88 13 18570 17028 14 0
19956 9778 74 12 14608 12398 26 3
16730 22304 38 22 16617 19782 112 4
