9102 16225 14 0 17210 22363 58 2
11457 14213 28 0 14919 22325 111 20
6547 19996 107 20 5422 9103 73 25
21536 14959 20 0 20181 9808 167 45
21692 18415 22 0 11908 14995 51 0
9034 20391 114 50 7095 21392 56 30
10173 22363 123 20 21677 14919 48 6
16225 20181 95 25 14213 6547 106 5
9808 14959 39 2 5422 18415 19 0
9103 11457 74 25 7095 21692 71 30
14995 9102 73 20 10173 20391 105 20
19996 21536 79 26 9034 21677 92 20
22325 17210 66 12 21392 11908 37 0
22363 18415 63 25 7095 20181 96 45
14919 21692 22 0 9102 9808 118 0
5422 10173 96 27 9034 14213 103 40
22325 16225 76 10 19996 14995 51 0
20391 11908 79 25 21536 9103 95 25
6547 21677 141 24 14959 17210 45 2
21392 9808 87 10 11457 22363 71 25
21692 9034 62 20 16225 14919 18 3
20181 11908 103 40 19996 9102 148 48
9103 14213 139 25 14959 14995 32 0
18415 11457 10 0 17210 20391 119 28
22325 7095 75 20 21677 5422 119 26
21392 10173 58 0 6547 21536 116 23
22363 19996 137 28 14213 21692 87 0
11908 14959 46 0 11457 16225 18 0
9103 9034 166 45 18415 22325 50 20
9808 21677 161 49 20391 6547 160 49
14919 17210 16 2 21536 5422 74 23
14995 7095 32 20 9102 21392 176 25
10173 22325 180 20 21692 20181 128 25
11908 6547 145 24 22363 9034 89 40
20391 14919 69 23 14959 19996 67 23
14213 9102 126 25 18415 21536 75 3
20181 5422 163 22 14995 11457 49 0
21677 21392 77 24 16225 9103 28 20
9808 7095 117 49 17210 10173 118 22
