17403 9410 100 20 9775 13829 22 0
22213 20160 34 3 7006 13699 89 25
14422 22525 31 2 3507 3216 104 25
14592 4965 20 20 22190 15094 15 2
13699 22213 59 3 17403 19648 146 27
7006 3216 29 0 13829 3507 73 5
14422 20160 22 2 9775 14592 34 0
19648 15094 65 7 9410 22190 69 26
4965 17403 81 25 22525 7006 75 3
22213 13829 51 23 3507 14422 56 25
9410 3216 117 0 20160 22190 7 4
22525 9775 34 2 15094 13699 138 20
14592 19648 64 2 4965 7006 27 0
3507 22190 49 0 20160 17403 99 23
15094 9410 66 20 14422 22213 37 3
3216 9775 10 0 19648 4965 96 3
13699 22525 52 20 13829 14592 44 20
22190 7006 40 0 9410 14422 113 26
22213 3507 134 28 4965 9775 14 0
13699 17403 170 50 3216 15094 62 25
20160 19648 97 2 22525 13829 49 20
14592 3507 89 20 22213 9410 108 27
