9324 9254 56 0 359 19299 63 0
542 18253 151 50 14531 20320 179 22
11546 19298 123 20 6325 6436 122 40
21868 12997 111 40 13125 16287 44 20
14917 20406 84 40 20319 21786 73 0
19866 7767 239 24 19888 22427 82 32
12861 542 84 20 3526 11770 227 44
6436 20320 124 22 9254 21868 111 20
16287 20319 26 20 14531 11546 179 40
18253 13125 153 25 21786 6325 68 20
9324 11770 156 40 20406 19866 58 20
19299 3526 60 10 12997 7767 178 27
19888 359 129 24 19298 12861 180 23
14917 11546 112 20 13125 22427 13 0
9324 14531 135 40 21786 6436 155 40
6325 9254 134 20 16287 3526 120 40
21868 542 104 45 19888 20406 86 40
19866 20319 55 0 19298 12997 28 0
22427 12861 111 23 19299 18253 166 25
11770 14917 130 24 7767 20320 129 27
359 21868 161 20 3526 11546 128 40
9324 6325 142 40 20319 542 51 5
6436 19866 128 40 18253 16287 149 25
12861 13125 102 23 7767 14531 157 20
12997 19888 68 0 9254 14917 46 2
22427 21786 61 0 11770 359 110 20
20320 19299 18 0 20406 19298 98 20
7767 9324 169 48 21868 18253 159 45
13125 6436 68 20 20319 19888 67 0
359 16287 122 40 542 14917 99 40
20406 12997 59 20 12861 6325 183 43
21786 19299 42 0 11546 19866 221 40
11770 14531 101 24 9254 19298 93 40
22427 3526 80 20 20320 9324 69 27
