5026 16133 10 3 8271 7002 60 10
22244 4133 97 25 19387 724 34 7
3188 12727 19 4 54 12114 21 2
18240 4813 24 20 10662 10731 66 14
17125 6437 33 20 17097 6088 58 3
3189 12727 57 20 2879 4133 72 12
7002 12114 27 10 4813 724 30 20
6437 17097 82 13 5026 22244 49 3
3188 10731 44 5 17125 3189 39 0
6088 16133 17 0 2879 10662 65 15
19387 8271 34 0 18240 54 93 22
4133 5026 140 10 3188 4813 31 3
724 2879 56 22 10731 6437 59 22
6088 22244 46 1 12114 18240 63 20
8271 3189 60 20 10662 17097 95 23
12727 17125 18 10 19387 7002 9 0
16133 4813 14 0 54 22244 66 22
2879 18240 60 20 5026 3188 115 5
12114 10662 59 13 4133 17125 98 12
12727 724 65 20 8271 6088 47 3
7002 54 63 12 3189 6437 65 44
10731 17097 66 16 16133 19387 9 0
17125 2879 41 0 4813 8271 40 0
7002 10662 122 23 22244 3188 72 23
54 6088 35 0 4133 10731 16 12
12114 19387 14 0 3189 5026 122 23
724 18240 101 40 17097 12727 61 12
6437 4133 131 34 16133 3188 47 3
