12076 12693 9 0 17520 21739 94 25
12695 9567 65 20 15342 8161 76 5
20229 15341 27 20 13189 9487 58 12
5039 10274 23 12 21231 9339 77 10
11545 15362 38 12 12076 16433 44 0
13189 17520 69 23 9567 21739 87 23
10274 15342 72 20 12693 5039 25 2
15362 9339 48 10 15341 8161 23 10
21231 11545 55 13 12695 20229 3 0
9487 12076 27 2 10274 16433 61 5
15362 15341 49 20 12693 9567 101 31
17520 15342 149 43 20229 21231 38 14
11545 8161 29 13 5039 13189 61 13
9339 9487 66 20 21739 12695 28 2
16433 15342 147 20 15341 17520 52 20
9567 5039 120 30 12076 20229 13 2
12695 13189 18 3 15362 10274 17 2
9339 12693 65 21 9487 11545 26 3
21739 21231 47 12 8161 16433 92 35
15362 12695 2 0 17520 5039 98 25
13189 12076 23 0 15342 9339 126 20
16433 20229 70 10 8161 12693 58 21
21739 15341 42 22 11545 10274 49 10
9487 21231 67 10 9567 15362 52 0
