15715 18758 42 20 4215 12636 90 40
13107 20848 65 20 13615 9244 60 12
247 13617 156 40 8902 11456 71 24
13293 15147 52 22 19477 10603 80 22
20848 248 123 20 10243 13105 28 0
12636 13615 81 23 9244 4215 98 20
13617 19477 124 40 13107 10603 19 2
11456 18758 117 27 10243 15147 78 2
15715 13105 72 40 13293 247 115 40
248 4215 103 40 8902 19477 90 21
15147 11456 91 6 20848 12636 78 40
13105 247 83 40 18758 13107 22 0
8902 10243 38 0 13615 15715 107 26
9244 13293 59 22 13617 248 115 23
10603 4215 68 0 11456 13105 102 20
12636 8902 52 21 15147 13107 122 2
18758 13615 50 23 13293 13617 102 20
10603 20848 50 25 248 15715 103 20
10243 19477 78 0 9244 247 66 22
15147 12636 59 22 13105 13617 121 40
10603 8902 53 25 18758 20848 79 20
19477 9244 52 22 11456 15715 125 20
13107 10243 38 0 4215 13293 153 40
248 13615 108 1 247 15147 52 2
