20431 22515 12 0 13749 20855 22 2
12110 11441 85 2 4711 11591 70 20
9357 20304 8 0 11890 22649 5 4
9470 10332 44 25 20288 22516 103 25
13749 17564 35 0 22559 11441 83 0
22649 9357 36 20 22515 11591 6 0
9470 20288 128 20 12110 20304 42 2
20855 11890 22 2 10332 4711 67 20
17564 22559 28 0 22516 20431 16 0
9470 12110 111 43 9357 13749 20 10
22649 20855 7 0 11441 20288 126 20
11591 11890 40 22 20431 17564 3 0
20304 10332 26 0 22515 22559 37 2
4711 13749 13 0 22516 9357 40 20
11890 20431 40 2 11441 9470 79 3
10332 22559 23 0 22649 12110 30 1
20288 22515 106 25 17564 4711 58 20
20304 22516 4 0 11591 20855 57 0
22559 12110 64 22 9357 11890 53 22
4711 22649 64 22 9470 20431 72 33
22516 11441 66 0 20304 22515 17 0
13749 11591 25 0 20288 10332 101 20
20855 9470 27 5 17564 9357 54 20
