22831 16421 104 0 19491 22035 48 0
19468 19473 32 0 22075 22034 56 20
18808 14515 27 2 22775 22598 11 0
21909 16366 173 35 16399 19486 37 20
22242 22582 49 20 16424 18809 77 24
22034 18808 18 2 22831 14515 109 40
22035 16399 63 20 22598 19468 79 20
16421 22075 35 0 19486 22242 52 20
16366 16424 171 54 19473 18809 53 20
22775 19491 26 0 22582 21909 13 0
14515 19486 53 30 19468 22831 74 0
22075 18809 63 0 16399 18808 22 0
22598 22242 29 20 19491 16366 15 0
16424 22775 53 24 22034 22035 46 0
19473 21909 27 0 16421 22582 20 0
18809 22598 30 0 22075 22831 77 0
14515 19491 56 20 16424 16399 52 23
22242 19468 70 20 21909 18808 23 10
19486 19473 55 30 22035 22775 75 10
22034 22582 48 20 16366 16421 67 20
21909 16424 127 34 18808 22598 58 0
16399 22831 76 20 22242 19473 51 0
22035 22075 83 20 22582 14515 51 20
22775 16421 74 10 16366 19468 69 40
19491 22034 86 40 18809 19486 81 24
