19398 22614 54 22 22495 16840 26 12
7788 19420 62 2 17320 13073 40 6
10802 14762 78 11 10095 18515 58 25
4641 13073 81 14 22614 16840 27 2
17320 10095 92 23 18515 22495 12 0
10802 19398 14 10 19420 4641 29 12
14762 18515 55 3 16840 7788 39 3
22614 4641 68 13 10802 17320 36 13
10095 7788 86 13 19420 19398 51 23
14762 22495 62 3 13073 10802 99 30
16840 10095 107 30 19420 17320 38 3
18515 19398 38 20 13073 22614 107 27
4641 22495 62 10 14762 7788 43 2
13073 16840 39 0 10095 10802 105 30
17320 22614 55 5 19398 14762 52 23
22495 19420 84 3 18515 4641 40 10
7788 10802 81 0 22614 10095 105 22
