16962 15640 32 2 14679 13265 78 23
22320 12453 106 33 19884 13109 95 20
14675 21733 87 20 18629 17573 36 0
14676 13714 53 20 12397 13584 100 20
17029 17072 22 0 12393 13581 90 24
12394 21732 130 4 18630 12448 180 23
13269 13580 88 40 17203 22622 43 0
13512 18260 91 20 13523 19884 67 2
14676 18629 52 20 13265 22320 130 33
13109 13584 138 24 15640 17072 43 0
13714 14679 62 10 21733 17029 71 0
13580 17573 48 20 12453 18630 123 20
12397 13269 109 45 12393 13523 106 2
17203 21732 82 14 18260 14675 21 0
22622 12448 106 25 13581 16962 57 2
13512 18629 125 22 17072 12394 88 2
17029 19884 22 0 14676 13580 23 0
12393 15640 145 20 21733 18630 77 20
13265 13269 108 23 18260 13109 51 4
14675 16962 40 2 22320 12397 125 33
13523 22622 117 0 13714 21732 127 10
17203 17573 12 0 13584 13512 120 20
14679 13581 50 20 12453 12394 96 30
12448 18260 131 20 18629 13580 105 23
17072 18630 103 20 12397 19884 97 20
17029 15640 32 20 13269 14675 52 0
21732 13584 94 20 16962 12393 73 2
13265 12453 124 43 21733 22622 111 24
13109 13512 133 26 12448 14679 71 30
12394 22320 80 33 13714 17203 67 20
13581 13523 72 6 17573 14676 4 0
18630 17029 87 23 13584 18260 51 20
16962 18629 83 22 13269 12453 186 40
12448 12393 154 45 19884 13265 57 23
13109 14675 143 24 13580 13714 89 40
13523 17072 99 0 14679 17203 22 0
13581 21733 111 43 13512 22320 82 0
22622 14676 57 20 15640 12394 113 45
17573 12397 78 25 21732 17029 100 20
