18758 14450 15 3 13105 13103 55 0
9244 12309 13 0 247 13615 65 0
248 18757 88 20 15715 13617 32 20
13105 13615 55 3 9244 14450 38 3
12309 18757 28 22 18758 15715 104 0
248 247 34 0 13617 13103 75 22
9244 13615 40 3 18757 18758 47 20
13103 247 163 40 15715 13105 70 20
14450 12309 26 3 13617 248 75 2
13615 18758 13 0 247 15715 188 40
13103 9244 76 20 12309 13617 32 4
248 13105 37 0 14450 18757 57 23
13615 13617 57 2 13103 18758 89 0
13105 9244 25 0 12309 248 72 22
18757 15715 154 40 247 14450 115 3
13617 13105 42 2 13615 12309 32 3
15715 13103 123 40 18757 9244 59 20
18758 247 67 0 14450 248 54 2
