18258 7477 11 0 4717 19400 13 1
4227 14976 39 10 7341 16290 84 20
21588 14673 9 0 8617 18172 53 20
19785 7592 79 15 4228 14976 13 0
18172 4717 33 20 8617 14673 2 0
18258 21588 37 0 19785 16290 116 25
7341 4227 62 10 7477 7592 93 25
19400 18258 20 0 21588 4228 43 0
18172 14673 70 24 19785 7341 4 2
8617 14976 20 10 4227 4228 67 20
16290 4717 40 20 19400 7592 57 0
7477 18172 79 24 14976 18258 11 0
21588 19785 43 2 4227 4717 78 41
7592 7341 90 25 19400 8617 10 0
16290 4228 76 25 14673 7477 25 0
7341 8617 49 10 18258 19785 13 2
4228 19400 27 0 18172 4227 76 24
7592 14673 83 25 7477 21588 111 4
14976 16290 105 25 4717 8617 35 21
7592 4227 52 20 14673 18258 9 0
16290 7477 171 49 19785 18172 5 2
4717 21588 58 0 4228 7341 50 0
14673 19400 5 0 14976 19785 17 2
