15119 21491 20 3 14018 8492 38 20
8142 15191 37 2 12362 13667 0 0
21537 9297 18 0 13666 15411 29 2
13667 15119 7 0 21491 15120 0 0
21537 12362 25 0 8492 8142 83 22
14018 15120 35 2 15191 9297 2 0
15411 12362 8 0 13666 15119 16 2
9297 14018 32 2 13667 21537 48 0
8492 21491 54 2 15191 13666 19 2
15120 15411 2 0 8142 14018 55 2
13667 15191 9 0 15119 21537 40 0
8492 13666 75 2 8142 15120 42 2
15411 9297 12 0 12362 21491 17 0
13666 14018 49 4 13667 8492 50 0
15191 15119 23 0 9297 8142 34 2
21491 21537 61 3 15120 12362 6 0
9297 8492 74 20 15411 13667 4 0
