22612 13366 40 24 6955 14054 92 40
13357 7230 87 24 13371 13362 83 20
13360 8527 12 0 6460 20297 112 45
6347 12737 132 24 19251 8863 66 15
11975 13364 40 3 13359 21302 103 26
8527 13371 113 20 22612 6955 108 40
14054 8863 158 45 13360 7230 52 13
11975 13362 37 2 19251 6460 62 20
21302 13357 103 23 12737 13359 181 44
13366 20297 72 28 6347 13364 38 3
14054 19251 92 20 13371 6460 122 40
6955 11975 133 22 13357 13360 96 34
13362 13359 33 0 20297 6347 55 20
8863 8527 83 0 13366 21302 22 2
13364 12737 92 23 7230 22612 70 4
13359 13360 61 10 13371 19251 101 40
21302 6460 94 23 6955 6347 105 22
12737 7230 103 20 13366 11975 59 23
8863 22612 65 0 20297 13357 132 48
13364 13362 36 5 8527 14054 68 20
6460 13359 116 43 7230 13366 86 23
20297 13371 165 25 11975 12737 145 2
8527 6347 45 0 14054 13357 117 40
19251 6955 64 40 13364 8863 140 27
22612 21302 130 3 13362 13360 60 13
