18221 19462 86 39 7034 8699 93 40
20189 22096 59 0 4774 21691 44 2
40 18813 73 20 4286 130 0 0
12923 20188 95 2 17703 5518 83 40
16008 18366 76 20 10820 8942 68 46
10132 22096 61 20 8699 5017 54 40
130 4774 61 10 20188 19462 103 17
10820 20189 124 43 17703 4286 48 10
8942 5017 110 44 7034 12923 75 45
5518 10132 76 20 16008 18813 140 40
18366 40 46 10 21691 18221 105 30
12923 130 93 30 20189 7034 127 43
5017 16008 168 48 4774 4286 42 12
21691 8699 45 20 5518 10820 111 45
8942 10132 104 20 40 19462 48 9
17703 22096 126 20 18221 18366 24 6
18813 7034 123 40 20188 21691 69 2
19462 5017 67 20 20189 5518 96 40
130 17703 80 20 8699 16008 126 40
12923 10820 123 45 22096 40 98 22
4286 20188 66 2 10132 18366 80 40
18221 4774 77 27 18813 8942 160 40
19462 21691 17 2 16008 12923 138 55
8699 20189 122 43 40 20188 77 4
7034 17703 88 40 10132 4774 75 20
4286 5518 87 20 22096 8942 35 0
5017 10820 161 48 130 18221 59 4
18366 12923 63 40 18813 20189 188 43
