16458 10862 166 35 19746 21352 197 45
12977 5243 50 25 16832 16377 177 23
12202 16828 75 0 16831 13744 26 0
4902 9923 87 0 12928 16556 171 15
16597 13266 156 20 21386 13833 78 0
15725 18458 45 20 15654 12302 174 0
17329 18908 90 0 16555 6901 141 40
19412 15703 188 12 15221 13893 116 0
5188 11924 76 15 17229 18738 110 40
21879 12928 184 40 13109 12977 105 0
16556 16458 188 65 16831 16597 100 35
9923 12202 22 2 19746 16832 196 35
13744 18458 23 0 17329 21352 8 0
15654 13833 73 0 13893 16555 98 10
15725 21386 117 40 18908 10862 180 45
6901 21879 138 20 15703 5188 40 10
12302 18738 143 44 5243 13266 96 30
13109 16377 161 36 17229 19412 54 0
15221 16828 39 0 11924 4902 92 3
12977 16831 3 0 19746 15654 146 4
18458 13893 38 3 18908 9923 116 3
12202 16556 48 22 16555 21386 115 20
12928 21352 77 20 6901 15725 98 0
18738 13109 101 20 15703 17329 15 0
13266 16377 197 32 10862 15221 121 25
13744 16597 63 5 16832 11924 104 0
12302 19412 90 25 16828 5188 66 0
13833 17229 132 23 5243 21879 30 0
4902 18908 135 24 16458 12202 151 40
18738 16555 110 40 18458 12928 192 45
19746 6901 263 70 13266 16556 81 10
16377 17329 139 36 11924 15725 82 15
16597 13109 171 30 21352 15654 12 0
5188 5243 20 0 9923 13744 6 0
12977 21386 88 25 16458 19412 160 70
10862 17229 195 51 16828 15703 40 20
21879 13893 145 27 4902 12302 139 28
16831 15221 48 5 13833 16832 93 22
13266 15725 163 24 12202 13109 78 0
17329 19746 176 50 16597 12928 159 60
11924 16555 152 20 9923 12977 76 5
17229 15654 85 20 21386 6901 79 30
16828 5243 7 0 13893 16458 207 45
10862 16832 130 40 19412 4902 102 20
21352 15703 77 20 16556 12302 59 20
5188 16831 45 10 16377 18908 200 55
15221 21879 154 20 13744 18738 78 40
13833 12977 25 0 18458 19746 212 45
