15372 14904 17 0 8406 6832 84 20
8811 22008 88 20 127 3734 68 25
8514 8626 29 0 13227 14962 41 20
21963 11419 56 25 22011 20764 30 0
15373 22191 148 40 9010 11085 87 20
22344 20410 50 0 11676 10577 72 25
13783 10437 58 0 17499 19897 183 28
20347 10526 63 20 19587 21235 74 0
6832 9256 48 0 22008 11419 86 5
22011 11085 105 20 8811 13227 127 20
15373 11676 82 10 3734 20764 68 0
19897 22191 123 50 8406 8626 134 25
13783 20347 65 0 15372 22344 50 0
14962 21235 92 45 20410 17499 56 2
14904 9010 57 20 10577 21963 60 20
127 8514 90 20 10526 9256 87 0
19587 11419 128 50 22191 10437 101 0
6832 15373 33 0 13227 13783 74 23
20410 20764 111 20 22008 15372 46 20
17499 20347 51 22 14904 8626 30 20
9256 8406 126 40 11676 21235 59 20
10437 22011 38 10 22344 3734 14 2
11085 19587 149 40 10577 127 88 20
9010 8514 40 20 19897 8811 175 25
14962 21963 79 20 10526 13783 26 0
21235 22008 26 0 22191 14904 78 20
20764 17499 5 2 13227 8406 66 3
20410 127 82 0 15373 22011 55 0
11676 19587 97 5 8514 6832 18 0
19897 22344 109 30 11419 11085 133 50
21963 8811 107 25 10437 20347 52 10
8626 3734 26 0 10526 9010 47 20
14962 10577 92 20 9256 15372 50 0
22191 13783 76 0 8514 20410 58 0
14904 13227 153 23 11419 11676 89 0
6832 22344 74 40 21235 8811 144 40
20764 9010 65 2 10437 127 138 35
9256 19897 176 19 20347 15373 49 20
11085 8406 86 20 22008 14962 50 0
8626 15372 84 0 19587 21963 101 20
10577 10526 70 20 17499 22011 52 2
3734 13227 66 20 6832 20410 74 0
