21836 18994 99 21 16582 6078 67 20
18175 15830 37 18 17346 19921 68 20
11528 731 42 0 10195 7105 118 20
5309 8300 120 23 21351 8947 62 0
18175 21836 66 5 15830 18994 275 2
731 17346 87 20 16582 11528 47 0
8947 5309 59 4 19921 7105 100 20
6078 10195 75 30 21351 8300 56 0
18994 16582 172 21 11528 15830 64 0
5309 21836 74 23 8947 731 38 24
10195 19921 20 0 6078 17346 95 50
7105 21351 154 25 8300 18175 125 34
15830 8947 33 0 731 16582 129 40
10195 17346 36 5 18994 5309 126 23
19921 21351 25 0 21836 11528 82 0
8300 6078 103 40 7105 18175 158 29
16582 15830 38 0 5309 10195 67 20
731 19921 54 0 18994 21351 89 10
11528 8947 65 20 6078 18175 121 35
7105 8300 140 40 17346 21836 59 0
