5754 11187 77 40 16657 19804 63 3
4360 19671 128 14 10084 12099 64 30
13020 8642 102 25 21865 9828 23 0
11187 12099 35 20 5754 10084 49 0
8642 16657 70 10 19671 13020 54 20
9828 4360 92 10 19804 21865 33 4
12099 5754 75 30 19671 8642 164 54
19804 10084 121 40 9828 16657 26 10
21865 4360 72 10 11187 13020 33 0
12099 19671 98 30 19804 9828 55 4
16657 11187 52 10 8642 4360 100 20
13020 10084 61 20 5754 21865 51 20
9828 19671 93 24 4360 11187 103 34
13020 19804 85 20 10084 8642 154 34
16657 5754 75 10 21865 12099 50 10
