22191 10577 46 20 20764 10437 39 10
11676 9010 28 0 17499 22344 19 0
13783 15372 12 0 21963 8626 14 0
20347 8406 48 0 20410 14962 61 0
17499 20764 7 0 10437 22344 55 10
15372 21963 40 0 9010 22191 89 20
10577 13783 16 2 14962 20347 51 20
8626 11676 15 3 20410 8406 129 10
22344 21963 33 0 22191 10437 82 20
13783 14962 7 0 15372 17499 19 0
20410 9010 67 0 10577 8406 59 0
8626 20347 39 0 11676 20764 14 0
14962 17499 32 3 21963 22191 9 0
22344 20410 63 0 15372 10577 22 0
8406 11676 47 0 20764 13783 31 0
10437 20347 32 0 9010 8626 43 20
10577 20410 81 30 21963 17499 13 0
22344 22191 34 20 8406 13783 77 0
20764 8626 5 0 14962 9010 77 15
10437 15372 64 10 20347 11676 36 5
