23053 21122 2 0 21003 19279 4 1
20999 19284 43 10 21187 21199 0 0
22457 22640 36 20 21009 21186 17 2
22877 20994 17 0 21206 22456 23 2
21002 21200 1 0 20998 19280 37 2
21207 20992 34 0 20997 19282 32 0
19279 21187 0 0 21186 22640 36 2
21122 22457 10 0 21206 19284 30 2
23053 21199 6 0 20998 22456 22 0
20992 20997 23 0 21200 21003 8 0
19280 20999 81 20 20994 21207 43 2
21009 21002 27 0 22877 19282 10 2
21206 20998 30 2 19284 21186 28 2
21199 20997 16 0 22457 19279 40 20
22640 20992 40 0 19280 23053 53 0
20994 21009 35 0 21122 21002 4 0
21187 21207 34 0 21003 22877 7 2
22456 21200 20 0 19282 20999 18 0
21186 21199 17 2 20992 19280 50 0
20997 21206 31 2 22640 21002 47 20
19284 21207 50 2 19279 21009 25 0
20999 21003 6 0 20998 22877 8 3
19282 20994 35 0 22457 23053 52 40
22456 21122 15 0 21200 21187 17 0
19284 21009 28 0 19280 20997 91 20
19279 21206 42 0 20999 20992 14 0
20994 21003 28 0 21199 22640 79 20
19282 20998 33 0 21187 21122 8 0
23053 22877 39 22 21186 21200 10 2
21002 22456 29 0 21207 22457 37 2
