11254 8487 160 51 8531 15638 149 43
13999 19923 25 1 17993 14670 97 28
10136 15004 193 62 15256 7252 193 60
19949 14757 154 43 10698 7043 0 0
21791 18954 106 40 16883 10016 182 54
14815 18474 98 7 16536 13019 144 37
21331 7215 93 27 8777 9819 110 4
5291 14638 113 22 21363 22308 91 27
14010 8845 115 45 8579 17181 153 40
10698 10136 111 30 19923 15638 58 22
15256 16883 167 53 13999 7043 65 20
19949 7252 181 54 13019 14670 131 38
15004 21331 198 32 16536 8531 128 27
14757 22308 85 26 21791 9819 146 24
21363 14010 88 40 18474 11254 124 23
8777 5291 102 0 8487 8845 95 23
14638 17181 185 45 18954 14815 94 20
10016 8579 183 46 7215 17993 67 11
7252 10698 167 52 13999 8531 97 23
19949 21791 202 48 19923 15004 14 3
9819 18474 153 47 14670 15256 165 48
22308 8777 115 3 10136 14010 61 20
8845 16536 122 44 18954 11254 122 23
17181 7043 127 45 8487 10016 119 23
17993 13019 150 30 14638 21331 88 25
14815 7215 97 23 5291 15638 140 20
14757 21363 222 47 8579 16883 148 44
14010 19923 69 20 9819 7252 185 52
21791 8531 120 40 8845 15256 160 40
15004 18474 214 59 17181 13999 90 20
8487 16536 77 20 17993 10136 103 14
11254 14638 156 25 14670 7215 71 7
10016 21363 179 50 15638 19949 155 44
13019 8777 22 0 14757 18954 174 23
7043 14815 76 40 22308 8579 139 26
16883 5291 159 43 21331 10698 88 20
7252 8487 111 28 18474 21791 143 29
9819 13999 118 24 14638 8845 133 25
8531 14670 72 23 10016 14010 166 46
19923 14757 109 23 7215 16536 99 27
15638 22308 116 20 15004 13019 213 62
10136 19949 161 49 8579 5291 139 23
16883 17993 164 45 17181 8777 116 30
7043 21331 66 40 18954 21363 138 20
10698 15256 118 44 11254 14815 173 44
16536 10016 150 26 7252 14638 211 58
14670 15004 199 60 8845 14757 152 23
13019 8487 122 45 14010 13999 47 0
15638 8579 162 44 8777 21791 100 35
8531 16883 151 40 22308 19923 27 2
7043 17993 73 20 5291 11254 152 47
7215 18954 101 27 18474 10698 167 51
15256 17181 189 52 21331 19949 95 29
21363 9819 121 24 14815 10136 115 30
