15458 7149 60 5 12441 20205 39 0
12365 5387 31 4 17036 14498 129 20
20204 3944 25 0 9848 17036 193 43
9848 14498 76 20 3944 15458 54 0
5387 20204 37 3 7149 12365 91 20
15458 12441 72 0 20205 12365 24 5
7149 5387 107 23 3944 9848 55 20
17036 20204 93 20 14498 12441 48 0
20205 14498 38 3 20204 9848 86 23
12441 12365 51 2 3944 7149 113 25
20205 17036 69 10 5387 15458 54 3
12365 9848 12 2 5387 12441 76 3
7149 20205 131 28 14498 3944 31 0
17036 15458 97 20 20204 7149 128 30
3944 5387 69 23 15458 20204 59 2
9848 20205 90 23 12365 17036 83 25
12441 3944 85 20 14498 5387 73 3
