22542 22213 14 2 20296 21833 0 0
4965 22272 19 10 21862 17403 113 20
17567 13699 5 0 7006 9410 31 0
22267 21866 11 0 21833 3507 30 0
17403 22542 108 20 21862 17567 7 0
9410 4965 33 0 7006 22267 12 0
22272 3507 68 25 13699 20296 13 0
21866 21862 10 0 22213 9410 44 0
22272 7006 24 3 3507 22542 64 20
13699 4965 26 0 22213 21833 33 4
20296 22267 20 3 17567 21866 8 0
17403 22213 101 20 3507 7006 54 22
22272 17567 14 3 21866 4965 43 0
22542 21862 3 0 22267 13699 37 3
9410 21833 39 22 17403 20296 116 20
17567 22267 24 3 22272 22213 15 0
20296 21866 7 0 13699 17403 94 20
3507 9410 62 20 4965 22542 0 0
21833 7006 48 4 21862 22272 18 3
