14377 20360 31 3 19510 14295 85 22
21990 15305 62 2 9040 13171 77 0
19812 18882 66 30 21982 22898 93 25
13303 21980 54 0 20360 19516 89 20
18882 22898 57 20 21990 14377 44 13
19516 14295 122 40 13171 21982 80 40
19812 9040 68 12 19510 13303 54 0
15305 21982 101 27 21980 14377 100 22
9040 21990 97 2 19516 19812 103 0
20360 19510 34 0 18882 15305 64 22
14295 13303 103 25 21980 22898 69 0
13171 14377 70 0 20360 19812 156 30
15305 19510 83 2 22898 19516 49 20
14295 21980 117 25 9040 18882 55 20
21982 13303 98 20 13171 21990 51 10
19516 9040 82 22 14377 18882 78 22
21980 13171 104 0 19510 21990 102 10
13303 19812 96 10 14295 15305 81 22
22898 20360 41 20 21982 9040 131 24
