20181 21692 61 20 16225 21677 96 0
14919 22325 14 0 20391 17210 24 0
5422 19996 9 0 7095 16225 25 2
21677 17210 27 0 14919 19996 13 0
22325 20391 45 0 7095 21692 45 2
20181 17210 51 20 5422 7095 23 2
21677 22325 83 20 14919 20181 56 20
16225 5422 4 0 19996 20391 38 2
21692 19996 18 3 22325 20181 47 40
17210 7095 40 4 20391 21677 45 3
21692 16225 8 0 14919 5422 0 0
22325 21692 20 20 17210 5422 9 2
20391 14919 19 3 19996 20181 51 20
7095 21677 66 22 16225 20391 7 2
20181 16225 55 20 17210 22325 49 22
19996 7095 52 5 21692 14919 2 0
5422 22325 14 0 21677 14919 13 0
