18241 9533 150 62 17377 16740 27 0
7149 21480 140 30 20205 14498 66 0
15458 22050 85 0 12441 9848 79 24
6037 5387 127 40 20204 17036 149 49
13747 17186 111 28 17377 20719 64 20
18241 15458 149 52 22050 14498 68 0
9848 9533 30 20 7149 17036 251 64
5387 13747 126 45 6037 21480 75 20
12441 20204 85 0 16740 17186 40 0
17036 20205 114 20 20719 18241 60 20
13747 7149 164 30 15458 5387 62 20
14498 17377 16 4 9848 20204 141 24
21480 16740 9 3 22050 20719 130 40
9533 6037 105 40 17186 20205 111 24
14498 17036 112 4 13747 12441 98 35
20719 20204 72 20 15458 7149 178 25
16740 9848 67 24 5387 17186 65 4
22050 17377 69 20 20205 6037 117 21
9533 12441 149 40 21480 18241 55 23
17186 20719 104 40 14498 5387 55 0
20205 16740 42 2 9848 13747 78 20
17036 17377 129 24 21480 15458 17 0
18241 12441 107 32 6037 7149 136 40
20204 22050 107 20 9533 13747 113 35
