22669 9433 27 3 22343 9432 45 20
20353 20331 15 0 14996 5828 71 21
7835 12765 9 0 22670 17600 72 5
22669 22343 2 0 5828 20353 24 0
7835 9432 39 0 12765 20331 29 20
14996 17600 98 31 9433 22670 55 2
20353 22669 15 0 7835 20331 27 20
22670 12765 42 20 22343 9433 31 2
9432 14996 70 20 17600 5828 66 15
20331 22670 34 20 9433 20353 41 2
12765 14996 77 45 9432 22669 64 20
5828 22343 54 20 17600 7835 55 5
20353 22670 34 0 9432 12765 38 0
17600 22343 70 0 20331 22669 35 0
5828 7835 30 0 14996 9433 65 22
