11102 5227 36 10 21858 18775 62 10
3409 19815 57 23 9960 13399 58 0
9960 15504 20 0 13399 13737 184 45
11102 18775 58 10 15504 19815 8 0
21858 13737 136 30 3409 5227 45 10
9960 3409 69 3 5227 18775 31 0
15504 13399 27 0 11102 21858 108 25
13737 9960 82 24 19815 11102 81 10
18775 13737 102 20 21858 13399 114 35
5227 19815 21 0 3409 15504 75 23
18775 3409 53 3 15504 11102 58 10
5227 21858 64 22 19815 9960 99 0
13399 11102 94 10 13737 5227 102 23
19815 21858 56 0 13399 3409 132 23
13737 15504 131 20 18775 9960 64 0
