367 11721 58 3 20097 6072 20 0
22380 7196 78 0 6093 22479 34 20
13532 4177 44 0 21823 11142 23 20
367 6545 72 0 8813 22380 26 2
20097 11142 51 20 7196 21823 55 0
6093 6072 30 0 13532 8813 69 0
4177 22479 24 3 11721 6545 18 0
11142 8813 52 0 22380 20097 43 0
22479 7196 82 20 4177 367 108 13
21823 6093 48 20 6072 6545 54 3
11721 4177 27 3 13532 22380 79 22
8813 6072 24 0 11142 22479 49 20
6545 13532 42 0 7196 20097 78 20
11721 21823 35 3 6093 367 94 10
22380 4177 32 2 6072 13532 78 20
21823 8813 36 0 7196 11721 34 0
6545 6093 22 0 367 11142 117 30
22479 22380 56 22 20097 21823 29 20
6545 7196 66 0 6072 11721 23 2
8813 20097 29 0 4177 6093 45 0
11142 13532 57 0 22479 367 81 0
