14872 17106 92 20 15141 19967 26 0
18268 11226 28 0 22764 17019 44 0
12797 11635 39 0 14029 11443 168 20
12201 18735 116 40 22681 21957 40 20
11567 22734 102 20 21796 17056 30 0
13146 15298 141 25 14028 12817 69 20
19000 17182 30 0 11808 11192 153 10
18833 13452 81 20 9662 16473 89 15
18268 18735 23 5 22644 14872 104 0
22681 17106 28 0 11226 11443 49 0
12797 11567 138 44 17019 14028 113 0
19967 11635 62 0 22734 19000 110 0
15141 18833 112 20 13146 17182 59 5
16473 11808 187 25 21957 22764 62 20
11192 22644 54 0 12201 12817 73 20
15298 14029 166 24 17056 13452 75 0
9662 19967 87 10 14028 21796 84 20
11567 19000 2 0 15141 22681 52 0
18268 13146 55 0 16473 12797 167 44
11635 11226 41 0 17182 18735 20 0
11443 22764 78 0 15298 11192 155 24
21957 14029 196 45 22734 9662 17 10
17056 12201 71 0 17106 18833 69 25
17019 22644 38 0 13452 11808 128 2
21796 14872 65 0 12817 22681 31 3
11443 14028 125 20 18735 15141 79 0
22764 17182 67 20 12797 9662 147 30
11226 16473 111 25 19000 17056 11 0
22644 11567 71 20 11635 15298 62 20
21796 21957 60 20 13452 13146 136 22
11192 17019 154 20 18833 14872 129 40
11808 14029 196 20 19967 12201 80 20
12817 22734 75 2 17106 18268 13 0
17182 22681 37 0 16473 15298 133 24
17056 21957 97 20 11443 22644 63 0
17019 15141 144 20 11635 21796 29 0
12201 9662 101 30 11567 11226 87 20
11192 19967 146 20 18735 13146 66 20
22734 13452 97 0 14872 12797 90 0
22764 17106 67 40 14029 19000 157 25
14028 18833 103 24 11808 18268 32 20
12817 15141 68 2 11567 16473 90 20
