13661 21384 32 20 17621 22851 65 25
18308 208 90 30 673 753 92 40
13661 15773 36 20 11444 10021 81 20
10021 17621 118 40 753 18308 66 20
22851 15773 13 0 11444 208 97 20
21384 208 78 40 673 13661 92 20
17621 673 98 23 15773 10021 53 20
21384 11444 104 20 18308 22851 17 0
22851 753 77 20 15773 17621 84 25
11444 753 82 20 673 21384 61 0
10021 18308 91 20 208 13661 113 20
13661 11444 113 40 753 17621 54 25
18308 673 75 20 10021 22851 60 20
208 15773 73 0 21384 18308 49 0
15773 673 59 20 17621 13661 118 45
753 10021 123 40 22851 21384 35 0
17621 11444 150 45 208 10021 56 20
