17480 9735 15 2 4886 20109 44 19
13249 17307 14 0 19801 11004 86 12
17304 22014 7 0 17481 14905 15 0
21898 14952 23 0 17306 11902 0 0
10860 4885 30 5 13805 10528 46 0
9362 14145 8 0 4897 21713 31 4
4906 15493 39 0 20238 21714 13 0
15491 4886 37 0 9381 10529 10 0
20109 13249 5 0 17304 14952 18 0
19801 13805 101 3 17481 9735 25 0
14145 17480 23 0 14905 4885 20 0
11004 4897 20 2 17306 15493 33 0
10528 9381 14 0 9362 17307 33 0
11902 10860 10 0 10529 20238 38 4
21898 21713 36 3 21714 15491 27 0
22014 19801 39 3 4906 17480 12 0
13249 17306 10 0 14145 9735 28 0
4885 17481 42 4 4897 20109 5 0
17307 10860 20 0 15493 17304 22 0
14905 10529 26 2 10528 21898 34 0
4886 21714 27 20 9362 13805 83 2
9381 4906 50 0 11902 11004 15 3
21713 20238 15 6 14952 22014 24 0
15491 4897 32 1 19801 10860 93 23
4885 10529 50 0 9735 17304 19 0
13249 21898 10 0 17480 17481 13 0
13805 14145 49 5 15493 9381 26 0
21713 14905 18 3 4886 4906 41 0
17306 9362 34 10 20109 20238 7 3
14952 11004 55 2 21714 10528 9 0
11902 15491 29 0 22014 17307 11 0
4897 17304 14 0 9381 21898 34 2
10529 13805 86 4 13249 21713 8 3
20238 19801 49 12 4885 4886 73 20
14952 17481 19 0 10860 4906 34 3
17307 21714 27 0 17480 17306 32 2
9735 14905 13 0 11004 15491 49 3
20109 11902 3 0 14145 10528 25 2
15493 9362 39 10 22014 13249 9 3
