17111 15523 91 20 20024 19714 49 20
9566 17114 49 13 18098 11384 60 0
21627 16010 159 16 18856 16754 70 13
8930 19952 61 0 18139 17116 128 40
20077 17114 182 27 8824 12999 29 0
19714 15523 106 20 16010 9566 46 3
17116 16754 88 21 20024 18098 25 0
20077 19952 199 31 17111 18856 112 3
11384 8824 66 24 21627 18139 183 16
12999 18098 44 0 8930 16010 102 22
20077 16754 120 44 15523 17116 57 0
17114 18139 100 10 19714 18856 64 3
8824 17111 158 24 8930 9566 23 2
11384 12999 115 30 19952 20024 63 0
19714 21627 95 3 20077 18098 130 23
18139 17111 127 20 16754 17114 79 20
20024 8824 154 44 16010 19952 80 0
17116 9566 119 3 21627 12999 126 19
18856 8930 55 13 15523 11384 104 40
16754 19714 31 0 19952 8824 144 14
18139 20024 64 20 9566 20077 129 33
15523 8930 73 2 17114 21627 57 0
18098 18856 78 7 12999 17111 88 5
16010 11384 137 44 17116 20077 116 26
