20391 10173 110 20 18415 9102 81 20
14919 14959 5 2 9103 16225 64 20
22363 11908 59 21 9034 9808 86 25
16225 18415 16 0 9102 9103 108 40
11908 9808 61 20 14919 20391 67 8
14959 10173 122 24 22363 9034 34 20
9808 9102 89 44 9103 11908 61 20
14959 18415 73 0 10173 14919 112 26
16225 9034 56 25 20391 22363 59 1
18415 9808 72 24 11908 14959 47 0
9103 20391 105 20 10173 22363 112 40
14919 16225 4 2 9034 9102 144 45
22363 9103 65 21 11908 18415 17 0
9102 20391 112 5 9034 14959 91 30
9808 14919 75 10 16225 10173 86 24
20391 9034 78 45 18415 9103 100 20
10173 11908 65 0 14959 16225 25 0
9102 14919 59 2 9808 22363 108 25
