22485 19373 52 0 18079 6427 185 55
7830 21230 80 20 15337 19669 220 60
12069 16379 125 50 8693 13052 120 25
5953 4053 20 2 18104 22484 17 2
17595 16942 207 35 4054 20219 44 0
16655 7732 57 0 19861 17303 95 30
22237 3861 80 5 6188 19708 98 35
15337 8693 233 55 21674 22485 165 20
12069 7830 77 27 22484 19373 43 0
16942 21230 177 45 6427 4053 73 27
16379 17595 130 30 19861 5953 88 0
20219 18079 124 27 19708 18104 140 45
13052 17303 39 0 6188 21674 43 20
19669 7732 57 22 22237 4054 36 0
16942 16655 119 25 3861 22485 139 50
19373 21230 66 20 19861 8693 214 55
17595 15337 208 80 22484 18079 93 20
5953 12069 41 3 19708 17303 173 65
4054 21674 126 20 7830 4053 24 3
3861 20219 96 27 16379 19669 107 55
18104 16655 415 22 13052 22237 20 0
6188 6427 136 50 7732 15337 143 25
17303 22484 80 20 8693 16942 213 55
22485 4054 48 3 19708 19861 162 55
21674 3861 102 45 21230 12069 101 20
4053 22237 39 2 20219 19373 82 22
6427 19669 101 40 16655 17595 156 45
18104 6188 55 22 7830 16379 68 23
18079 13052 152 25 7732 5953 35 0
22484 15337 165 30 4054 3861 72 8
17303 22485 59 0 22237 21230 137 20
19669 19861 121 25 4053 12069 64 20
16379 19708 220 59 19373 16942 196 45
18079 6188 183 45 16655 8693 176 55
21674 18104 133 20 7732 17595 104 32
6427 5953 81 20 20219 7830 9 3
13052 19861 81 0 21230 22484 93 20
