7495 13460 35 5 6625 22505 19 0
15201 6420 19 0 9203 8922 17 3
19715 22046 34 0 7880 9968 75 30
9203 6420 66 20 13460 6625 67 20
22505 7880 36 10 8922 22046 28 3
19715 7495 40 12 9968 15201 52 0
7880 22046 24 0 6420 13460 113 23
7495 8922 19 5 19715 9203 99 30
15201 6625 25 0 22505 9968 45 0
13460 8922 33 6 22046 7495 8 2
9968 19715 65 10 22505 9203 69 20
15201 7880 17 0 6625 6420 27 0
8922 9968 83 3 13460 19715 61 23
6625 9203 60 0 22046 15201 37 0
7495 22505 6 0 6420 7880 20 0
22046 6625 45 0 8922 19715 58 13
9203 15201 79 20 7880 13460 37 20
6420 22505 19 0 9968 7495 57 2
