19861 19708 128 45 15337 22485 130 45
19669 12069 123 40 20219 21230 119 20
21674 22484 103 20 22237 6188 67 20
8693 20219 98 22 17595 16379 96 30
22485 19861 67 20 6188 12069 48 20
17595 15337 231 55 21230 22237 161 20
22484 8693 136 20 19669 19708 113 45
21674 15337 296 45 16379 20219 110 47
19669 22237 35 0 12069 22485 54 20
21674 17595 225 50 19861 22484 62 0
6188 21230 93 20 19708 8693 124 25
16379 15337 194 40 22484 19669 77 20
12069 21674 131 20 19708 17595 265 85
20219 19861 125 7 8693 22237 57 20
21230 16379 143 25 6188 22485 67 20
12069 8693 70 20 15337 22484 145 25
19669 21230 134 40 19861 21674 67 0
19708 6188 143 65 20219 17595 137 32
22485 16379 96 30 22237 12069 62 0
17595 6188 171 40 15337 19669 111 45
22484 20219 33 2 21230 22485 143 40
22237 19861 78 2 16379 19708 175 40
8693 19669 87 20 22485 21674 122 20
