8120 10084 59 2 8642 8581 147 50
14518 6418 82 24 7136 22523 85 45
19804 21681 100 46 13172 10237 114 40
11580 12569 44 0 7324 14261 71 1
6184 20385 30 2 1001 12668 92 24
11211 8642 167 48 20744 13172 95 25
10237 12569 97 0 10084 22523 82 8
6418 8120 134 47 12668 21681 55 20
11580 20385 96 40 14518 20744 105 30
11211 6184 88 28 14261 19804 146 43
7136 1001 119 45 8581 7324 150 45
12569 6418 178 47 14518 13172 79 0
22523 6184 125 35 8120 11211 119 47
8581 1001 104 45 19804 11580 68 20
20385 7136 122 40 21681 10084 96 20
7324 12668 103 20 8642 10237 216 50
8581 20744 102 40 14261 6418 109 20
13172 10084 126 25 6184 11580 64 5
8642 19804 162 54 12569 7136 117 43
20385 10237 105 0 8120 14261 70 5
11211 21681 88 20 7324 14518 134 20
22523 1001 109 29 20744 12668 71 0
14261 13172 89 41 7136 8120 146 44
19804 7324 137 45 6418 20385 99 12
22523 8642 135 30 21681 11580 56 2
10237 14518 87 0 1001 6184 110 35
12668 11211 91 13 12569 8581 94 43
20744 8120 119 29 10084 7324 153 25
1001 14261 95 46 6418 8642 203 57
13172 8581 80 40 20385 22523 99 20
21681 20744 116 40 6184 12569 67 30
12668 14518 65 15 10084 19804 113 40
11580 7136 32 0 10237 11211 154 25
