8647 10703 76 20 19137 14664 11 0
13017 21602 8 2 21590 22491 49 2
14901 16302 63 20 21373 16553 54 0
21821 18393 40 2 18624 18280 5 2
11200 9661 48 0 14374 18658 91 25
10703 14664 81 23 22491 16553 80 20
21590 19137 44 4 21821 21373 2 0
9661 16302 26 2 18393 8647 46 0
21602 11200 45 2 18280 13017 53 20
14901 14374 107 25 18658 18624 11 0
14664 22491 32 3 16302 21821 62 20
21373 10703 56 0 11200 18393 63 16
18624 8647 17 0 18658 13017 25 20
19137 14374 10 0 16553 21602 59 20
18280 9661 47 4 21590 14901 40 2
21373 18658 11 0 13017 14664 51 23
18624 16302 61 0 10703 21602 76 22
8647 21821 16 0 14901 11200 31 0
16553 18280 72 22 22491 9661 47 4
14374 21590 28 0 18393 19137 63 6
21602 18658 32 3 10703 21821 58 20
14664 21373 59 4 9661 18624 34 2
18393 16553 98 22 13017 8647 27 20
22491 11200 47 0 19137 14901 42 0
18280 21590 59 4 16302 14374 79 0
21821 13017 54 20 9661 10703 96 22
21602 18393 60 3 14664 14901 25 2
16553 18624 94 20 11200 21590 60 12
18658 19137 28 2 16302 18280 56 2
14374 22491 59 20 8647 21373 51 6
