22871 19366 70 4 22132 17994 54 2
11262 9864 50 2 18505 7193 107 23
10755 11329 200 64 20699 8971 77 20
7193 11262 4 2 17994 22871 78 15
10755 22132 73 22 18505 11329 226 63
19366 20699 63 24 8971 9864 156 55
17994 18505 73 23 11329 22871 218 50
8971 22132 69 2 9864 7193 126 40
19366 11262 58 22 20699 10755 39 0
18505 22132 76 25 17994 8971 89 22
11262 11329 163 40 9864 19366 88 25
22871 20699 28 0 7193 10755 56 2
11329 8971 228 60 22132 11262 16 4
7193 20699 23 2 19366 18505 107 40
9864 17994 78 7 22871 10755 88 0
