20569 20487 23 0 20524 20491 28 2
20445 20486 40 20 20586 20439 21 12
20532 20603 56 0 20588 20500 49 2
20626 20439 68 22 20490 20487 7 0
20588 20532 13 2 20569 20486 52 20
20500 20491 67 2 20586 20626 31 5
20524 20445 46 0 20490 20603 18 0
20626 20588 28 2 20569 20586 11 0
20486 20500 74 22 20487 20524 80 2
20439 20490 52 4 20603 20491 18 2
20532 20524 44 0 20445 20626 68 5
20491 20490 21 2 20486 20588 47 4
20569 20500 78 2 20439 20445 31 2
20603 20586 35 2 20487 20532 51 2
20626 20524 75 5 20439 20588 41 4
20500 20586 80 4 20490 20569 8 2
20491 20487 63 4 20532 20445 29 0
20486 20626 82 25 20603 20569 24 0
