6600 7841 25 0 19978 19394 41 0
7258 19686 52 0 7229 9978 83 2
6638 21900 17 0 21903 8807 12 3
19687 7259 47 2 19685 7924 32 2
7229 19978 39 0 9978 19394 62 2
7258 6638 91 20 19686 21900 25 0
7924 7259 46 0 7841 8807 30 3
19687 19685 62 13 6600 21903 5 0
21900 19978 29 0 7258 7229 63 10
19394 7924 49 20 7259 6638 75 20
19685 6600 26 4 8807 19686 32 3
21903 19687 27 3 9978 7841 53 2
6638 7924 30 0 19978 7258 60 20
21900 19394 85 20 19686 19685 46 5
8807 9978 39 2 19687 7841 43 3
21903 7229 31 0 7259 6600 63 3
19394 19685 71 25 7924 7258 99 20
21900 8807 28 3 19978 19687 38 3
9978 7259 140 25 6638 6600 6 3
7841 21903 18 2 7229 19686 74 3
8807 19687 25 3 19394 7258 133 20
6600 9978 74 2 7924 21900 31 0
7841 7229 37 0 19685 6638 24 2
19686 19978 23 3 7259 21903 49 3
