13245 12864 124 40 17456 11347 128 29
21184 19571 95 27 1002 18009 71 22
14165 10219 63 24 9686 21183 10 3
13245 19987 76 20 15173 18009 91 23
9686 17456 64 24 19571 21183 126 18
10219 11347 103 24 19987 21184 48 2
15173 1002 147 40 12864 14165 49 0
21184 9686 29 2 17456 13245 71 30
19987 14165 34 20 12864 19571 138 50
15173 21183 72 24 11347 1002 173 48
18009 12864 65 22 10219 9686 42 20
21183 21184 52 2 19987 15173 136 44
1002 19571 88 25 13245 10219 99 20
17456 18009 67 20 14165 11347 75 0
21183 12864 55 23 21184 13245 93 0
1002 17456 129 28 18009 19987 13 3
11347 15173 143 20 19571 9686 95 25
10219 21184 85 3 14165 17456 35 0
