14129 21239 168 45 18365 18568 83 20
12499 14496 231 59 8097 11285 94 40
15146 15171 242 75 5015 10809 71 20
1622 10092 56 0 17702 14535 161 28
14338 9164 62 0 16192 5131 132 40
3650 8380 140 40 11128 6016 69 22
21303 19793 96 20 10793 22105 99 40
14140 16884 143 50 19743 11212 180 55
7159 4216 144 48 18263 4262 131 43
10809 8097 155 45 18365 14535 130 45
15146 5131 199 49 1622 14129 10 0
18568 6016 121 40 14496 10092 244 75
16192 12499 145 66 11128 5015 67 0
9164 14140 196 60 10793 15171 199 70
17702 22105 63 22 4262 21239 137 30
8380 7159 146 45 19793 19743 207 60
11285 18263 116 46 11212 14338 150 25
4216 21303 104 26 3650 16884 202 55
10092 8097 188 65 15146 11128 160 50
5131 18365 122 34 12499 14140 134 49
14535 5015 130 29 6016 21239 170 60
7159 17702 87 13 14496 9164 102 44
18263 1622 73 6 19793 18568 142 52
4262 15171 205 50 21303 14338 62 20
10793 11285 119 40 3650 19743 145 25
8380 22105 137 40 16192 16884 227 40
14129 11212 142 40 4216 10809 174 48
6016 15146 43 29 9164 12499 145 24
1622 5015 36 0 8097 7159 108 50
5131 17702 144 48 18568 21303 68 20
19743 11128 140 25 21239 18263 279 70
16884 10793 230 65 4262 18365 65 2
11212 3650 168 35 15171 16192 237 80
14338 19793 107 20 14535 4216 214 51
10092 10809 174 52 11285 8380 90 40
14140 14496 209 65 22105 14129 102 40
21303 6016 40 20 8097 18263 206 58
16884 12499 132 25 21239 7159 124 20
15171 18365 218 50 11128 1622 23 0
11212 19793 140 0 17702 15146 121 14
5131 4216 195 50 10092 10793 127 60
9164 14535 145 24 14129 8380 108 40
5015 11285 60 20 22105 18568 135 40
10809 14338 85 0 14140 3650 244 70
19743 16192 178 65 14496 4262 196 45
18365 21303 30 10 7159 15146 196 25
15171 8097 165 65 4216 17702 152 50
8380 10793 138 40 12499 11212 150 35
16884 11128 171 25 19793 14129 68 40
18263 3650 117 23 5015 10092 162 33
6016 4262 110 50 11285 5131 166 44
21239 14496 261 70 14338 1622 74 0
18568 16192 151 40 14535 14140 204 74
22105 19743 115 40 10809 9164 111 20
