7172 21978 160 35 19991 21870 92 25
12167 22201 18 0 21965 8130 91 15
21327 22332 87 20 15877 20336 62 20
21138 9511 20 20 16756 12791 161 44
21870 7172 94 10 8130 22201 43 2
21327 21965 121 0 22332 21978 31 20
20336 16756 106 25 12791 12167 67 0
9511 19991 57 20 15877 21138 30 20
21870 21327 89 10 21965 22201 33 0
7172 12791 152 45 22332 12167 85 20
20336 19991 110 45 9511 8130 56 20
21978 15877 86 20 21138 16756 150 24
12791 22332 61 20 22201 21870 62 10
12167 19991 75 25 21327 9511 75 40
8130 15877 48 4 21978 16756 78 20
20336 21138 53 0 7172 21965 123 30
9511 12167 4 0 22332 21870 55 0
12791 8130 104 6 15877 21327 43 0
16756 21965 69 6 19991 7172 175 60
22201 20336 71 25 21138 21978 31 0
