22756 6527 52 2 3351 22156 19 4
13181 4531 96 22 149 13540 70 26
16610 15747 18 12 17847 652 89 24
3351 149 71 20 13540 22156 111 22
4531 652 15 2 22756 17847 112 2
13181 15747 64 20 6527 16610 34 0
652 3351 35 3 4531 149 62 20
17847 16610 80 20 22156 13181 107 20
6527 13540 114 5 15747 22756 17 0
4531 3351 63 3 13181 16610 72 20
149 22756 63 20 15747 17847 44 2
22156 6527 59 20 652 13540 72 20
17847 13181 129 20 22756 3351 38 2
652 22156 66 20 13540 15747 72 22
149 6527 69 20 16610 4531 51 2
15747 652 19 0 3351 13181 79 22
13540 22756 76 5 16610 149 47 2
22156 17847 111 20 6527 4531 33 0
