21528 15033 88 22 14765 16249 43 0
21510 21527 50 3 17288 9277 82 20
15065 20344 101 0 22012 5070 114 40
9800 10650 159 45 22378 17305 70 10
21440 21510 31 0 9930 15033 110 23
16249 15065 103 20 20344 17288 103 25
22012 21527 92 40 21528 10650 140 25
21440 9277 41 0 22378 9800 67 0
17305 5070 115 30 9930 14765 87 24
10650 20344 202 50 15033 17288 66 20
16249 22012 86 20 9800 21440 10 0
9930 17305 115 34 9277 21527 87 40
22378 5070 84 25 21510 21528 93 23
14765 21440 16 0 15065 10650 152 50
15033 22012 48 0 9277 17305 62 10
16249 22378 76 23 5070 9930 133 44
21527 14765 14 0 20344 21510 119 28
17288 15065 100 25 21528 9800 83 0
10650 9277 128 45 5070 16249 137 45
21510 9930 95 27 20344 22012 155 30
17288 21528 120 45 17305 21440 56 10
15033 22378 19 0 21527 15065 117 40
9800 9930 146 43 10650 14765 122 25
9277 20344 126 25 21440 21528 77 20
17305 16249 92 23 15065 21510 56 0
5070 9800 62 0 21527 15033 67 0
14765 17288 61 20 22012 22378 92 0
