7065 15353 37 0 16523 22373 39 4
7305 9931 75 20 15004 17768 133 0
7048 12862 32 20 15104 6482 182 27
8603 9933 77 10 19429 22300 79 30
15301 5292 63 20 17975 15397 19 0
10477 11691 59 29 17155 14649 4 2
11618 15104 204 67 7305 15353 42 0
7065 15004 6 0 6482 8603 72 3
16523 19429 115 36 17768 15397 26 0
9933 11691 82 23 22373 5292 55 20
17155 11618 105 47 15301 7048 83 5
9931 10477 95 44 22300 12862 17 10
14649 19429 146 42 17975 7065 29 0
17768 6482 49 23 15104 22373 125 24
8603 17155 67 24 5292 7305 9 0
7048 16523 151 24 11691 9931 117 49
10477 9933 93 48 15353 15301 98 10
22300 17975 10 10 15004 11618 130 43
14649 15397 46 10 12862 8603 16 0
9931 15104 196 44 5292 7065 29 0
22373 7305 26 0 19429 10477 205 71
17975 17155 60 0 9933 17768 78 20
15353 7048 81 34 15397 22300 18 0
6482 14649 80 30 11618 16523 123 47
12862 15301 48 10 11691 15004 179 46
22373 17975 24 0 8603 9931 108 29
17768 7065 29 0 7048 10477 86 25
22300 16523 74 4 15104 17155 197 56
5292 15004 149 20 15353 14649 44 10
12862 11618 107 23 9933 19429 63 20
15397 11691 113 26 6482 7305 84 23
17768 8603 31 0 15301 15104 179 34
