20085 5009 132 40 21481 22460 36 20
12513 21339 62 20 20190 10544 59 0
12265 22459 59 20 20693 21395 30 2
21872 12094 73 20 16494 4169 85 44
15254 20251 34 20 22092 20085 63 20
21395 21481 44 20 10544 20693 100 20
4169 21339 108 20 22460 12513 32 20
20190 12265 57 0 15254 22092 91 40
22459 21872 49 0 5009 12094 18 0
16494 21481 72 20 20251 21395 35 0
20085 4169 59 22 15254 10544 144 40
20693 22092 101 20 21339 12094 61 0
12513 5009 59 25 12265 16494 113 40
20251 22460 29 0 22459 20190 24 0
21872 22092 70 20 10544 20085 89 21
12094 12265 107 40 21339 21481 37 0
16494 15254 82 24 22460 22459 49 20
12513 20693 23 0 20251 21872 39 0
4169 21395 50 20 5009 20190 55 25
10544 21339 97 20 22459 16494 52 24
20085 15254 129 45 12094 12513 32 0
20693 20251 55 20 4169 5009 155 44
21872 20190 47 25 21481 12265 71 40
21395 22460 12 0 22092 12513 124 40
12094 10544 116 0 5009 20251 37 20
20190 16494 60 20 20085 20693 92 20
21339 15254 119 40 21395 21872 63 20
22092 22459 86 20 21481 4169 91 41
22460 20085 39 20 12265 10544 156 41
