16321 11337 155 31 21788 21380 159 38
7767 25 167 48 4153 12675 124 45
6373 16235 165 20 20824 6325 174 30
12861 5218 220 46 6282 21525 124 25
19510 10298 145 35 4628 18457 173 50
9247 3526 139 40 21936 11770 229 69
16795 14996 89 25 9040 17600 149 24
9887 4625 165 25 21980 14863 186 51
15046 14295 247 20 13046 359 17 1
7460 4348 172 7 15091 11334 98 52
21982 6373 136 4 4153 6436 119 20
12675 6282 160 45 16235 18457 222 63
20824 11770 191 59 19510 21788 92 43
5218 21936 212 25 16321 10298 107 36
3526 11337 103 44 25 4625 132 40
359 12861 124 20 21980 17600 181 20
9887 15091 187 54 21525 14295 145 20
6436 7767 245 12 21380 14996 175 29
6325 4628 75 40 9247 4348 136 27
21982 9040 190 56 15046 7460 117 20
13046 14863 107 23 11334 16795 110 23
16235 4153 70 0 10298 3526 148 30
11337 19510 125 44 21936 6282 203 37
11770 21980 223 0 18457 16321 120 30
14996 20824 228 50 25 9887 148 40
359 6436 126 0 4625 5218 70 20
21525 6373 143 4 7460 4628 48 20
17600 14863 157 47 15046 9247 126 20
14295 16795 110 40 21380 21982 238 60
4348 13046 90 23 9040 12675 101 25
6325 7767 180 47 11334 12861 144 46
6282 15091 188 51 21788 25 81 20
10298 359 98 25 11770 9887 153 45
18457 20824 164 50 5218 7460 135 25
4628 16321 103 31 14996 15046 161 44
21380 21936 223 53 17600 4153 70 3
21982 21980 220 28 16235 13046 44 0
12675 9247 181 5 11337 16795 78 44
12861 6436 232 43 15091 19510 113 33
14295 21788 221 28 14863 6325 163 27
4625 21525 128 45 7767 4348 154 31
11334 9040 125 27 3526 6373 151 25
7460 4153 88 23 11770 14996 200 55
10298 21380 199 56 6282 20824 140 20
18457 15046 188 65 9887 11337 75 25
25 16235 124 24 16795 5218 91 0
6325 12675 153 40 6436 17600 162 20
4348 21788 190 40 21936 21982 148 14
3526 21980 188 29 7767 4628 92 20
21525 9040 136 24 19510 359 138 44
4625 11334 119 48 14295 16321 231 39
15091 9247 163 29 6373 13046 94 24
14863 16235 109 3 12861 10298 192 43
