8393 22312 137 40 21358 16774 26 0
17548 2818 89 29 17080 20447 126 20
22682 20788 15 0 20721 20675 10 0
10358 14597 127 43 20241 12655 14 2
8094 20714 65 6 8393 4924 130 43
20675 17548 18 0 16774 22312 104 0
12655 17080 50 12 20788 21358 106 0
20721 4924 58 23 14597 2818 125 29
22682 20241 20 0 20447 8094 39 0
20714 17080 111 20 10358 20675 74 20
12655 8393 123 30 4924 17548 68 20
22312 20447 120 27 14597 20788 58 23
21358 8094 25 20 2818 10358 155 49
16774 20241 20 0 20714 20721 44 0
4924 14597 79 40 22682 17080 112 20
20788 10358 44 20 17548 8393 112 33
16774 20675 39 0 8094 12655 42 5
20447 20721 19 0 21358 20714 35 0
2818 22682 94 29 22312 20241 104 24
20788 17548 41 0 14597 8094 123 23
4924 20447 81 20 10358 16774 71 20
20714 2818 91 29 12655 22682 21 2
20721 22312 113 31 17080 8393 129 43
20675 21358 8 0 20241 4924 60 20
