3592 19838 54 5 11203 5155 67 20
11191 9905 89 20 19448 10265 120 40
11191 3658 192 44 18118 12427 43 2
10265 9905 109 20 12427 3592 56 2
11203 19838 69 20 3658 5155 219 60
18118 19838 90 25 19448 3592 94 20
10265 11203 105 3 9905 18118 39 0
3658 19448 217 49 5155 11191 71 20
12427 10265 74 2 19838 19448 65 0
3592 11191 44 0 11203 3658 134 44
5155 18118 72 40 9905 12427 101 24
5155 3592 56 21 10265 11191 106 20
9905 19448 172 45 19838 3658 166 65
12427 11203 33 2 18118 10265 235 40
11191 18118 45 0 19838 9905 70 20
19448 12427 185 32 3592 11203 32 0
10265 5155 92 20 3658 18118 165 44
