4936 5387 34 20 22261 17036 150 60
18241 10974 64 20 22348 21852 78 40
16102 20204 93 40 20205 13115 42 3
9848 12441 91 20 17653 11241 10 0
15458 19735 79 20 12488 13747 92 45
11871 3944 36 0 20244 10975 43 20
22261 20205 103 27 18241 17036 140 24
9848 16102 91 45 5387 21852 46 20
4936 15458 81 20 10974 13115 6 0
12441 10975 71 20 13747 20244 42 10
19735 17653 64 25 20204 3944 98 20
11241 22348 80 40 11871 12488 103 27
15458 9848 55 20 4936 18241 76 9
20205 5387 50 3 12441 10974 61 0
13747 17036 115 23 3944 16102 81 45
13115 17653 9 0 21852 11871 29 2
22261 20244 88 24 19735 11241 88 40
12488 22348 124 25 20204 10975 92 40
3944 18241 99 43 12441 16102 112 45
13747 4936 26 20 20205 11871 28 5
17036 13115 168 36 19735 9848 58 20
5387 20244 45 0 17653 22348 69 20
10975 12488 108 25 10974 22261 72 20
21852 20204 97 0 11241 15458 47 20
11871 12441 71 2 17036 19735 82 32
13115 18241 84 32 5387 13747 80 30
16102 17653 64 25 12488 4936 83 25
22348 22261 94 20 3944 15458 94 22
20244 10974 19 0 9848 20204 137 40
21852 11241 59 20 10975 20205 70 2
