14723 15005 120 40 14167 21592 93 30
8648 8899 78 51 16277 21824 91 24
16244 9788 52 23 11235 14469 171 20
8899 16277 198 55 14723 14167 61 25
21592 16244 187 49 21824 9788 18 0
14469 8648 196 70 15005 11235 242 65
21824 14723 39 15 9788 16277 102 20
15005 14167 187 45 16244 8648 133 43
21592 11235 81 30 14469 8899 157 50
9788 14723 37 0 8648 15005 109 0
8899 21824 73 31 14167 14469 204 50
21592 16277 138 40 11235 16244 215 50
15005 9788 146 35 8899 14167 62 20
11235 14723 174 17 21824 16244 102 23
14469 21592 145 25 16277 8648 162 24
