7163 4250 173 40 13709 7242 132 3
8825 18577 73 0 6042 13806 98 40
4155 7506 146 29 5553 16505 142 32
14906 21684 71 3 18802 8866 183 52
10355 11240 171 4 18410 3638 67 20
4266 11572 114 0 11354 16426 176 34
19563 17035 86 40 19901 18274 101 28
5141 4155 105 0 19668 13709 63 26
6042 7506 120 47 8866 4250 182 44
13806 7163 118 20 5553 18410 145 49
11240 16505 77 0 18577 11572 99 3
16426 21684 70 10 19563 10355 103 52
14906 19901 122 25 5141 4266 74 25
3638 19668 128 43 18274 18802 119 23
11354 17035 177 24 7242 8825 174 45
13709 8866 62 24 13806 11240 202 45
11572 18410 116 20 19563 7506 119 24
7163 10355 130 28 4155 4266 181 55
6042 16426 129 10 14906 3638 124 49
16505 18802 55 7 8825 19901 114 20
18577 5553 86 23 19668 11354 166 48
7242 18274 248 73 21684 5141 51 0
17035 4155 132 23 4250 11240 141 28
3638 13806 144 30 4266 19563 61 20
11572 7163 94 40 8825 14906 191 53
8866 19901 117 27 18410 19668 91 23
7506 13709 114 4 21684 11354 83 25
7242 10355 137 24 18802 18577 98 25
16505 6042 123 20 17035 5141 143 40
18274 5553 160 38 4250 16426 129 45
8866 8825 111 27 3638 4155 231 20
11354 19563 94 29 11240 7163 82 0
7506 14906 151 27 19668 7242 202 70
4266 13709 114 28 17035 18802 114 45
13806 21684 122 30 11572 4250 202 43
5141 18410 92 25 16426 18577 88 0
19901 5553 126 40 10355 6042 202 48
16505 11354 109 32 18274 8866 240 62
11240 4266 133 20 7506 8825 171 52
21684 3638 99 0 7163 17035 195 40
18577 19563 24 0 13709 14906 113 46
18802 5141 140 29 5553 11572 210 55
18410 18274 94 32 4155 6042 93 20
16426 7242 106 20 19901 13806 138 40
4250 19668 110 48 10355 16505 179 44
