4475 7593 26 1 18233 9784 154 40
21366 3791 129 43 14969 8375 110 24
14417 8381 155 32 4345 22177 54 0
4475 9784 163 35 3791 8375 76 5
7593 22177 33 0 21366 4345 156 20
8381 14969 177 40 14417 18233 62 23
9784 3791 171 48 7593 21366 106 20
18233 4345 63 0 8375 14417 132 23
14969 4475 100 24 22177 8381 123 28
8375 21366 160 25 7593 14417 64 2
22177 3791 78 23 8381 18233 172 60
14969 9784 144 64 4345 4475 45 0
8375 18233 134 25 21366 8381 189 56
4345 14417 126 20 3791 4475 68 23
9784 7593 45 30 22177 14969 106 20
