16838 15156 71 0 22023 112 48 23
16344 19899 56 20 16345 22 49 22
14100 14471 104 44 12694 19998 77 20
14468 18553 67 45 21628 14116 110 25
16633 16632 118 40 16631 4232 32 2
16282 6989 94 0 14821 14101 75 20
12687 15292 39 20 15290 18557 101 3
14470 18554 87 40 18520 12689 40 20
18556 16906 67 20 18560 525 21 2
16346 21628 63 2 22 14100 67 20
112 4232 67 2 19998 19899 84 23
14821 16344 59 23 18553 16633 76 5
14116 16838 105 20 16632 12694 68 20
14470 15290 140 44 6989 14468 50 20
12689 12687 71 40 16906 16631 32 0
16282 18557 44 3 18556 15156 163 43
14101 16346 111 40 15292 18560 15 0
16345 18520 39 20 14471 22023 155 24
18554 21628 57 20 525 16344 40 0
19998 16633 166 45 16838 6989 28 0
18553 16632 41 40 12689 14100 71 40
16631 14470 119 32 19899 14821 92 43
22 15292 31 3 4232 18556 126 20
18560 12694 64 20 15290 15156 88 40
18557 14116 197 43 18554 16345 74 40
14468 525 65 2 14471 16282 43 23
14101 112 88 40 18520 16906 23 20
22023 14821 67 20 16346 12687 147 43
15292 19998 80 43 21628 14470 111 29
18553 22 93 22 16631 16838 91 20
19899 18560 60 20 18557 12689 129 43
4232 16345 66 20 15156 6989 155 20
15290 14471 59 20 16632 18556 185 40
14468 22023 102 43 16344 14101 75 20
525 12687 35 22 12694 18520 151 20
16633 14116 164 45 16906 14100 68 20
112 16282 35 2 18554 16346 93 43
18560 19998 38 23 22 14821 74 22
18557 21628 80 20 6989 14471 67 20
18556 19899 103 43 18553 14101 98 20
15156 16632 50 20 525 14470 137 31
14100 16838 61 20 12687 14468 100 40
16906 12694 81 20 4232 18554 43 0
16346 16631 89 23 14116 16344 107 25
12689 15292 85 40 22023 16282 70 20
112 16345 44 0 16633 15290 142 45
18520 6989 41 20 19998 18553 70 0
