2845 11434 59 23 12600 3846 77 20
16716 7719 162 55 9175 6433 120 20
2425 11619 93 40 21584 18518 52 0
4997 21477 73 0 19895 13624 42 5
14850 19954 59 10 6433 7017 116 20
21584 3846 25 0 7719 18518 100 5
12600 9175 63 20 21477 2425 44 0
19895 16716 92 45 2845 7017 107 23
14850 11434 54 5 13624 4997 61 20
19954 21477 38 0 7719 11619 134 50
19895 2845 70 22 2425 21584 74 20
18518 12600 116 40 7017 14850 106 25
11619 19954 149 0 11434 16716 97 5
3846 6433 45 20 13624 9175 167 45
4997 7719 106 30 2845 12600 129 43
2425 7017 121 20 21477 11434 59 0
14850 13624 61 5 16716 21584 90 25
19895 3846 26 0 6433 11619 86 40
4997 9175 40 0 18518 19954 53 20
11434 2425 50 0 7719 14850 143 20
12600 21477 58 20 3846 16716 104 25
7017 21584 79 0 6433 4997 58 20
13624 18518 85 20 19954 19895 88 20
11619 2845 119 43 9175 14850 55 5
16716 4997 68 5 3846 2425 48 0
21584 19895 40 20 19954 12600 169 40
21477 6433 114 25 18518 2845 93 23
7017 7719 103 20 11619 13624 101 20
9175 19895 89 20 11434 21584 35 0
