21810 14671 39 20 21523 11354 116 29
14134 9838 14 2 15657 18410 8 0
16505 22561 14 2 5553 18511 71 0
18410 8638 27 0 14671 21523 12 0
22561 15657 33 0 18511 21810 22 0
14134 5553 118 18 11354 8638 104 29
9838 15657 38 2 14671 16505 19 2
11354 18511 95 11 8638 21523 37 0
22561 21810 10 0 16505 14134 15 2
18511 9838 28 2 5553 18410 151 10
8638 14671 30 0 21810 16505 31 2
11354 22561 105 7 9838 18410 10 2
5553 21523 96 17 15657 14134 10 0
18410 11354 74 0 8638 16505 21 2
14134 14671 23 0 22561 18511 67 0
21523 21810 25 0 9838 5553 76 10
15657 11354 50 5 8638 22561 22 0
