13234 8013 79 24 13375 18826 57 20
10169 10738 138 55 10696 4137 107 44
17204 9421 74 22 12382 16938 98 20
16145 5283 65 20 13847 6942 71 25
7164 17392 73 23 124 4017 87 20
10738 13234 59 12 10169 9421 80 5
16938 13375 76 20 10696 6942 99 49
8013 12382 42 40 5283 124 57 20
17392 16145 57 0 4137 7164 128 27
4017 17204 138 37 18826 13847 18 0
13375 5283 90 40 9421 124 69 20
16145 10696 83 0 12382 17392 38 0
4137 6942 61 0 17204 13234 69 8
8013 10169 118 40 7164 13847 59 0
18826 4017 79 20 16938 10738 36 0
