8284 12126 136 45 13590 16320 126 10
12448 20736 59 43 17802 14361 221 70
19857 17294 117 12 20313 14637 195 55
13227 13825 60 23 6832 20325 47 20
4902 12209 32 0 13265 13539 95 40
8811 15725 58 7 4921 14361 217 40
16320 6832 73 5 17294 17802 181 44
13825 13590 105 0 12209 12448 45 10
20325 4902 128 20 15725 4921 199 52
14637 13227 131 28 8811 13265 137 40
13539 19857 130 20 20736 12126 72 16
12448 8284 120 34 20313 15725 173 52
8811 17802 163 23 4902 13825 82 40
4921 13265 240 45 19857 16320 40 0
20325 20313 179 40 14637 13539 111 25
13590 14361 251 65 13227 6832 75 20
12209 8284 203 54 20736 17294 103 43
12126 20313 87 23 17802 4921 181 20
19857 13227 137 48 4902 12448 137 40
14361 13825 190 60 8284 14637 162 49
13539 17294 190 49 15725 13590 100 20
16320 8811 145 27 12209 20325 150 45
6832 20736 20 20 12126 13265 144 23
17802 13539 146 45 13227 8284 179 48
14361 4902 237 30 20313 16320 85 20
4921 13590 174 10 13825 20736 49 0
13265 20325 212 40 17294 12448 58 27
15725 14637 112 29 12126 12209 103 28
6832 8811 83 20 8284 19857 171 54
20736 20313 95 23 16320 13227 58 5
13265 15725 175 20 13825 17802 58 20
17294 12126 141 30 4902 8811 135 47
14361 12209 76 10 20325 19857 181 20
12448 4921 107 25 13539 6832 57 20
13590 17802 105 40 14637 4902 167 45
