22288 10309 49 0 21679 13550 0 0
9931 13781 50 20 16883 16671 87 30
21331 6079 65 18 10016 8845 109 20
17155 17224 56 25 11193 16523 80 25
20332 8777 102 10 10540 8579 68 20
14638 7085 80 24 7215 7047 95 5
12890 16355 86 24 21340 14711 61 20
20294 10262 50 0 8492 5237 79 5
19940 13647 63 4 21363 11717 104 44
16883 21679 78 20 11193 6079 113 43
17224 21331 11 0 13781 10309 69 25
16523 16671 22 10 7047 10540 60 0
8579 10016 130 28 9931 7215 86 23
8777 22288 32 0 12890 20294 92 24
8492 8845 56 0 13647 17155 35 20
10262 21340 72 22 11717 13550 55 20
16355 5237 155 45 14638 21363 52 25
7085 14711 61 24 20332 19940 141 52
21679 7215 46 0 21331 16523 57 15
7047 11193 105 10 8777 10309 23 2
10540 12890 90 24 10016 16883 150 48
16671 13647 23 10 17224 22288 28 2
11717 8579 41 22 6079 8492 116 28
14711 9931 65 23 5237 17155 90 24
20294 21340 85 40 14638 19940 94 0
8845 20332 141 61 16355 13550 65 0
10262 13781 42 0 7085 21363 99 44
10309 12890 150 45 7215 13647 3 0
11717 8777 58 29 21679 17224 20 2
10016 7047 140 25 14711 8492 77 25
6079 14638 94 23 17155 10540 75 20
5237 16523 28 10 8845 8579 70 24
20294 7085 118 44 16671 16355 91 30
13550 11193 55 20 13781 19940 116 6
22288 20332 113 11 9931 10262 104 23
16883 21363 89 20 21340 21331 80 35
13647 10540 17 0 14711 21679 33 0
5237 6079 82 22 17224 7047 57 12
16523 8492 42 25 10309 16355 101 20
13781 11717 36 0 8845 12890 100 44
8579 11193 147 45 22288 14638 65 0
19940 16883 173 44 10262 8777 49 2
21363 10016 136 6 17155 20294 76 44
13550 9931 48 23 21331 7085 104 39
16671 7215 43 10 21340 20332 132 43
