18420 10246 139 20 10111 7716 38 0
14624 20679 33 20 15058 3666 58 10
18421 22257 82 25 22081 22258 30 0
13968 20098 7 2 10369 22265 16 0
15135 11980 9 0 22256 12241 37 3
19816 22120 69 20 15477 20775 54 20
18421 14624 63 25 20679 10246 42 0
22081 15058 3 0 20098 7716 30 0
10111 3666 82 20 11980 22257 48 10
22120 15135 108 40 19816 10369 67 20
22265 20775 13 0 18420 22256 85 3
12241 22258 37 0 15477 13968 64 22
22257 20098 54 0 10246 14624 116 0
15058 19816 32 0 11980 18421 131 40
20679 22081 12 0 20775 10111 30 0
22258 18420 124 25 10369 12241 78 0
7716 22265 42 20 15135 15477 110 40
13968 22256 27 3 3666 22120 165 27
20098 11980 55 20 20775 18421 87 25
12241 19816 95 0 22257 20679 25 20
10369 15477 77 20 14624 10111 46 2
10246 22265 48 0 22120 22081 62 20
22256 3666 66 3 22258 7716 31 0
18420 15058 128 25 13968 15135 57 20
11980 15477 87 20 20098 20679 39 20
18421 10111 67 22 22120 12241 35 20
14624 22258 57 0 22265 19816 37 0
7716 13968 31 2 22257 20775 39 20
3666 22081 37 3 15135 18420 147 25
10246 10369 62 0 22256 15058 38 0
