19652 12606 94 40 18149 17576 103 23
21350 19508 24 2 11392 18183 99 21
19720 19757 127 40 9411 10635 94 20
18183 17576 88 20 12606 11392 69 41
10635 19757 95 20 21350 19652 124 40
18149 19508 96 30 19720 9411 131 40
19757 19652 101 20 12606 18183 47 20
17576 21350 38 20 19508 19720 123 23
11392 10635 61 20 9411 18149 140 23
12606 19720 184 40 19508 19652 84 11
11392 18149 151 43 21350 19757 94 40
17576 9411 82 20 18183 10635 98 40
19652 19720 139 40 19757 11392 145 41
18183 19508 81 1 10635 18149 128 23
9411 21350 60 0 17576 12606 38 20
