17011 21171 165 51 16272 17385 62 20
18121 21683 69 0 21743 17348 25 0
9386 16272 53 25 21171 21743 101 0
18121 17348 95 20 17011 17385 138 44
21743 9386 56 20 21683 21171 106 20
17011 21683 95 24 16272 18121 93 0
17385 21683 87 20 17348 9386 85 45
17348 16272 73 5 9386 18121 143 43
21743 17011 79 20 21171 17385 165 43
9386 21171 136 43 18121 17011 93 25
17385 17348 105 22 16272 21743 97 30
21683 21743 37 10 16272 17011 171 44
17385 18121 154 25 21683 9386 94 20
21171 16272 96 23 17348 21683 57 25
