18498 19405 96 40 21469 22937 121 43
18432 18448 75 40 19351 22786 51 20
18549 19347 69 20 19557 20874 111 30
21343 19353 90 0 21414 19361 46 20
19454 19350 84 20 18492 19558 92 40
22175 18422 133 20 22172 18549 125 20
19361 22786 143 40 22937 19557 80 30
20874 18492 77 20 19353 18432 124 35
19347 21469 145 43 19454 22175 96 30
19558 18448 41 0 18498 21414 32 30
19405 19351 86 20 18422 21343 98 40
19350 19361 98 40 22172 18432 164 35
22786 18549 48 40 18498 18492 96 30
22937 19454 25 0 18422 19353 98 20
19558 21343 67 0 21469 20874 146 43
21414 22172 70 10 19347 19405 133 40
22175 19557 113 40 18448 19350 119 30
19351 21469 72 33 18549 19361 139 40
22786 19454 45 30 22172 21343 102 40
18492 22937 122 45 18448 19347 123 40
18432 18498 83 40 19557 18422 121 34
20874 19351 85 20 19350 21414 94 40
19353 22175 66 20 19405 19558 62 0
21343 18549 88 40 18432 22937 89 30
21469 21414 79 23 22786 18422 164 44
19361 18492 93 40 18498 22175 89 40
20874 18448 104 40 19454 19405 90 30
19557 22172 57 0 19351 19558 18 10
19353 19347 110 0 19350 18498 108 40
