6603 4177 79 3 15055 12745 9 0
8696 6072 36 0 367 21449 41 0
20349 13532 58 3 7400 5062 61 23
12745 6072 7 0 6603 8696 83 20
367 20349 117 23 13532 15055 48 20
21449 5062 19 3 7400 4177 44 20
15055 6603 38 0 8696 13532 21 0
7400 20349 67 23 4177 6072 29 2
5062 367 95 23 12745 21449 13 2
8696 15055 48 20 6072 7400 63 20
13532 12745 62 0 20349 21449 85 12
367 6603 113 0 5062 4177 36 2
21449 8696 44 23 15055 20349 57 3
6603 7400 110 20 12745 367 34 0
4177 13532 46 0 6072 5062 29 3
21449 7400 48 23 20349 6603 75 3
6072 15055 23 0 5062 12745 16 2
4177 8696 31 3 13532 367 86 0
