13337 17206 86 24 20298 7678 95 2
11659 4964 100 40 21586 5893 114 5
6168 11678 80 0 13132 20323 168 37
20298 4964 109 22 13092 11659 40 20
13132 21586 79 4 20323 13337 156 45
11678 7678 87 20 13092 6168 154 30
5893 11659 66 30 17206 20323 171 35
13337 20298 93 24 11678 4964 92 25
13092 17206 109 5 6168 13132 40 0
21586 7678 93 20 11678 5893 122 25
13337 13092 26 0 17206 11659 90 20
4964 5893 205 50 7678 13132 63 0
6168 20323 30 20 21586 20298 62 10
5893 13092 97 20 11678 13337 81 4
17206 20298 47 2 4964 21586 88 22
11659 13132 100 22 7678 6168 92 20
20323 11678 82 25 4964 17206 79 0
20298 6168 36 2 5893 13337 163 29
20323 21586 60 2 7678 13092 83 0
13132 11678 65 2 11659 20298 77 22
