11970 22318 120 47 22152 21370 75 20
7759 14179 150 65 20345 19745 130 40
21301 13648 111 40 21229 7760 181 45
18225 11487 113 35 18282 22153 69 0
22152 22318 69 31 20345 14179 188 70
21370 7759 176 40 13648 21229 158 60
18225 19745 125 31 21301 11487 21 0
11970 18282 102 30 22153 7760 27 0
21370 14179 150 65 7759 22152 149 24
11487 20345 92 24 21229 21301 168 50
19745 22153 92 20 7760 11970 122 25
13648 22318 70 43 18282 18225 145 30
11487 21370 54 24 14179 21301 231 75
22153 21229 162 50 22152 19745 137 31
18282 13648 108 24 11970 20345 155 44
7760 18225 197 60 22318 7759 120 47
22153 22152 131 25 19745 21301 116 43
14179 11487 117 43 13648 11970 178 45
7760 20345 132 45 21370 18225 135 45
7759 21229 244 70 22318 18282 81 23
21301 22153 105 20 14179 13648 82 25
20345 22152 131 44 11487 7760 70 28
21229 11970 127 55 18225 7759 186 24
19745 18282 206 40 22318 21370 89 40
