19164 21058 109 7 22908 22957 57 0
22801 22940 100 0 22956 22931 96 23
22959 22958 80 0 22949 21094 138 20
22956 19164 83 20 22931 21058 171 63
22949 22959 90 0 22940 22908 94 0
21094 22801 141 20 22958 22957 6 0
22931 22949 108 10 21058 22959 164 40
22957 22956 30 0 22908 22958 73 0
22940 21094 38 0 22801 19164 260 30
22957 22931 71 3 22949 22956 46 0
22958 22801 114 20 19164 22959 120 23
21094 22908 53 0 21058 22940 101 15
19164 22949 89 20 22956 22801 102 10
22957 21058 101 0 22959 22940 85 2
22908 22931 115 40 22958 21094 112 25
