21528 22012 25 0 15065 5070 35 0
20344 9277 87 20 17288 21510 4 3
10650 21527 39 0 21440 9800 30 12
15033 22378 6 2 16249 17305 97 25
9930 21510 83 23 21528 17288 17 0
15065 9277 83 20 5070 10650 23 0
9800 15033 30 2 22378 20344 54 23
17305 21440 21 0 22012 9930 116 40
17288 16249 108 20 21527 21528 42 0
9800 9277 69 30 15065 15033 18 2
9930 10650 120 40 22012 22378 13 3
5070 20344 96 20 16249 21440 71 27
21510 17305 36 0 21527 15065 17 0
10650 22012 69 20 15033 17288 56 3
9277 21528 56 0 22378 21440 29 22
9930 5070 66 0 20344 21527 96 40
21510 16249 81 23 17305 9800 45 0
21440 17288 34 0 22378 15065 27 3
9930 21527 65 20 15033 9277 51 3
5070 22012 64 20 21510 9800 25 0
17305 20344 74 20 10650 21528 62 40
16249 15065 97 23 9277 9930 139 40
