10583 8797 45 5 8859 8796 34 0
9214 10284 68 20 10168 10768 61 20
13675 20673 66 20 8798 10584 61 25
8799 8796 24 0 10768 8797 25 2
8798 10583 97 25 10284 10168 73 20
10584 8859 80 25 9214 8799 76 20
13675 10768 60 20 20673 10583 67 40
8798 10284 18 0 8796 8797 39 2
8859 10168 86 40 10584 13675 56 25
20673 8799 39 0 10583 9214 70 25
8796 10768 29 2 8798 13675 12 2
8799 8859 27 20 20673 10168 76 0
10584 9214 97 40 10284 8797 14 0
10768 8798 25 0 10583 8859 140 45
13675 10284 36 0 8797 8799 22 0
10168 10584 113 45 8796 20673 58 0
9214 8798 61 20 8799 13675 41 0
8797 10584 85 22 10768 10583 69 7
10284 8796 25 0 8859 20673 123 40
10168 8798 45 20 8797 9214 52 0
