22056 12740 22 0 11181 15104 113 35
21860 15182 59 27 22307 17993 63 20
7252 8478 144 45 19787 17768 76 20
8133 16601 64 10 5976 10653 18 5
21482 16742 103 23 13002 13684 98 28
12549 7253 145 52 15353 15078 81 35
11520 7689 89 20 5291 22303 68 0
6134 14739 85 20 11254 19949 139 40
20225 12327 109 35 8688 13733 99 20
10653 17993 99 22 12740 7252 91 20
21860 19787 49 24 16742 8133 49 0
5976 11181 11 2 15353 17768 105 20
15078 11520 88 27 22056 8478 85 20
12549 13002 59 5 5291 6134 108 0
15182 11254 108 24 13684 20225 130 38
16601 8688 105 30 14739 7689 93 20
12327 21482 141 43 19949 22303 19 0
15104 13733 147 25 7253 22307 80 20
16742 15353 91 34 11520 10653 38 3
17768 22056 47 0 6134 21860 50 20
8478 13684 171 28 11181 8133 12 10
7689 13002 128 45 12740 20225 64 10
5291 11254 151 24 12327 16601 98 20
17993 15104 174 35 15078 19949 80 40
14739 5976 88 0 13733 21482 89 23
22303 22307 21 0 7252 12549 148 52
7253 19787 125 48 8688 15182 97 40
8478 10653 121 28 7689 6134 67 20
13002 11181 53 5 16601 11520 74 20
17768 20225 116 20 17993 16742 161 45
13684 15104 182 53 12327 15353 117 38
8133 21482 44 13 22307 22056 49 0
15078 5976 90 27 15182 5291 126 10
19949 8688 125 40 12740 12549 33 23
14739 7252 160 44 7253 21860 116 34
22303 13733 52 3 11254 19787 109 20
17993 12327 96 45 8478 13002 123 25
15353 6134 64 15 21482 16601 64 23
8133 11520 77 0 15104 15182 138 20
19949 22307 104 20 17768 7689 84 10
22056 8688 40 20 13684 7252 163 51
16742 12740 45 0 13733 15078 107 25
19787 5291 122 30 10653 14739 114 22
11254 12549 130 44 21860 5976 51 6
22303 11181 15 0 20225 7253 169 47
