4175 6499 128 2 7110 10110 43 20
13352 9215 21 3 5913 6458 76 0
20307 4150 22 0 6121 10107 21 0
4324 5913 47 5 11418 6499 0 0
10107 6458 79 0 10110 6121 27 2
20307 9215 83 3 4324 7110 72 20
4150 11418 65 20 4175 13352 45 2
6499 10110 17 0 5913 20307 48 0
6121 7110 129 20 11418 13352 23 2
6458 4175 41 10 10107 4324 31 5
4150 10110 35 0 9215 11418 58 3
5913 6121 20 0 4324 4175 72 4
7110 20307 36 0 6458 4150 62 0
13352 6499 27 0 9215 10107 60 3
5913 11418 27 0 6458 20307 57 10
10110 4324 26 4 13352 4150 58 22
6121 4175 34 0 6499 9215 42 3
10107 10110 21 2 7110 5913 91 20
