19970 13835 100 0 16253 18793 74 5
5196 13879 68 0 20771 5899 130 20
18211 8969 57 5 17190 21430 91 27
16292 17969 151 35 16222 13022 78 25
15403 19942 71 10 22436 21618 58 20
17973 17153 39 0 14953 3479 32 5
17300 19541 45 20 13271 15689 41 20
17483 15289 169 15 22579 11561 44 20
11308 11260 149 50 15677 22399 96 23
18211 16253 10 0 5196 16222 114 20
20771 18793 100 30 21618 17969 169 55
17153 5899 143 30 17190 15403 77 12
22436 13835 60 20 15689 13022 60 20
17300 19942 19 2 8969 15289 63 7
3479 11308 98 21 16292 22579 22 0
14953 19970 56 30 13879 15677 0 0
17483 21430 180 50 11260 13271 140 45
22399 17973 31 23 19541 11561 137 40
16222 17190 105 4 18793 22436 25 3
15289 20771 79 26 13835 18211 66 2
13022 17153 87 20 19942 11308 75 23
22579 14953 60 20 15403 17300 110 30
5899 15677 76 10 16253 8969 75 20
13271 22399 37 3 21618 5196 115 20
15689 17973 59 20 17969 17483 185 39
11561 13879 55 20 21430 16292 52 24
19541 11260 192 45 19970 3479 75 20
11308 14953 83 0 13835 16222 56 3
17190 20771 126 26 15677 19942 43 2
18793 15289 22 10 5899 22399 40 3
22579 13271 51 0 22436 16253 52 25
17973 16292 103 20 17300 18211 45 23
13879 11260 126 30 17969 15403 161 39
3479 21618 69 0 13022 11561 69 20
19541 5196 91 20 17483 8969 108 20
15689 21430 55 20 19970 17153 106 20
22399 22436 19 3 14953 20771 86 23
13835 16292 69 20 19942 5899 80 7
15677 18793 86 2 17973 22579 46 0
13022 17190 113 22 15289 13271 30 2
3479 17483 113 25 13879 18211 8 0
21618 16222 47 0 17153 19541 92 20
11561 15689 97 40 11260 5196 140 45
17969 17300 148 39 21430 16253 166 20
8969 15403 207 25 11308 19970 51 0
