3750 16854 135 44 4957 17222 40 1
5319 12833 68 0 5485 14026 137 36
8863 12737 88 20 5356 6347 116 27
10776 6996 44 0 12736 11246 73 3
17222 5485 229 36 14026 4957 30 21
16854 12737 84 0 8863 12833 74 23
6347 10776 4 0 5319 6996 64 0
12736 5356 69 24 11246 3750 89 17
4957 8863 20 0 12737 14026 83 0
6347 5485 142 0 10776 16854 22 20
5356 5319 100 28 17222 12736 78 0
12833 3750 132 27 6996 11246 100 36
14026 16854 76 20 12737 10776 75 0
6347 12736 47 2 5485 4957 160 57
6996 12833 141 5 5356 17222 113 45
11246 5319 63 0 3750 8863 79 24
12736 14026 29 0 16854 6347 99 22
4957 10776 15 0 12833 5356 195 52
8863 5485 112 36 6996 3750 96 24
11246 12737 113 30 17222 5319 53 20
