21719 18710 85 20 15469 10938 70 5
18917 17157 59 20 21701 10936 14 2
16476 21646 184 40 21697 21698 18 0
16441 10941 56 20 14183 3954 153 54
10937 21942 8 0 17493 21658 42 0
16959 18859 40 25 21640 21648 104 25
18425 14144 84 20 21699 10183 96 22
21695 10939 50 23 17558 21647 39 12
3954 21700 93 20 21697 21701 28 2
18710 16476 139 40 21658 10936 64 20
14183 18859 65 20 21719 18917 45 0
21646 21640 67 23 14144 17493 27 0
10938 21698 39 0 10183 21695 49 0
10941 10939 67 37 21648 10937 60 20
17157 21699 75 2 16441 15469 75 9
18425 17558 75 35 16959 21700 30 13
21647 3954 143 32 21942 14144 36 4
21695 21701 37 0 17493 14183 69 20
21719 21697 37 3 10936 21648 56 0
10939 21658 82 23 17157 21640 13 0
18425 16441 73 40 21646 10938 31 0
17558 15469 100 32 21942 16476 97 22
21698 21699 60 1 18917 10941 77 34
21700 10937 40 0 18859 18710 177 40
10183 16959 106 25 21647 21658 99 20
3954 21719 108 32 10939 21646 90 22
21648 17493 34 0 17157 17558 46 15
21698 21942 17 0 14183 18425 111 20
10936 21695 32 2 18859 15469 129 5
16476 21647 114 30 21700 18917 76 0
10183 21697 100 22 10941 18710 85 14
10938 21640 33 0 10937 21699 16 2
14144 21701 76 26 16959 16441 62 22
21658 21648 94 25 21695 3954 97 25
21719 17157 38 0 21647 18425 120 22
17493 10183 97 40 16476 18859 98 0
15469 14183 151 45 10937 21646 34 2
21699 10936 12 2 21942 16959 40 5
21701 10938 30 0 10941 17558 53 4
14144 18917 81 0 10939 21697 53 26
21640 16441 72 20 18710 21698 120 20
21700 17493 20 2 21695 21719 48 20
