22670 9432 93 23 21982 19812 46 5
13171 21980 169 32 15305 22898 53 10
12765 19516 102 0 20353 20331 116 40
18882 14996 116 24 5828 13277 41 0
13303 19510 38 0 22669 14295 86 20
22343 21990 10 10 20360 9040 75 4
7835 17600 46 0 9433 14377 96 20
19812 22898 54 20 15305 20353 112 20
20331 22670 148 23 13171 13277 115 5
9432 5828 70 4 21980 13303 130 27
18882 20360 126 30 19516 22669 77 20
21982 14377 113 10 9040 14996 153 49
9433 12765 103 25 14295 21990 129 10
22343 7835 17 0 17600 19510 140 7
5828 20353 93 40 22670 13171 136 27
13277 20360 74 7 9432 15305 131 46
14377 21980 137 33 22669 20331 95 20
14996 13303 158 28 22898 9433 65 20
19812 12765 101 29 17600 22343 74 25
9040 18882 106 40 7835 14295 60 0
21990 19516 100 31 19510 21982 114 20
22670 20353 35 23 14377 20360 85 30
15305 9433 164 45 22669 5828 35 0
22898 20331 119 20 9432 22343 83 26
19812 9040 68 25 13303 13277 76 24
21990 7835 27 0 19516 14996 170 45
14295 13171 154 45 21982 17600 156 44
19510 21980 186 47 12765 18882 77 25
5828 14377 36 10 22898 22343 31 0
20353 22669 23 20 9040 9432 120 23
20331 15305 121 40 13303 21990 59 13
14996 14295 183 40 20360 19812 95 27
9433 13171 139 25 19510 18882 128 40
19516 17600 120 26 21980 22670 136 23
13277 21982 110 25 12765 7835 39 0
