18098 8824 30 0 16010 15523 78 20
17116 20024 73 20 17114 21627 48 2
22131 18139 67 20 19952 11384 66 5
18856 12999 35 3 20077 9566 94 22
19714 18098 10 0 20024 17114 27 22
18139 11384 74 2 17116 8824 40 0
9566 21627 51 3 16010 19952 51 3
15523 19714 27 0 22131 12999 16 0
18856 17114 46 3 11384 20077 135 22
9566 19952 16 5 18098 17116 13 0
8824 22131 50 20 12999 20024 84 20
15523 21627 47 0 18139 18856 96 20
20077 17116 112 25 16010 19714 28 0
22131 17114 6 0 8824 9566 24 2
11384 12999 60 3 21627 18098 44 0
19952 20024 100 23 15523 20077 75 0
18139 16010 121 20 19714 18856 30 3
21627 17116 68 10 18098 22131 1 0
9566 11384 38 2 20024 15523 35 0
17114 16010 74 15 12999 18139 67 20
19952 19714 15 3 18856 8824 39 3
20077 18098 87 25 9566 22131 11 3
