21754 20270 31 2 22812 20280 70 20
20277 20271 116 24 21422 18017 52 0
21421 21760 0 0 22354 20084 66 0
21757 20273 28 0 21423 20279 71 10
20276 20183 7 0 21397 20274 180 40
20117 22319 76 10 20281 22838 67 0
20267 20269 76 29 18013 20761 52 5
20268 17070 29 2 20272 20278 150 20
21759 21756 57 0 22611 20270 20 0
21421 20280 95 20 20276 20273 19 2
21423 21422 26 0 21760 22812 10 0
20267 20274 124 31 20117 21757 49 10
20279 20281 117 30 20271 20268 26 2
20272 20277 68 0 21754 20269 23 2
20278 21397 178 40 22838 22611 54 20
21756 22354 41 0 22319 20183 37 1
20761 18017 115 4 20084 21759 24 0
18013 22812 125 20 17070 21421 42 2
20268 20273 56 2 20277 20117 113 20
20280 21423 112 20 20281 22611 16 0
20269 21757 12 0 21756 20278 98 20
20183 22838 80 40 18017 20267 124 29
20270 18013 66 25 22354 20276 0 0
20084 20271 53 0 21397 20272 143 20
22319 21754 100 7 21759 20279 59 25
17070 20761 60 0 20274 21422 57 4
21760 20117 67 12 21756 20280 66 20
20278 18017 176 0 21421 20281 14 2
20268 21397 101 6 22812 20267 100 24
20273 22319 111 17 20271 20270 22 0
20274 20084 86 4 20277 18013 140 49
22611 20272 50 20 21422 20279 84 25
21757 21754 31 2 20183 21760 63 20
22838 22354 73 20 20761 21423 52 2
20269 17070 62 0 21759 20276 19 0
20281 21756 51 2 20273 20267 82 19
22611 20274 14 2 18017 22812 87 14
21760 18013 47 20 20268 22319 73 7
21397 20761 177 22 20270 21421 24 0
22838 20277 191 44 17070 21757 29 0
20279 20183 104 25 20269 20084 60 20
20272 21759 110 20 20117 21423 65 0
20271 20276 49 2 20278 21754 91 22
21422 22354 28 0 20280 20268 80 22
