11332 16400 69 10 22549 11334 47 20
16401 22535 40 3 16235 11336 105 40
11337 11335 118 23 21611 16234 33 0
11333 16235 76 30 11334 11332 75 20
11336 22549 95 30 11335 21611 36 0
11337 22535 153 26 16401 11333 25 10
16234 11335 63 0 16400 16235 86 30
11332 22549 65 10 16401 11337 121 23
11334 21611 39 10 22535 16234 78 3
16400 11336 77 10 11333 11337 143 33
11335 22549 55 0 16401 11334 92 10
11332 11333 37 15 16234 11336 97 20
21611 16400 35 0 16235 22535 52 10
11333 16234 69 10 22549 16401 66 10
22535 21611 33 3 11335 11332 46 0
16235 11334 78 14 11336 11337 128 23
16400 16401 72 20 11332 21611 23 10
