8424 19412 76 40 18244 8886 187 39
13329 4545 144 0 6209 21816 101 4
18030 20250 53 20 6272 16556 202 49
22057 12928 170 55 3708 19696 210 60
6210 20020 134 25 8541 11918 16 0
7161 21337 85 45 12126 19452 102 3
8886 16555 141 23 20250 13329 66 20
16556 18244 137 40 22057 6209 104 4
20020 6272 167 45 3708 8424 167 48
6210 12928 152 50 19452 4545 76 0
21816 19696 171 20 21337 11918 44 0
16555 7161 186 60 8541 18030 53 20
12126 6272 212 27 19412 22057 129 40
19452 6209 179 20 3708 8886 92 7
6210 21816 93 0 20250 12928 112 5
16556 21337 149 40 16555 20020 124 43
19696 18030 111 40 19412 4545 107 20
13329 18244 85 20 8541 12126 86 11
11918 8424 120 20 7161 22057 149 45
6272 19452 167 44 21816 16555 144 40
8886 6210 183 23 21337 18030 118 40
20020 20250 87 20 18244 19696 178 52
4545 3708 161 24 11918 12126 62 2
19412 7161 151 30 13329 16556 63 20
6209 8541 169 44 12928 8424 195 50
22057 19452 135 45 18030 20020 84 20
16555 12126 93 23 19696 6210 133 20
18244 3708 190 56 7161 21816 225 60
11918 6209 71 0 20250 19412 107 21
8424 21337 116 20 12928 13329 81 0
4545 8541 92 1 8886 6272 198 59
16556 3708 155 52 19452 6210 157 25
