16831 6901 10 0 16251 17796 76 10
16832 15654 57 20 15725 18458 35 20
16828 12339 37 0 11924 9923 62 4
13833 17594 10 2 12359 16029 22 20
4902 15930 100 20 12302 13266 77 20
13744 12202 36 20 10862 15725 139 20
17594 12339 37 2 15654 16831 36 0
17796 12359 97 40 16828 13266 106 25
12302 9923 113 20 6901 16832 38 0
10862 18458 62 0 4902 16251 77 20
11924 13744 69 0 15930 16029 60 20
13833 12302 124 20 12202 16828 44 20
16831 15725 120 20 12359 9923 53 20
13744 6901 1 0 17594 18458 68 0
13266 10862 137 35 12339 16832 40 20
12202 16251 56 10 15930 15654 19 2
17796 13833 77 20 11924 4902 76 30
16029 15725 142 20 6901 16828 47 20
9923 13266 169 45 16251 13744 88 10
4902 16832 87 0 12202 17594 27 2
16831 12359 40 20 12302 11924 189 35
18458 15930 122 5 12339 13833 17 2
16029 17796 49 0 15654 10862 106 20
13266 11924 114 35 15725 17594 146 22
16832 16831 5 0 13744 13833 31 22
16251 12302 115 0 16029 12339 27 0
15654 4902 101 20 12359 6901 59 20
18458 12202 192 0 9923 17796 41 11
15930 16828 113 40 10862 16831 108 20
