22175 19350 75 23 21412 21413 22 20
21467 19361 45 20 18499 19294 10 10
21469 19354 53 10 21410 19454 13 10
21412 21653 23 10 19349 19558 41 0
22175 21469 67 10 19294 19361 79 40
19354 18499 25 0 19350 19349 37 20
19558 19454 34 30 21413 21467 32 10
21410 19294 83 40 21653 19350 114 23
19354 21412 35 20 21467 21469 50 20
19558 18499 44 10 19454 22175 75 20
19349 21413 11 0 19361 21410 37 20
21653 21467 27 0 19354 22175 45 20
19350 21410 122 43 19361 19558 60 40
21413 21653 13 0 18499 21469 56 20
19454 19294 44 20 19349 21412 36 20
19354 21410 11 0 22175 18499 104 40
19454 21412 44 40 21653 19361 59 40
21469 19349 54 20 19350 21467 62 0
19558 21413 34 20 19294 19354 33 0
