16176 14523 60 1 11472 12977 37 15
17294 11341 33 20 18698 11425 40 20
22071 8565 48 24 20838 13072 30 0
18860 11341 13 0 17802 16405 38 2
12977 20838 49 0 13072 17294 62 24
11425 11472 26 0 22071 17802 60 2
16176 18860 106 24 18698 8565 24 20
16405 22071 22 2 14523 17294 43 20
18698 11472 30 3 13072 11341 51 0
12977 8565 115 40 11425 16405 25 1
14523 20838 36 3 17802 16176 137 28
18860 22071 48 2 11341 12977 66 20
17294 17802 59 20 8565 16176 181 53
16405 18698 33 2 11472 20838 39 3
13072 11425 62 0 14523 18860 34 3
18698 17802 43 2 22071 12977 33 3
16405 13072 37 2 16176 11425 124 28
20838 17294 48 20 18860 11472 30 3
8565 14523 61 25 11341 18698 33 3
