14738 11349 125 5 22312 13474 174 50
16606 6378 69 27 14423 8480 109 23
20153 16468 201 35 8509 8468 130 58
9242 4149 58 20 6540 13669 148 45
12792 21324 136 22 7786 22828 117 45
16011 10098 110 44 8645 16564 172 20
21437 17388 83 12 16800 16466 167 25
22283 8730 138 40 14464 7423 126 30
20152 22247 88 4 8393 7244 170 60
13474 8468 186 55 4149 16606 94 20
21324 6378 160 52 13669 20153 238 51
10098 6540 148 20 14738 8480 75 30
16466 14423 141 51 11349 16011 196 56
8645 16468 240 29 8730 21437 124 43
16564 20152 176 57 7423 22312 204 70
8393 9242 232 70 12792 22283 131 46
14464 22828 105 29 22247 16800 132 25
7244 7786 202 28 17388 8509 90 24
10098 11349 149 50 8468 6378 212 65
8730 16466 122 40 20153 16606 27 20
20152 6540 155 44 8645 14423 122 28
13474 21437 88 20 7423 9242 159 10
16468 14738 222 55 22283 13669 105 25
22312 12792 148 26 8509 14464 121 50
7786 16800 92 25 16564 8393 249 83
7244 4149 204 53 22828 8480 33 10
22247 17388 94 4 16011 21324 151 46
9242 8645 174 43 11349 16606 153 30
13474 20152 132 49 16468 10098 184 59
6378 8509 126 44 21437 14738 184 29
13669 7423 144 50 12792 16800 238 51
8468 6540 196 58 7786 8730 65 0
14423 22828 178 51 17388 16564 126 33
4149 8393 161 55 22312 21324 187 55
20153 7244 223 51 16011 14464 99 26
8480 22283 75 20 16466 22247 124 20
16800 8509 251 60 16606 10098 68 20
11349 12792 236 71 6540 16468 154 49
13669 17388 146 0 20152 8730 176 44
22828 8645 205 45 6378 22312 154 29
14423 20153 203 47 8393 13474 199 70
8480 16011 74 10 7423 7786 167 45
22247 8468 119 35 9242 16564 172 73
16466 14464 94 49 4149 14738 166 40
21324 21437 154 50 7244 22283 122 28
