17258 18425 31 0 21658 20091 131 25
21983 17652 12 2 22227 16977 19 0
20361 3954 52 25 21904 22224 20 0
18859 22020 13 0 18425 18710 39 0
3954 21658 80 10 20361 17652 35 0
18859 18710 26 0 17258 22227 56 20
20091 22224 133 25 22020 21983 15 0
16977 18710 39 0 21904 3954 76 0
22224 21983 12 0 20361 18859 34 2
16977 21658 38 0 22020 22227 6 0
17652 17258 10 0 18425 21904 15 0
20091 22227 67 21 20361 16977 17 2
17652 18425 9 2 18710 22224 36 0
21983 3954 38 0 17258 22020 48 20
21904 20091 131 0 18859 21658 26 0
3954 18425 106 30 22227 21983 15 2
22020 20361 62 10 17652 18859 13 3
21658 17258 79 20 22224 16977 22 3
18710 21904 40 0 21983 20091 39 2
16977 17258 44 20 18425 20361 32 10
22227 21904 16 0 22224 22020 39 3
20091 18859 89 0 3954 17652 55 7
18710 21983 35 2 21658 20361 71 10
