20347 10437 29 0 17499 9010 19 0
11676 6832 2 0 3734 20764 33 0
8626 22191 52 0 5598 21963 5 0
8406 20410 2 0 14962 14904 75 0
17499 3734 33 0 9010 15373 18 0
11676 8626 24 0 22191 20347 91 40
14904 6832 37 20 14962 21963 44 0
20764 10437 18 2 5598 8406 60 14
15373 20347 20 0 20410 22191 58 20
3734 9010 41 0 8626 14962 45 0
14904 5598 54 30 17499 11676 45 0
21963 20764 29 0 10437 20410 33 0
8406 8626 28 0 6832 15373 38 20
3734 14904 52 0 20347 5598 25 10
22191 14962 58 0 20764 17499 4 2
21963 8406 25 0 9010 11676 46 0
20410 15373 33 2 6832 10437 34 20
14904 17499 50 0 8626 20764 9 0
22191 21963 42 20 3734 8406 18 10
15373 14962 59 0 11676 20347 12 0
5598 9010 6 0 6832 20410 93 20
10437 3734 28 0 8626 14904 45 0
