22150 22034 46 0 19531 18846 33 20
21319 22732 116 40 22075 16488 41 20
20035 18158 44 21 19490 19491 63 40
22543 22151 55 20 16366 19472 78 30
19530 22035 60 0 18433 22101 72 24
21908 16418 153 22 16488 19474 35 2
22543 22075 59 20 22034 20035 27 20
22150 21319 136 40 19530 19491 69 2
22101 16366 133 35 22732 16418 24 10
22151 21908 65 20 18158 18433 74 0
19472 19531 92 0 19474 19490 45 20
22035 19491 34 0 18846 22075 24 0
21319 22101 133 16 22543 21908 73 20
19490 16488 47 10 22034 22151 20 20
18433 19472 70 24 16418 22150 40 0
22035 16366 133 30 19531 20035 95 40
22732 19530 62 0 19474 18158 46 21
18846 19490 42 0 16418 22543 37 2
22150 20035 61 40 16488 22101 65 5
19531 22075 127 40 19530 22151 45 0
19491 19474 41 30 22034 18433 50 0
18158 18846 11 0 21319 16366 120 40
19472 22732 19 0 21908 22035 45 0
16488 22543 62 7 19491 19531 89 20
19474 21319 129 40 22151 22150 124 40
22075 18158 57 21 22101 19472 13 0
18846 18433 78 24 20035 22732 54 20
21908 19490 30 20 16366 19530 158 20
22035 22034 27 0 16418 21319 81 23
