22238 19388 151 28 20324 16465 29 20
16271 19916 94 5 11892 17986 22 0
16312 22127 132 32 18145 14447 44 2
18317 15052 138 45 10276 9944 143 48
19803 22158 42 10 18385 19762 78 23
20358 12585 51 3 11774 20357 39 0
11172 17593 111 3 14384 20865 102 40
20397 16465 79 20 22127 16271 105 5
22238 16312 109 48 10276 19916 188 51
18317 11892 60 20 19388 19803 108 3
17986 15052 52 0 22158 12585 37 10
19762 14384 116 40 20357 18145 58 23
14447 11774 58 2 11172 20397 193 45
18385 17593 126 28 9944 20358 98 20
20865 22127 110 5 11892 20324 9 0
16465 19803 74 0 10276 12585 111 29
19762 18317 109 28 16271 16312 114 27
22158 14447 65 13 20357 22238 59 20
11774 18385 131 35 15052 14384 97 40
19916 20324 41 28 17593 20397 60 2
9944 11172 150 35 19388 17986 93 7
20358 18145 45 20 20865 18317 130 20
16465 11892 99 0 16312 22158 85 37
19762 22238 107 23 22127 11774 117 20
14447 10276 114 26 17593 16271 43 3
19803 9944 83 5 20324 14384 54 23
12585 18385 98 28 18145 19388 86 20
15052 20358 44 0 19916 11172 190 65
20397 20357 23 0 17986 20865 68 20
16465 11774 64 20 17593 18317 107 23
14384 10276 161 46 22158 22127 65 5
12585 11892 47 0 19762 9944 78 0
18145 16271 94 43 15052 22238 149 30
20865 19916 93 20 14447 19803 69 3
20324 20357 40 3 18385 11172 206 60
19388 16312 180 47 20397 20358 20 0
17986 10276 127 26 16465 19762 69 23
