12600 2425 17 0 19954 9175 42 0
21582 2845 19 0 6433 7719 42 0
16716 18518 48 0 7017 14850 25 0
21584 19895 1 0 11619 13624 18 0
21582 2425 29 0 2845 12600 10 0
9175 7719 44 0 18518 7017 38 0
6433 11619 24 20 13624 16716 104 10
19895 19954 44 20 14850 21584 17 2
2425 7017 61 20 7719 21582 66 0
18518 11619 14 0 12600 6433 75 20
14850 19954 103 0 21584 13624 51 4
2845 19895 76 22 16716 9175 102 10
7017 6433 59 0 11619 2425 30 0
13624 14850 75 27 12600 7719 58 0
19954 18518 88 30 19895 21582 20 0
9175 21584 47 2 2845 16716 93 12
13624 12600 39 4 7719 7017 89 0
6433 21582 75 20 14850 19895 14 2
19954 11619 24 0 9175 2845 67 3
16716 21584 53 10 2425 18518 33 0
7017 12600 63 30 19895 6433 89 40
11619 9175 37 0 21582 14850 31 2
2425 2845 29 2 18518 13624 61 4
7719 16716 90 10 21584 19954 40 20
