11691 19920 96 24 19436 10601 107 44
21790 20881 117 25 10653 19250 77 12
21456 22364 45 0 15256 11861 77 23
20159 10474 58 7 14040 5411 11 0
8580 15357 119 27 11129 10062 123 20
22091 10297 73 30 15270 15182 166 43
10723 17401 105 23 13598 10615 150 34
8621 15814 75 10 21914 11940 110 28
11861 10653 43 2 10309 14040 77 20
20881 20159 64 5 10601 15256 166 48
11691 21456 94 0 21790 15357 111 24
10062 22091 59 30 10723 19436 74 23
8621 15182 135 27 19250 8580 102 34
10615 10297 99 44 21914 5411 18 0
15814 11129 130 10 19920 22364 80 20
11940 15270 131 58 17401 10474 41 13
15256 13598 90 25 10309 11691 107 40
22091 8580 84 33 10601 21790 155 40
10653 21914 40 5 15182 20159 85 20
20881 5411 68 5 15357 10723 121 45
22364 10615 88 24 10474 8621 77 23
10062 10309 119 40 17401 15814 29 10
11129 19436 90 20 13598 15270 116 48
19920 11940 142 29 11861 10297 80 40
19250 14040 47 3 21456 22091 154 23
11691 10474 115 25 8580 21914 128 50
10601 10062 108 20 5411 8621 43 20
10309 15270 135 28 22364 20881 75 23
10653 17401 41 2 10297 11129 108 36
10615 21790 172 53 15814 14040 35 10
20159 10723 64 22 21456 19920 159 44
11861 13598 80 45 15182 15357 94 25
15256 19436 78 20 19250 11940 54 5
5411 8580 124 23 15270 10653 111 25
11129 10309 174 36 10615 10601 140 27
10297 10723 129 43 22364 11691 85 27
8621 17401 66 20 22091 20159 30 12
15814 19250 69 10 10474 11861 86 23
14040 15256 42 20 15182 19920 149 44
19436 21914 69 20 20881 21456 109 23
11940 21790 133 5 13598 10062 79 40
15357 10601 85 24 22091 10653 113 12
