8894 9894 107 40 14921 19900 58 10
22498 21808 22 0 4348 5011 70 24
21325 20824 163 33 21341 12675 48 22
17176 4348 110 20 5011 14921 33 0
22498 19900 30 10 20824 12675 136 40
9894 21808 58 30 21341 17176 47 3
8894 14921 109 22 21325 22498 44 0
12675 5011 80 20 21341 9894 93 23
8894 20824 110 30 21808 17176 30 0
21325 21341 71 3 19900 4348 139 24
12675 22498 44 0 14921 21808 26 2
4348 8894 148 23 9894 20824 29 0
17176 5011 32 0 19900 21325 106 20
14921 22498 56 2 20824 21341 58 7
4348 12675 128 24 8894 17176 81 23
9894 19900 98 20 21808 21325 65 20
5011 21341 61 3 12675 8894 129 40
