18292 17214 40 0 7961 11965 59 22
4193 4194 87 20 3665 17560 33 5
18392 20378 4 2 7139 9579 81 24
11965 17560 54 0 17214 4194 56 0
4193 7139 136 24 7961 18392 35 12
3665 9579 37 0 20378 18292 27 0
17214 17560 2 0 7139 18392 116 24
4194 20378 24 2 18292 4193 80 20
11965 3665 10 0 7961 9579 82 22
4194 18292 95 20 18392 17214 5 0
9579 20378 50 22 17560 7961 46 22
3665 4193 48 0 11965 7139 87 20
4194 7961 69 20 9579 18392 47 0
17560 7139 85 20 18292 11965 70 0
17214 3665 54 20 20378 4193 45 2
7139 7961 167 44 17560 4194 12 0
9579 18292 44 0 4193 17214 36 20
18392 11965 18 3 20378 3665 78 7
