17111 18098 13 0 19952 20077 73 24
18857 16754 43 20 17116 17114 64 20
21627 20024 107 21 18139 17111 104 22
18857 19952 16 4 16754 21627 167 45
20077 17116 127 23 20024 18139 82 40
18139 17114 49 0 21627 18098 91 0
16754 17116 40 0 17111 19952 93 0
18098 17114 48 0 20024 18857 37 20
20077 21627 174 28 16754 20024 50 20
17114 18857 10 0 20077 17111 138 34
17116 18139 115 1 19952 18098 46 0
16754 18139 108 0 17111 18857 32 2
17114 20077 145 23 17116 21627 68 0
18098 20024 51 20 19952 16754 78 20
20024 19952 50 21 18857 20077 112 24
21627 17111 135 8 18098 17116 39 20
18139 19952 51 0 17114 16754 83 20
