9045 21330 98 28 21921 4745 31 0
6169 22539 8 2 16802 20039 69 0
18270 21607 111 50 9054 20040 18 0
21533 15226 42 20 20051 18227 196 70
16012 4745 25 0 22539 16802 38 0
18270 9054 127 30 9045 20039 33 0
6169 21607 27 23 21533 21330 164 24
18227 15226 52 20 16012 20040 37 0
21921 18270 135 30 20051 22539 33 2
21607 20039 58 20 9045 4745 32 0
21533 9054 27 0 16012 16802 94 20
20040 20051 6 0 21330 6169 105 31
18227 21921 150 35 15226 21607 42 20
21533 16012 37 0 4745 18270 135 30
16802 20040 42 0 9045 20051 20 0
20039 6169 20 0 15226 21921 34 0
22539 21330 110 34 18227 9054 142 5
20051 16012 32 0 21607 9045 45 20
20039 21921 16 0 20040 21533 35 0
4745 18227 197 25 9054 6169 19 2
21330 16802 112 20 15226 18270 110 5
22539 9045 64 10 21607 21533 61 40
