21611 11337 35 0 16234 22549 7 0
16401 22535 8 0 11379 11334 19 0
11333 11380 31 0 16235 16400 47 20
11332 11335 44 20 11336 11379 34 10
22549 11337 37 0 16400 11334 59 13
16234 11336 35 0 11333 16401 34 0
22535 21611 7 0 11332 11380 33 0
16235 16401 22 0 11335 16400 33 3
11332 21611 6 0 11337 11333 65 2
11380 22535 15 0 11336 22549 26 2
11334 16235 53 20 16234 11379 35 2
11335 11333 16 0 11337 22535 47 2
22549 16235 67 30 16401 11332 56 10
11334 16234 17 0 11380 11335 9 0
11379 16400 50 2 21611 11336 31 2
11337 11332 64 0 11380 16401 37 0
11336 11334 32 2 21611 16235 39 20
11335 11379 18 3 22549 11333 35 0
16400 16234 31 2 22535 11332 35 0
