11619 16716 121 25 21584 19895 49 40
2845 18518 93 25 7719 14850 133 45
12600 7017 105 25 6433 19954 121 0
9175 4997 66 2 3846 21477 26 0
7719 13624 118 5 2425 21584 52 20
14850 19954 144 49 6433 19895 13 5
12600 16716 196 55 21477 2845 56 10
3846 18518 53 20 7017 13624 169 20
4997 11619 39 20 9175 2425 153 40
12600 6433 145 45 16716 7719 213 50
21477 21584 33 0 7017 14850 169 30
18518 13624 106 20 9175 11619 67 40
2845 2425 142 45 19954 3846 62 20
19895 7017 92 45 4997 7719 103 25
14850 9175 130 30 11619 12600 100 20
16716 6433 150 45 3846 2425 84 40
19954 19895 144 44 13624 21477 89 25
21584 2845 67 25 18518 4997 70 20
2425 7017 118 20 14850 12600 102 25
21477 7719 100 30 11619 3846 50 20
13624 9175 99 0 6433 2845 130 25
4997 19954 64 29 18518 16716 153 25
21584 3846 43 20 19895 12600 134 45
2845 11619 81 25 7017 6433 123 45
13624 14850 98 20 16716 4997 41 0
7719 21584 125 25 19954 9175 51 5
19895 21477 35 20 2425 18518 118 20
