16601 7253 117 41 15182 10164 93 37
9819 8478 123 40 15078 15353 69 19
15486 19949 66 24 13748 17189 57 10
7252 15256 101 32 15206 11691 134 5
5559 7693 83 24 16808 16742 100 20
21766 17155 61 2 14739 16627 61 26
8688 14757 102 23 20252 7140 50 20
17181 7045 52 20 8580 17993 93 20
18954 12327 109 40 15404 16536 72 24
11691 15353 84 35 15486 7253 110 43
15206 15182 77 20 13748 7693 102 39
16601 9819 69 20 15256 21766 127 26
5559 10164 88 10 8688 15078 51 10
14739 14757 133 43 16742 7045 46 0
17155 20252 139 45 17993 16536 62 14
7140 18954 43 20 17181 19949 115 20
8478 16627 97 20 17189 15404 41 0
7252 12327 109 44 8580 16808 117 30
21766 13748 52 12 11691 5559 86 20
7693 8688 98 28 7045 16601 72 20
16536 15078 75 20 15182 14739 93 23
7140 17993 71 10 9819 7253 114 43
10164 17181 75 20 14757 17189 103 23
12327 16742 53 20 8478 15486 152 49
19949 15404 49 20 17155 7252 159 44
16808 15256 93 26 16627 18954 74 20
20252 8580 80 40 15353 15206 74 30
7045 11691 83 20 15182 9819 104 44
7253 8688 91 24 17181 21766 62 22
16536 17189 62 24 7140 5559 55 20
10164 13748 75 20 17155 12327 106 20
7252 17993 115 34 7693 15078 105 24
8478 15206 124 45 18954 14757 117 43
15404 15256 80 26 20252 16742 78 40
15353 16808 25 0 19949 14739 131 40
16627 15486 116 20 16601 8580 120 40
17189 15182 73 24 12327 8688 116 24
9819 17181 156 45 5559 17155 57 20
10164 11691 97 25 7693 8478 91 47
16536 13748 61 14 7045 7252 113 24
16742 18954 173 40 21766 15353 32 3
14739 7140 70 40 15256 15486 129 49
15078 20252 79 15 19949 16627 34 0
14757 8580 106 27 7253 15404 108 23
15206 16601 78 0 17993 16808 68 10
