15491 11902 41 2 13249 10528 41 2
17304 9362 20 0 20238 13263 22 4
13805 14905 79 22 17306 22014 32 30
9735 10861 15 2 16867 22856 9 2
19801 17481 7 0 10529 17307 36 2
4906 14145 57 3 14952 21711 14 3
10860 4897 19 3 4885 4886 111 10
20109 17480 15 2 15493 21713 10 0
21898 11004 33 3 21714 9381 7 0
22856 13263 17 0 14905 13249 33 3
22014 20238 13 2 9735 10529 34 2
4906 17304 45 0 17307 15491 42 3
11902 17306 17 0 17481 4885 52 0
21713 14145 20 2 10861 4886 54 0
9362 15493 55 0 19801 21714 19 0
14952 21898 24 3 4897 17480 25 3
11004 10528 21 3 16867 13805 66 22
20109 21711 30 10 10860 9381 32 3
13263 4906 81 2 11902 9735 12 0
13249 10529 10 3 17306 4886 28 5
21713 4885 56 0 22856 19801 12 0
4897 14905 10 2 21714 17304 7 0
13805 15493 50 20 10861 14952 6 2
10528 17307 52 4 9381 14145 24 5
22014 20109 19 10 11004 9362 38 3
15491 20238 31 2 17480 10860 34 3
17481 16867 34 2 21711 21898 25 5
4885 21714 70 20 13263 10529 35 4
4886 11902 25 0 15493 14905 20 10
22856 9381 18 3 4906 13805 73 0
13249 9735 28 2 17307 14952 68 1
17304 19801 13 0 10528 20109 18 2
9362 10861 45 2 17481 15491 40 3
22014 10860 19 0 21898 21713 84 5
17480 17306 12 3 11004 21711 51 3
20238 16867 23 5 14145 4897 24 5
4886 21714 80 33 9735 13805 50 20
14905 4885 85 25 10528 4906 101 29
9381 17481 29 23 17304 13249 6 3
13263 17307 20 2 15493 21898 39 4
17480 10861 58 2 11902 22014 26 0
17306 22856 17 0 20238 20109 18 3
16867 14952 21 5 19801 10860 8 0
10529 15491 38 4 14145 11004 40 2
21711 21713 29 2 9362 4897 25 3
