6547 14995 132 33 11908 17210 10 0
10173 21536 46 20 7095 18415 21 0
14213 7095 11 0 14959 6547 101 13
18415 21536 64 0 14213 14995 21 2
17210 10173 79 20 14959 11908 17 2
14995 11908 35 2 18415 14213 17 0
7095 14959 17 0 21536 6547 127 28
18415 10173 70 20 17210 6547 134 23
14213 14959 24 0 11908 10173 61 20
17210 14995 21 2 21536 7095 54 0
11908 14213 22 2 7095 17210 32 2
14995 18415 31 0 10173 14959 90 20
6547 11908 92 10 14995 21536 37 0
6547 7095 107 30 14959 18415 38 0
21536 17210 12 2 10173 14213 113 20
