124 17204 54 20 12382 13867 40 10
5283 10169 29 4 13234 10696 111 6
6942 16145 79 0 21361 7407 62 0
4137 8109 173 20 13847 9421 0 0
16938 4017 43 20 19506 8110 53 20
10169 12382 41 2 21361 5283 31 0
10696 13847 35 20 13867 16145 30 0
4017 7407 35 0 124 4137 102 0
8110 16938 19 0 8109 13234 58 2
6942 19506 35 0 9421 17204 52 0
21361 13867 54 0 4137 5283 143 20
13234 12382 33 15 13847 4017 51 0
17204 6942 70 24 16145 16938 86 34
9421 124 63 20 10169 8110 45 2
8109 19506 19 0 7407 10696 39 0
16938 13234 33 22 13867 4137 104 20
16145 9421 61 14 4017 5283 48 20
7407 13847 30 2 10169 17204 38 0
8109 21361 13 0 19506 124 68 0
10696 12382 10 7 8110 6942 47 2
13234 13867 56 20 7407 9421 74 2
5283 13847 26 2 16938 124 88 40
16145 4137 124 14 12382 19506 25 0
10696 8110 22 0 17204 21361 37 20
4017 10169 92 30 6942 8109 43 4
