11574 22940 160 30 7149 18432 264 25
14204 7244 203 71 14496 7172 276 70
19444 19332 85 20 16458 18438 280 90
6645 1002 136 40 7767 6417 135 26
3658 22683 164 10 9974 21159 139 28
16377 19458 230 48 18270 21618 174 50
21036 14010 92 0 5773 5026 188 25
10355 15972 226 64 6584 9864 215 63
5159 636 100 12 16290 14779 153 30
14436 10127 183 52 10391 3540 88 20
18840 16008 181 4 6220 18185 212 55
20914 21397 220 49 19207 17628 136 58
18438 22940 184 25 14204 7172 273 81
19458 11574 85 20 19332 1002 173 46
7244 21159 188 45 16458 18270 265 85
18432 14496 171 49 10355 7767 235 48
5159 5773 93 40 16377 3658 240 72
3540 9974 84 4 6645 15972 155 36
21036 14779 137 25 16008 19444 276 65
6584 19207 132 3 6220 6417 266 36
16290 9864 145 61 20914 14436 235 69
14010 10127 166 56 21618 7149 230 45
18840 10391 196 9 21397 636 272 82
5026 17628 111 23 22683 18185 215 55
7767 16377 280 66 22940 7244 210 80
21159 18432 65 9 18438 3540 254 45
19458 15972 267 64 16008 14204 185 56
14779 6584 63 20 21036 18270 215 50
19207 5773 102 3 7172 14436 219 45
6220 19444 186 45 9864 5159 149 60
20914 9974 169 32 18840 21618 166 20
6417 7149 169 41 19332 636 196 34
22683 10355 237 24 1002 14010 205 45
18185 16458 174 50 10391 14496 192 54
21397 6645 209 50 10127 5026 203 36
3658 17628 273 68 16290 11574 105 25
18438 6584 190 35 19458 14436 172 30
21159 5159 95 30 16008 7767 260 54
5773 18432 129 47 19444 18270 217 65
9864 14779 186 40 9974 19207 141 52
14010 20914 173 44 6417 22940 217 60
18185 16377 120 0 19332 6220 180 46
636 14496 271 62 1002 21036 213 62
21618 21397 156 70 7244 16458 274 85
14204 16290 195 41 5026 3540 68 10
17628 7172 209 68 15972 3658 221 76
6645 7149 177 40 10391 22683 122 25
10127 11574 141 36 10355 18840 169 31
18432 6584 142 44 14010 9974 217 44
18270 20914 240 74 14436 7767 167 29
22940 9864 270 60 18185 19458 178 45
16008 14496 188 57 21397 18438 267 100
636 5773 248 32 19332 3540 88 24
16458 6220 230 60 3658 14204 214 56
7149 5026 179 40 21159 19444 120 15
1002 17628 160 33 10127 16377 177 44
22683 21618 155 40 18840 7172 198 25
10391 14779 110 0 6417 15972 244 84
5159 6645 128 20 11574 7244 120 30
21036 19207 82 43 16290 10355 193 29
7767 19332 228 50 14010 21397 189 50
3658 6584 85 0 636 18185 251 38
9974 14204 246 44 19444 14436 226 35
18270 16008 229 78 7149 17628 121 43
22683 18438 215 65 10127 20914 238 72
5026 16458 184 65 5773 15972 252 69
18432 6220 160 50 14779 1002 261 53
21618 5159 202 40 22940 10355 234 72
16377 10391 232 56 18840 21036 114 25
19458 3540 214 50 7244 19207 154 60
7172 9864 203 56 6645 21159 109 25
16290 6417 153 45 11574 14496 213 59
636 18270 282 62 14204 14010 140 36
15972 19332 201 36 20914 22683 158 4
1002 3658 273 80 5026 21397 219 70
10355 7149 271 70 5773 6220 178 45
14436 18840 239 35 14779 22940 145 25
18185 19444 171 40 19207 7767 179 24
5159 7244 184 40 6584 10127 159 52
9974 11574 122 29 18438 14496 296 99
17628 21159 123 45 10391 19458 366 45
6645 6417 155 20 16458 18432 229 74
3540 21618 96 40 21036 9864 232 61
7172 16008 146 24 16377 16290 100 45
14436 14779 233 65 3658 14010 193 56
19207 18840 102 40 7149 14204 338 86
15972 22940 211 79 19444 1002 262 65
5026 18270 147 55 10355 9974 340 72
7767 10391 289 55 11574 6584 149 40
14496 19332 252 75 10127 21159 115 30
5773 18185 104 25 21618 6645 110 0
7244 636 174 44 20914 16008 239 76
6417 22683 210 69 9864 16377 230 72
18438 7172 278 85 6220 21036 139 40
17628 16458 227 47 3540 5159 76 40
19458 16290 196 50 18432 21397 202 49
3658 19444 216 44 6584 18840 103 0
19332 10391 121 26 22940 19207 90 43
21159 18185 231 45 15972 14010 179 60
9974 10127 193 40 5773 16008 139 33
16377 6645 172 36 10355 14204 229 48
5026 18438 244 50 636 6417 202 72
21618 6220 169 20 14496 17628 205 62
7244 14436 240 70 22683 18432 170 5
7172 1002 221 70 18270 5159 186 70
7767 16290 186 45 9864 7149 233 62
3540 21397 136 30 14779 11574 151 40
20914 16458 130 40 21036 19458 175 10
6584 19332 118 46 16008 6645 173 32
14204 10127 252 68 6417 18185 176 59
19207 15972 193 64 21618 18438 242 70
14436 10355 131 26 17628 636 182 44
14496 18840 250 74 5159 5026 134 20
1002 9974 234 69 16290 7244 176 65
9864 10391 137 40 18432 3658 34 20
21397 18270 266 94 22683 6220 182 45
21159 20914 87 5 14779 5773 129 45
3540 21036 130 0 22940 7149 237 65
19444 7767 179 28 7172 19458 264 80
11574 14010 136 20 16458 16377 204 58
16008 5026 190 44 14436 21618 72 0
18185 10355 180 52 7244 18438 277 90
18432 18840 199 44 17628 19332 143 49
18270 3658 241 94 14496 6645 236 45
9864 14204 193 60 1002 5773 147 32
21397 22940 223 75 6584 21159 123 50
19458 6417 298 78 5159 9974 170 44
7767 21036 177 52 15972 10127 232 64
7149 16458 257 65 7172 14779 82 25
11574 22683 118 25 636 19207 197 58
14010 16290 189 45 6220 10391 218 45
3540 19444 57 20 16377 20914 233 28
