15465 7643 307 79 8027 16607 126 24
15182 10723 128 23 6155 22313 165 50
21453 10062 109 20 10644 15301 227 50
15270 10309 114 43 5383 21672 186 54
21906 5292 79 23 5618 15815 178 54
14649 10601 162 34 11266 5384 81 45
19561 12845 222 74 19925 13702 203 61
8646 6494 187 44 10024 11244 149 46
7031 10477 149 51 10031 5386 75 25
10062 10309 155 40 15465 10723 148 40
22313 10644 189 55 8027 5292 125 43
15815 11266 93 20 6155 5383 103 20
14649 19561 213 54 7643 21672 225 68
8646 5384 161 44 12845 15301 108 25
5386 11244 180 59 21906 21453 101 20
10031 16607 110 24 6494 15270 156 48
10477 13702 205 45 5618 10024 142 51
10601 19925 124 23 15182 7031 135 0
15815 22313 162 43 10309 14649 85 3
7643 6155 136 69 5292 10062 64 20
21672 8027 170 50 12845 5386 145 55
11266 11244 165 43 15270 15465 162 49
10477 21906 161 29 16607 19561 200 64
10024 15182 116 47 10644 10031 166 50
10601 5383 141 44 21453 8646 132 45
15301 5618 107 0 19925 6494 130 8
13702 7031 199 58 10723 5384 128 47
22313 12845 95 45 11244 7643 267 71
5386 19561 209 44 10309 11266 122 25
15270 14649 124 34 15182 21906 146 47
15815 10644 196 48 10601 10477 131 31
10062 5618 150 40 8646 10031 90 29
15301 16607 133 20 7031 6155 97 40
5384 19925 88 23 21453 10024 121 43
5383 10723 122 47 8027 6494 162 47
13702 15465 217 63 21672 5292 167 31
11244 15815 217 51 19561 15182 167 46
22313 15270 151 49 10062 10601 147 44
11266 7643 169 64 10644 7031 203 51
16607 21453 132 40 12845 5618 90 24
10309 8027 167 28 21906 8646 163 48
5384 21672 140 51 6494 10477 185 38
15301 10031 82 20 5383 13702 175 60
5292 14649 50 10 10723 10024 159 43
19925 6155 149 40 5386 15465 169 50
7031 21453 174 40 19561 22313 193 56
5618 8027 209 55 11244 10601 130 27
16607 15182 81 20 5384 10309 100 28
7643 15301 135 24 10477 15270 130 34
10723 8646 131 40 21672 15815 201 54
6494 5386 184 58 13702 10062 122 10
6155 12845 137 45 14649 10644 160 50
10031 19925 131 47 5292 11266 114 20
10024 5383 149 30 15465 21906 158 50
