4169 21872 59 20 12513 22460 8 0
16494 20251 0 0 12265 10544 106 21
22459 15254 11 0 20085 5009 53 40
12094 20190 13 0 21339 20693 15 0
12513 21481 30 0 22092 20251 63 21
22460 22459 5 0 15254 12265 105 20
5009 21872 35 20 20693 10544 96 21
22092 12094 45 21 16494 20190 22 20
20085 4169 41 30 21339 21481 54 0
12513 20693 26 2 22459 12265 11 0
12094 10544 79 41 22460 22092 89 21
20190 20085 37 0 20251 4169 14 0
15254 21481 36 0 21872 21339 82 5
16494 12513 58 40 5009 22460 44 20
12094 4169 29 10 10544 22459 80 20
20693 22092 105 20 15254 20085 38 20
20251 21339 23 0 21872 16494 89 45
20190 12265 23 0 21481 5009 35 20
10544 22460 88 21 20085 22459 53 22
20693 15254 71 40 4169 16494 54 30
20251 5009 59 20 21481 12094 22 0
12265 21872 62 5 22092 20190 63 21
21339 16494 26 20 22459 12513 32 22
22460 20693 35 20 21481 20251 21 0
12265 20085 36 0 21872 12094 87 40
5009 22092 100 46 4169 21339 45 10
10544 15254 131 41 20190 12513 46 30
