22083 13032 39 20 21984 2867 44 0
5108 21225 159 55 10868 16939 61 2
21682 289 51 0 290 19950 26 3
11514 16713 74 24 21433 9856 78 20
7424 14690 132 40 18600 14963 55 20
16708 291 61 3 5481 2408 50 10
2866 12565 126 20 5108 22005 45 20
19950 10868 122 20 21984 9856 149 44
16713 18600 62 1 13032 21225 60 5
290 21433 13 0 2408 2867 37 0
14690 22005 91 20 291 21682 19 2
16939 5481 87 10 14963 2866 128 24
22083 16708 46 20 7424 11514 136 44
12565 2408 126 13 289 21225 110 29
2867 16713 35 0 5108 14690 149 44
19950 2866 78 23 291 13032 102 23
21984 16939 53 24 11514 21682 87 24
10868 290 84 20 12565 7424 88 23
18600 21433 23 1 5481 22083 107 39
22005 289 29 20 9856 16708 57 22
14963 21984 91 20 21225 291 79 23
2867 7424 89 20 2866 16713 73 24
16939 12565 2 1 19950 18600 31 1
21682 10868 116 20 16708 13032 59 20
5481 11514 140 34 22005 290 31 23
21433 14963 89 20 289 5108 48 20
22083 9856 142 20 14690 2408 95 24
16708 12565 63 2 16713 21984 57 24
21225 5481 132 35 21682 7424 96 20
18600 2867 45 20 22005 10868 99 20
2408 5108 68 0 11514 19950 86 24
9856 14963 65 20 13032 290 55 22
291 289 57 3 16939 22083 75 0
14690 21433 83 24 2866 21984 140 24
21225 19950 123 5 2867 16708 42 0
2408 16713 17 0 14963 21682 102 0
5108 291 49 23 9856 18600 72 1
289 2866 75 24 10868 11514 100 20
7424 22005 55 20 21433 16939 47 0
13032 5481 52 10 12565 14690 121 3
290 5108 65 24 16713 22083 82 0
