20719 17186 60 20 17653 11166 89 20
6934 12441 80 2 14237 20244 2 0
12365 15458 51 4 9533 16740 77 26
16139 4936 65 6 7149 9848 129 43
21480 21852 87 22 20205 6037 28 5
20719 20204 8 0 18241 12441 101 17
7149 14237 81 20 11166 15458 112 2
6934 9533 53 24 6037 16139 87 25
21480 20244 7 3 12365 20204 102 2
17653 18241 83 23 9848 20205 55 22
21852 16740 53 0 17186 4936 85 0
12365 7149 114 31 6934 20719 46 10
9533 20244 43 0 20205 11166 112 23
12441 17653 59 0 16139 21852 133 40
18241 6037 93 25 4936 15458 13 2
17186 9848 109 36 14237 21480 18 3
16740 7149 105 30 20204 17653 31 2
11166 16139 111 5 12365 18241 108 30
15458 20205 17 3 6934 17186 75 23
4936 21480 27 3 20244 20719 29 0
20204 14237 34 2 21852 9533 107 44
6037 9848 81 23 12441 16740 63 3
18241 17186 143 25 20244 7149 63 20
20204 11166 129 20 4936 6934 0 0
6037 12365 34 4 17653 14237 16 0
16139 20205 119 29 16740 20719 38 13
15458 9533 89 26 12441 21480 54 5
21852 12365 69 20 9848 6934 95 20
