11792 20223 60 20 20079 3900 76 20
16776 18429 59 2 18603 8645 19 2
4149 16011 71 10 22312 9820 143 42
16762 8468 97 20 21357 16564 113 48
13474 6549 21 3 19934 9821 38 10
16776 12578 100 3 4149 8509 38 10
8468 18429 73 0 20223 22312 210 49
9821 21357 54 30 11792 18603 44 20
8509 20079 172 20 6549 16762 59 26
8645 13474 96 35 3900 9820 35 0
12578 19934 10 0 16011 16564 155 45
4149 20223 120 30 18603 9821 4 0
22312 8645 163 55 6549 21357 76 30
16011 18429 114 41 13474 16762 43 20
16776 19934 33 3 8468 20079 186 40
16564 8509 127 20 9820 11792 84 10
16762 3900 18 0 12578 18603 47 0
19934 4149 72 10 18429 21357 50 21
8509 20223 64 0 8645 16011 152 61
12578 11792 20 0 13474 8468 111 20
9821 9820 22 0 20079 22312 161 26
16564 6549 140 31 3900 16776 13 2
11792 4149 65 10 8645 16762 108 45
18603 22312 131 35 8509 19934 28 0
9820 6549 80 37 18429 12578 26 1
3900 16011 50 21 8468 9821 125 20
21357 13474 56 20 20223 16776 76 20
20079 18603 54 20 16564 4149 55 0
