11248 8812 35 0 7350 14544 109 20
21995 16367 47 20 8816 6069 99 20
17746 11697 114 27 21807 19569 87 23
21226 18061 94 20 19747 14975 92 23
12116 10096 44 0 11304 7040 61 20
12601 10788 83 10 18671 12417 21 5
11697 21995 128 29 11248 16367 131 20
6069 8812 155 25 17746 18061 46 0
21226 21807 68 23 14544 12116 71 20
14975 8816 43 0 7040 10788 93 20
12601 7350 65 20 19747 11304 41 22
12417 19569 74 23 18671 10096 54 2
18061 12116 96 40 16367 17746 94 22
7040 21226 136 49 8812 21995 26 0
21807 11248 74 3 14975 12601 31 3
7350 18671 105 30 10096 8816 62 20
10788 14544 65 20 19569 19747 94 40
11304 12417 47 23 11697 6069 97 20
12116 17746 53 22 21995 12601 16 0
10096 16367 185 40 8812 21807 67 23
19569 7040 86 25 18061 7350 107 40
8816 19747 65 20 12417 11697 111 12
14544 18671 22 0 6069 14975 69 23
10788 11304 70 0 21226 11248 95 20
16367 8812 115 40 12601 19569 77 20
12417 21995 18 0 21807 18061 86 23
7350 14975 76 23 12116 11697 139 50
10096 6069 87 40 10788 21226 84 20
19747 11248 152 29 7040 18671 76 25
14544 17746 40 0 11304 8816 52 0
