16401 11337 39 0 11332 11379 14 0
11334 11336 19 0 16234 16235 22 0
11380 21611 0 0 16400 11333 32 0
11332 22549 21 0 16234 11335 4 0
21611 11333 10 0 11336 11337 34 2
11379 11380 23 0 16235 11335 37 20
16401 16400 13 0 22549 11334 18 0
11332 16234 56 10 21611 11379 8 0
11335 11336 15 2 11334 16400 14 0
11333 16235 65 30 22549 16401 44 10
11337 11332 31 2 11380 11334 3 0
11335 21611 8 0 11333 16401 46 10
22549 11379 28 10 11336 11380 11 0
16235 16400 28 4 11337 16234 76 4
11334 11332 19 10 11379 11333 52 10
11336 16234 41 2 16401 11380 24 0
11335 22549 24 0 11337 21611 46 4
16235 11379 29 20 16400 11332 35 10
