16180 10123 26 3 22090 16207 9 0
13337 8856 36 2 13092 11659 39 2
17206 8461 47 0 20323 22090 34 0
8461 20323 19 3 16180 13337 62 3
8856 17206 44 2 10123 16207 14 2
11659 10123 32 2 13092 8461 48 3
8856 13092 79 2 13337 17206 14 0
11659 22090 41 2 16180 20323 113 23
16207 16180 25 3 13337 10123 35 2
22090 8461 38 3 11659 8856 17 2
16207 13092 35 0 17206 20323 77 2
13337 11659 38 2 10123 17206 41 3
13092 16180 50 3 8856 22090 19 3
20323 16207 54 0 8461 11659 12 0
20323 13337 39 0 10123 8856 21 3
17206 13092 30 0 8461 16180 72 3
22090 13092 78 0 16207 13337 16 0
