19410 20056 72 9 5309 19768 145 48
19971 15830 74 8 10195 16072 48 2
13883 21360 44 0 22830 21502 75 25
18994 15707 156 54 21910 7989 103 20
12733 731 50 2 21869 8947 40 20
21490 19971 15 0 16250 13883 61 10
18994 20056 76 0 21360 10195 21 0
731 21910 76 20 19410 21502 116 34
19768 16250 62 13 15830 12733 119 3
16072 5309 183 32 15707 21869 78 25
7989 21490 102 43 8947 22830 49 20
21910 18994 111 44 16250 19971 52 20
10195 5309 107 20 731 13883 12 0
21869 19768 114 16 21490 21360 77 20
15830 22830 53 0 19410 15707 170 44
8947 7989 39 3 21502 16072 87 25
12733 21910 80 23 20056 13883 19 0
15707 21360 134 25 16250 731 35 20
21869 10195 37 0 7989 19410 104 25
21502 15830 140 25 20056 21490 50 20
8947 16072 28 0 18994 19768 184 36
22830 12733 45 0 19971 5309 93 32
16250 20056 51 0 7989 731 37 0
13883 21869 29 0 15830 18994 143 30
21360 8947 30 2 5309 21910 162 52
19768 21502 123 36 19971 15707 93 20
21490 19410 108 49 16072 12733 57 5
21910 10195 119 20 22830 16250 41 0
