406 5439 40 20 10588 5095 20 10
11203 5248 78 0 5119 7951 102 20
18118 3505 22 20 10106 6387 58 0
10588 5439 110 20 7951 11203 38 0
5095 6387 91 0 5248 10106 80 20
3505 5119 63 0 406 18118 52 20
10588 10106 21 2 7951 5248 77 3
18118 5095 51 10 5439 3505 53 20
11203 6387 83 0 5119 406 140 20
5248 10588 53 5 5439 18118 43 20
3505 406 81 0 11203 10106 66 0
6387 7951 106 23 5095 5119 118 20
406 11203 65 20 5248 18118 83 30
10106 5119 92 20 5095 5439 46 20
7951 10588 89 23 6387 3505 63 0
10106 5095 91 10 18118 11203 42 20
5119 5248 87 0 3505 10588 46 2
5439 7951 42 20 6387 406 48 2
