21663 13050 70 13 21666 22943 17 0
22079 18247 48 0 16276 21376 63 2
22330 15453 108 35 21419 21626 80 20
16688 16283 140 0 21516 21979 59 10
21666 21376 90 2 13050 22943 21 0
21663 15453 39 10 22330 22079 81 0
21419 18247 69 12 21979 16688 18 0
21626 16276 83 25 21516 16283 119 40
21376 22079 79 2 13050 22330 26 20
18247 21979 68 2 15453 21666 106 10
22943 16276 46 0 21626 16688 65 30
21419 21516 28 20 16283 21663 66 0
21376 13050 26 2 15453 21979 107 3
16688 21666 26 0 16276 22330 160 26
16283 21626 83 0 18247 21663 49 2
22943 21516 117 20 22079 21419 53 10
16276 16688 89 2 13050 15453 52 0
21979 21376 87 2 21626 21663 48 20
16283 21419 37 0 22079 21666 36 0
21516 22330 106 20 22943 18247 92 4
