11774 18317 87 20 19388 16271 94 3
14447 12585 6 3 22128 20397 35 3
20865 19916 21 0 10276 11172 152 28
22158 16465 70 3 20324 17986 62 0
20357 16312 17 0 19803 9944 48 0
15052 18145 52 10 17593 22238 40 20
14384 19762 62 20 20865 18385 83 20
22158 22128 25 6 19916 18317 75 24
20397 19803 26 0 16465 19388 72 3
10276 22238 75 5 16271 12585 64 5
19762 15052 79 40 16312 11774 82 22
11172 20357 102 25 17986 18145 17 0
20324 14384 59 20 14447 9944 32 3
17593 22158 29 3 18385 10276 50 23
20397 19388 34 3 15052 20865 54 20
19916 16465 78 2 22238 20357 25 3
16271 16312 71 22 14384 17986 64 40
14447 18385 48 23 18145 19803 45 10
9944 11774 16 3 11172 17593 114 28
18317 20324 66 20 12585 19762 11 0
16465 16271 53 3 22128 15052 118 23
18145 10276 69 13 20397 16312 47 20
20865 14447 27 3 20357 11774 43 3
12585 14384 71 20 11172 22158 68 20
17986 9944 56 20 18317 18385 92 40
19388 17593 45 0 19916 20324 32 0
22238 22128 68 3 19803 19762 44 20
20357 16271 63 5 22158 20397 1 0
16312 11172 96 20 18317 14447 68 23
18385 12585 39 20 11774 16465 84 3
9944 22128 59 3 19388 10276 89 23
20324 20865 22 0 18145 22238 47 10
14384 19916 78 40 15052 19803 50 0
17593 17986 69 40 19762 14447 33 3
10276 18317 107 23 16465 20357 45 5
16312 19388 31 0 22238 22158 40 3
15052 11172 91 0 18385 20324 29 20
11774 18145 58 10 22128 14384 65 23
9944 20397 62 0 19762 19916 55 20
19803 20865 51 0 16271 17593 42 2
12585 19388 60 3 17986 15052 13 0
