8971 20027 90 27 19366 18505 73 0
9864 12231 133 25 7193 22871 29 6
11329 22132 162 36 10755 17994 63 20
8971 20699 72 5 19854 9864 86 20
17994 22871 42 0 20027 10755 66 20
19366 11329 251 97 20699 7193 24 2
22132 19854 32 3 18505 12231 136 23
8971 7193 52 22 20027 17994 88 20
18505 22132 105 22 22871 20699 41 20
10755 9864 109 5 19854 19366 69 5
12231 22871 123 25 11329 8971 220 65
7193 10755 63 2 20699 18505 101 23
19854 12231 136 22 11329 20027 181 44
9864 19366 88 25 17994 22132 104 22
10755 20699 54 0 12231 8971 159 40
20027 18505 84 40 9864 11329 233 51
17994 19366 63 0 22871 19854 83 22
7193 20027 63 22 22132 8971 8 2
