22474 15006 83 32 15858 17015 63 0
14226 21745 23 0 21944 22690 30 2
3736 22473 1 0 3101 14725 46 20
516 22366 59 20 3830 16389 49 20
13093 3839 163 25 22365 22367 20 0
506 17115 39 0 22532 20012 78 23
17015 3736 85 20 17383 14226 27 0
22474 516 64 24 21944 14725 78 3
3101 22365 34 0 21745 15006 51 20
22532 506 42 0 16389 22690 32 0
22473 17115 39 0 22366 13093 97 0
20012 3830 104 43 3839 15858 49 0
17383 21944 29 3 22367 3101 125 20
22365 516 114 20 22532 17015 4 0
14226 15006 29 20 22366 506 52 0
13093 3736 87 0 20012 16389 77 23
3830 22473 31 0 22367 22474 2 0
22690 14725 62 20 17115 3839 66 0
21745 22532 4 0 17383 15858 10 0
22365 21944 39 3 3736 506 74 30
15006 20012 58 40 22473 516 104 20
17015 16389 57 0 3839 3101 87 0
22366 17383 44 0 22690 22474 34 0
15858 22367 9 0 14226 17115 39 0
14725 21745 83 20 3830 13093 90 0
3839 22532 43 0 15006 3736 84 32
16389 17383 36 0 22473 22365 19 0
3101 22474 33 0 506 14226 66 30
22690 15858 26 0 516 13093 204 44
22367 20012 73 26 21745 22366 3 0
17015 3830 92 0 17115 21944 28 2
22365 14226 35 0 14725 22532 104 20
