8272 19932 35 12 17012 12231 126 22
20689 6518 39 10 18638 22444 105 26
10621 4366 24 4 21931 13414 71 30
535 17012 39 20 11272 6518 155 40
8272 22444 128 24 21931 10621 71 12
13414 20689 72 20 12231 535 151 40
18638 11272 134 27 19932 4366 10 2
10621 8272 30 10 535 20689 50 20
12231 19932 105 22 6518 21931 87 10
22444 17012 48 0 13414 4366 59 2
18638 21931 29 12 535 11272 182 45
4366 20689 21 3 6518 19932 5 2
10621 13414 94 22 17012 18638 14 2
11272 22444 99 25 12231 8272 116 20
17012 21931 55 30 20689 18638 17 2
4366 12231 102 3 535 10621 26 2
6518 13414 28 0 11272 8272 97 35
19932 535 82 23 22444 10621 131 25
