21693 19502 158 40 21436 21479 43 20
14714 18140 90 20 12209 19572 96 20
17426 15661 17 0 19891 12218 30 20
16163 12209 51 15 19502 21479 135 50
12218 18140 156 40 19891 21693 45 10
21436 16163 14 0 17426 14714 19 3
15661 19502 114 32 19572 18140 151 48
21693 12218 98 20 16163 14714 14 0
12209 19891 37 20 19572 21436 109 20
21479 17426 73 0 18140 15661 114 22
19891 19572 76 20 16163 21693 37 10
19502 12209 180 55 12218 17426 49 2
14714 21436 32 0 15661 21479 71 22
19572 21693 126 23 12209 17426 81 28
18140 21436 104 20 12218 16163 79 20
21479 14714 37 0 19502 19891 170 30
15661 16163 26 0 21693 12209 176 25
