12167 21932 112 20 12791 21834 33 0
21965 22674 93 40 22287 19564 44 0
19990 21327 50 5 22077 21138 98 4
9511 14694 17 0 19567 22038 161 60
7172 15877 204 50 21474 22332 136 47
8114 11563 42 20 22673 21870 44 0
8130 21813 29 20 16756 20336 100 20
22287 21327 32 0 12791 19991 169 60
21834 22077 38 23 22038 22674 82 20
19567 22332 77 0 12167 19990 47 25
21138 19564 148 44 21870 15877 119 44
11563 20336 140 40 14694 7172 161 50
21474 16756 72 29 22673 21965 54 0
21932 8114 125 40 9511 21813 67 20
19991 19567 133 40 8130 22077 67 3
15877 22674 49 20 19990 12791 167 30
21834 21870 79 0 20336 22287 71 20
7172 22673 115 45 19564 12167 67 12
16756 9511 95 20 21327 11563 34 20
21138 22332 118 40 22038 21813 166 40
14694 8130 76 20 8114 21474 82 20
21965 15877 82 0 19991 21932 193 45
12791 19564 161 35 20336 19567 69 20
19990 7172 57 20 21870 9511 64 20
21327 22673 32 0 22332 21834 67 0
16756 22038 163 45 12167 8114 44 20
19991 21474 109 53 22674 21138 127 44
22077 14694 99 23 21813 21965 114 20
11563 22287 37 0 21932 8130 136 20
20336 9511 85 20 15877 22673 80 0
21870 19567 110 49 21834 16756 105 20
19564 22038 182 52 21474 19990 158 49
21138 12791 142 39 21965 7172 84 0
22332 8114 78 0 22077 22287 103 23
21813 12167 84 20 11563 19991 111 25
22674 21932 80 20 14694 21327 102 20
15877 21834 80 20 8130 19990 70 20
