16295 18649 11 0 7418 10899 87 20
9721 9622 15 10 3397 5741 170 45
8304 4946 127 45 18650 6731 53 20
22683 15081 105 20 21577 18351 46 0
18616 14251 2 0 16221 10899 113 40
5741 9622 62 25 8304 16295 65 0
18351 9721 53 0 4946 18649 44 0
6731 22683 70 0 18650 14251 54 20
15081 16221 74 20 3397 7418 85 0
4946 21577 32 5 5741 18616 81 25
10899 9721 64 30 22683 9622 99 20
7418 8304 57 0 14251 18351 65 20
6731 18649 31 0 18616 15081 46 0
18650 16295 30 30 16221 3397 186 40
21577 7418 43 0 9721 8304 37 0
9622 4946 54 5 14251 15081 32 0
18351 18650 100 30 16295 18616 19 0
16221 22683 80 40 18649 5741 75 30
10899 3397 87 20 6731 21577 81 40
14251 16295 12 0 15081 9721 38 0
7418 16221 81 20 22683 4946 88 20
18649 18650 68 20 9622 21577 18 0
5741 18351 143 20 10899 6731 56 0
3397 8304 93 20 18616 22683 3 0
