21813 19990 73 20 21834 19567 81 45
19564 11563 117 30 8114 22038 7 2
22674 22673 2 0 18738 22077 101 40
21474 22287 68 20 21813 21932 26 0
8114 21834 15 0 22038 22674 58 7
19990 19564 78 20 22077 21474 37 20
19567 11563 132 25 21932 22673 24 0
22287 22038 58 2 18738 19990 102 25
21932 22077 126 24 8114 21813 18 0
22674 19567 67 20 19564 22287 95 24
21834 18738 102 40 11563 21474 123 30
21932 19990 161 45 22673 8114 10 0
22077 22287 51 20 11563 21834 58 20
22673 18738 43 20 19564 21813 77 20
22038 19567 138 25 21474 22674 43 0
21932 21834 111 40 18738 19564 103 44
21474 8114 68 0 22287 22673 13 0
11563 21813 46 10 19990 22674 73 20
22077 22038 117 26 19567 21932 106 20
