18619 7477 15 0 2845 22012 77 4
12600 14431 86 25 13233 10276 107 43
7592 18145 152 36 19388 3101 142 43
4717 10022 127 0 22690 10650 198 35
14708 9214 52 40 16716 14725 210 65
14384 21477 165 40 10179 16484 92 20
10583 9986 98 45 13093 18172 193 39
7592 2845 223 66 10276 22012 131 44
18619 22690 118 30 14431 18145 55 20
10650 3101 142 50 14708 13233 105 43
10179 19388 123 43 16716 4717 69 25
21477 10583 92 40 7477 9214 57 20
10022 14384 161 20 14725 9986 143 30
16484 18172 135 20 13093 12600 174 35
14708 10650 142 50 18145 10276 108 40
13233 22690 99 5 2845 16716 105 40
14431 10179 160 70 3101 7477 76 40
14384 7592 181 56 10583 4717 38 4
18172 19388 112 8 16484 14725 209 50
9986 22012 105 44 12600 21477 91 40
18619 13093 98 32 10022 9214 112 40
18145 14708 94 40 2845 10179 174 60
10276 4717 65 20 3101 10583 136 25
18172 13233 103 25 14384 7477 109 20
7592 16484 143 56 22690 9986 127 39
16716 14431 108 45 21477 10022 94 40
14725 18619 152 50 12600 10650 185 55
9214 13093 196 32 22012 19388 132 43
4717 14384 112 20 7477 14708 71 20
16484 10583 157 40 13233 18145 54 0
3101 10022 163 44 18172 21477 97 10
9986 16716 86 20 10276 18619 94 25
10179 12600 141 45 9214 7592 219 56
10650 2845 204 60 19388 14431 98 23
14725 22690 255 75 22012 13093 162 52
10022 16484 138 20 10583 14708 109 40
21477 13233 104 40 4717 18619 99 45
7477 12600 103 20 18145 16716 125 45
9214 3101 158 40 9986 2845 125 52
22012 10179 184 70 10650 18172 169 30
19388 10276 139 24 22690 14384 178 40
13093 14725 216 62 14431 7592 159 41
