15703 18519 43 0 21321 10902 11 0
21346 7615 10 0 8295 13670 6 0
21233 4602 25 0 20316 20739 35 2
10973 4008 59 5 10518 20741 28 2
18519 21346 25 0 7615 15703 38 0
20316 21321 36 2 21233 10902 12 0
13670 20741 44 2 20739 10518 36 10
8295 4008 23 2 4602 10973 37 2
21233 20316 37 2 21346 15703 23 0
20741 20739 24 2 21321 7615 5 2
10518 10973 33 2 8295 18519 43 0
10902 13670 22 0 4602 4008 75 2
20739 21346 28 2 20741 20316 54 4
15703 21233 38 0 10973 8295 45 5
4008 13670 30 2 18519 21321 24 0
7615 10518 22 12 10902 4602 72 0
20316 15703 33 2 20741 8295 48 0
4008 18519 48 2 20739 21233 36 0
21346 21321 23 0 10518 4602 8 0
10973 10902 70 2 13670 7615 47 2
15703 8295 14 0 4008 20739 21 2
4602 20741 130 2 18519 21233 34 0
21321 10973 38 2 10902 21346 21 0
13670 10518 27 0 7615 20316 43 2
