22002 22281 2 0 22003 13669 104 35
17334 18436 75 10 4914 16087 63 34
16941 20390 0 0 22280 22279 45 0
17388 19976 123 21 14130 5320 65 10
6676 7423 54 0 14133 18387 16 0
11208 14423 85 27 22002 11349 22 20
16087 20390 4 0 5320 22281 38 0
16941 7423 49 10 18436 14130 63 0
18387 4914 6 0 19976 11208 29 0
13669 17388 125 45 6676 22279 36 0
14133 17334 105 20 14423 22280 29 0
22003 18387 16 0 11349 16087 50 20
20390 11208 34 5 7423 13669 77 0
22281 6676 56 2 19976 14423 81 44
22279 11349 28 0 4914 14133 44 20
5320 18436 37 0 22002 22280 15 0
17388 22003 92 21 17334 16941 76 2
13669 14130 145 54 14423 16087 65 20
20390 22002 17 3 19976 14133 51 9
22279 11208 61 15 18436 22003 47 0
7423 22280 43 20 17388 4914 63 41
22281 14130 62 20 18387 17334 68 10
11349 5320 184 23 16941 6676 25 0
16087 7423 33 20 22279 22002 35 0
18436 18387 50 0 20390 17388 51 5
22280 22003 34 0 14130 6676 35 0
11208 14133 67 25 22281 16941 69 2
17334 19976 114 24 11349 13669 149 55
14423 4914 78 28 5320 20390 41 5
