9800 14765 24 20 21528 15065 86 20
17305 20344 105 30 15033 9930 84 20
21510 10650 49 0 16249 21440 68 20
17288 22012 72 20 22378 5070 38 0
21527 15065 121 40 9277 14765 45 20
15033 21510 11 2 9800 21528 24 0
5070 10650 48 10 20344 22378 45 20
9277 22012 43 20 9930 16249 116 45
21440 17288 54 0 17305 21527 76 20
15065 14765 20 0 21510 20344 70 20
9930 9800 133 44 5070 16249 48 20
21527 21528 27 0 22012 17305 58 30
17288 15033 44 0 10650 9277 113 25
22378 9930 86 24 21440 15065 72 20
21528 16249 120 45 5070 21527 77 25
22012 10650 128 5 17305 21510 51 0
22378 21440 31 0 14765 15033 22 0
17288 9277 86 0 20344 9800 118 25
15065 5070 116 40 10650 21527 82 5
16249 17305 85 23 14765 22378 16 2
15033 21528 67 20 9930 17288 91 20
21440 20344 59 20 22012 9800 76 20
21510 5070 57 5 9277 17305 84 10
14765 9930 92 20 10650 17288 101 5
16249 22012 141 40 15065 15033 48 2
21527 22378 42 0 9800 21510 70 22
20344 9277 72 0 21528 21440 20 0
