13295 22069 40 2 6190 3537 106 22
21751 8793 49 23 11959 10293 68 20
8435 8791 89 20 21894 10455 43 15
15455 22068 118 30 19854 8578 86 21
22049 8149 82 26 22067 14954 58 3
21478 22066 55 40 13246 21945 61 23
21751 21894 22 12 3537 13295 97 24
6190 8578 92 23 8793 8435 54 23
14954 10293 49 0 22069 19854 42 2
11959 21478 95 40 8149 22066 51 3
22068 22049 60 14 21945 10455 71 23
15455 13246 80 23 8791 22067 65 23
8578 8435 99 24 14954 21751 68 20
21894 8793 57 23 22069 8149 72 25
19854 21945 111 20 6190 11959 68 23
10455 13295 54 23 22066 15455 86 20
8791 21478 66 20 3537 22049 135 27
22067 13246 19 3 10293 22068 56 21
21894 14954 34 0 21945 11959 118 44
8149 6190 162 26 15455 21751 27 0
10455 19854 46 3 21478 8793 76 22
8435 3537 134 20 10293 22067 19 3
22066 22069 53 20 8791 22068 130 31
8578 13295 111 41 22049 13246 50 3
14954 6190 97 27 10455 21478 53 23
21945 3537 121 20 8793 15455 86 20
22067 22066 55 3 19854 21894 23 0
22068 11959 94 11 13295 8435 28 1
13246 21751 8 3 22069 22049 75 4
10293 8149 97 3 8578 8791 124 21
