18990 4859 50 0 15592 4895 57 0
17461 19428 31 3 12366 19433 17 0
21856 19432 85 20 17512 19032 30 0
17251 17511 28 0 13825 13788 54 2
4894 4921 39 23 22329 10676 73 2
21856 4895 100 20 19432 19428 19 3
17461 13788 34 3 15592 19032 39 0
10676 12366 22 2 17511 18990 3 0
22329 4894 21 3 4859 17251 27 0
17512 19433 37 0 4921 13825 92 40
19432 15592 21 2 19428 10676 23 3
13788 22329 37 3 18990 21856 76 20
19032 17511 17 0 19433 4894 63 2
4921 4895 71 20 17251 17461 36 2
17512 13825 43 20 12366 4859 35 20
19433 10676 41 3 13788 21856 67 22
17251 18990 41 3 17461 19432 35 2
13825 12366 32 20 4894 15592 20 3
19428 4859 48 23 19032 4921 46 0
17511 22329 30 0 4895 17512 18 0
15592 17251 37 4 19433 21856 111 20
12366 19432 29 0 4921 13788 75 22
18990 17512 23 0 19428 4894 24 3
4859 22329 44 0 17511 17461 39 3
10676 19032 21 3 4895 13825 35 20
