8895 11539 54 20 5703 8905 22 20
6285 7525 60 19 14257 9027 82 22
5404 14186 75 20 17637 4982 57 10
13051 8895 22 20 9027 6285 25 0
5404 17637 40 10 5703 7525 90 24
14257 13051 23 11 11539 4982 33 0
14186 5703 110 45 6285 8905 10 3
14257 17637 18 10 13051 9027 31 20
14186 11539 107 25 8895 5404 48 20
4982 8905 41 1 7525 17637 28 4
14257 5703 43 1 14186 13051 66 20
7525 9027 110 29 8905 11539 37 3
4982 5404 28 0 8895 6285 35 0
11539 7525 66 5 9027 14186 55 0
6285 14257 50 1 5703 8895 25 20
13051 4982 25 0 8905 5404 32 3
17637 6285 33 10 11539 14257 21 3
9027 5703 9 0 4982 14186 104 20
7525 8895 138 45 17637 13051 8 0
8905 9027 14 3 5404 14257 28 3
