10191 8651 60 40 19846 14236 12 0
6273 20217 86 33 6704 8690 15 0
12390 10191 82 20 14627 14800 10 10
14800 12390 48 0 6273 8651 80 20
19846 14627 8 0 14236 8690 73 0
6704 19846 31 0 20217 12390 66 5
14627 8690 65 10 10191 6273 83 40
8651 14800 52 20 14236 6704 16 0
20217 6704 54 14 14800 10191 43 20
12390 14236 124 25 8690 20217 29 10
19846 8651 37 20 14627 6273 72 33
20217 19846 38 10 8651 14627 93 30
12390 6273 68 20 10191 14236 25 0
14800 6704 29 0 8690 19846 37 0
6273 14800 64 20 14627 20217 60 10
8690 10191 47 20 8651 12390 134 20
14236 14627 33 10 6704 6273 107 20
