18466 22994 92 22 6357 10320 69 40
16778 16194 94 20 16247 19819 147 40
21666 6165 166 29 11898 4943 30 0
21463 13216 101 30 21861 16177 36 0
10320 16247 73 14 19819 6357 147 45
6165 16778 129 25 21666 22994 29 2
4943 16177 53 2 18466 21861 94 45
11898 21463 47 0 16194 13216 127 30
19819 21666 18 0 6165 6357 230 50
22994 21861 43 22 16177 16247 32 3
13216 11898 113 5 18466 16778 123 65
10320 4943 74 0 16194 21463 61 0
16247 6357 48 14 16177 6165 200 20
21861 11898 41 0 16778 19819 240 50
16194 21666 14 0 13216 10320 140 25
4943 18466 125 45 22994 21463 81 22
6357 16177 44 22 16778 11898 103 25
6165 21861 43 5 10320 16194 17 0
21463 18466 83 25 16247 21666 48 0
19819 13216 112 10 4943 22994 84 22
