16508 13531 20 0 21091 21802 73 23
22252 12887 52 0 22412 21678 41 20
15909 16255 29 20 15600 18341 80 20
17755 12887 121 45 13531 21091 48 0
15600 16508 78 20 18341 22412 68 5
21802 17755 83 20 15909 22252 43 0
16255 22412 8 0 21678 13531 95 0
21091 15600 133 21 18341 22252 142 29
15909 16508 4 2 12887 16255 117 30
21678 21802 64 40 17755 18341 142 20
12887 13531 125 30 22252 15600 50 20
15909 21678 86 40 16508 21091 7 1
21802 22412 80 20 16255 17755 84 42
13531 18341 60 3 12887 15909 155 55
21091 21678 56 21 21802 15600 149 40
22252 17755 131 20 16255 16508 61 20
22412 21091 35 1 18341 15909 152 20
