11659 20298 55 2 13092 22090 110 10
22551 16180 97 25 10123 20323 60 12
18063 8856 76 20 13337 16207 40 20
20323 22551 100 5 13092 11659 36 0
22090 13337 58 20 16207 10123 34 2
16180 18063 118 45 8856 20298 87 22
16207 20323 129 10 13337 22551 52 20
16180 13092 113 45 8856 22090 83 0
10123 11659 56 22 18063 20298 107 22
8856 13337 68 2 22090 22551 47 0
20323 13092 175 65 18063 10123 100 22
20298 16207 53 2 16180 11659 127 45
22551 10123 65 2 22090 18063 113 0
16207 8856 27 20 11659 20323 142 15
13092 13337 94 30 20298 16180 76 2
10123 22090 60 2 20323 8856 40 2
20298 13092 76 2 22551 16207 27 0
11659 18063 87 40 13337 16180 115 20
