22854 22570 18 2 8327 22572 72 24
22466 17625 52 20 21803 21801 2 0
6584 22569 73 0 22575 22728 24 0
22573 17626 35 0 21741 21612 31 0
22568 22574 25 0 20327 21804 8 0
22571 17632 65 10 17627 22553 12 0
22728 22854 37 0 21801 17625 2 0
21612 22466 21 0 22570 22572 11 1
17626 22568 7 0 6584 22574 65 0
21803 20327 28 0 22569 22553 46 0
17627 22571 40 0 21804 22573 19 0
21741 22575 25 0 17632 8327 185 24
17626 22572 61 20 22568 22728 41 0
17625 22570 48 0 22553 6584 91 20
17627 21803 52 20 22574 21612 8 2
22575 22571 12 0 21741 22854 24 0
22569 21801 89 0 17632 21804 34 0
8327 22573 99 20 22466 20327 42 20
22553 21803 18 0 22572 6584 55 10
17625 17627 67 40 22575 17626 16 0
21801 21741 53 0 22574 22570 22 10
21612 21804 19 0 8327 22728 123 27
20327 22569 61 0 22571 22466 20 0
22573 17632 98 10 22854 22568 44 0
6584 21741 98 20 22572 17627 37 20
21804 22575 22 0 22570 21803 23 0
22574 8327 54 20 17625 22569 46 0
22571 21612 15 0 22568 21801 15 0
22854 22553 37 0 22466 17626 30 0
22728 17632 94 10 22573 20327 36 20
22572 21741 29 0 21804 17625 31 0
22570 22568 25 0 22569 17627 65 20
17626 8327 128 27 21803 22571 17 0
22728 22574 12 0 17632 22466 60 0
20327 6584 104 40 21612 22854 39 2
22553 22575 30 0 21801 22573 28 0
