22189 14568 86 23 22187 16736 97 0
6147 13085 71 33 22417 18200 22 4
18527 19415 119 40 21718 10435 90 32
14172 3609 97 24 10602 9974 115 48
6103 22189 74 40 14568 13085 171 45
18527 10435 215 56 6147 16736 95 37
22417 14172 76 28 21718 3609 8 3
18200 10602 85 20 9974 22187 155 44
13085 6103 90 24 10435 19415 187 56
22417 6147 67 11 14172 18527 149 44
21718 18200 53 30 22189 10602 86 21
3609 9974 133 28 14568 6103 98 29
19415 22187 79 40 16736 14172 176 44
10602 10435 157 32 22189 22417 38 0
13085 18527 107 0 14568 9974 82 15
19415 6147 67 30 3609 22187 76 20
16736 21718 102 27 18200 6103 53 14
9974 14172 174 44 18527 22189 112 20
19415 14568 168 40 10602 6147 69 0
18200 16736 115 20 3609 22417 22 3
22187 21718 106 23 10435 13085 110 48
6103 10602 132 34 6147 18527 50 10
9974 22189 89 4 22417 19415 65 20
10435 14568 227 57 14172 18200 69 24
16736 3609 59 24 13085 21718 88 23
22187 22417 96 21 6103 18527 91 34
