22360 22186 0 0 22324 12422 8 0
10392 22518 111 3 10393 8088 99 22
13334 9294 44 20 21464 20789 23 0
4995 3371 83 20 19167 3006 55 20
17522 8087 73 10 4780 22359 72 0
8721 22358 9 0 18898 15740 12 2
9295 13334 50 20 10392 22360 81 20
21464 22518 57 3 19167 22186 2 2
17522 12422 73 5 10393 4995 18 0
3006 22324 50 20 8721 4780 57 0
22359 18898 12 2 9294 3371 30 0
8088 20789 67 0 9295 15740 16 2
12422 8087 40 0 22358 19167 13 0
22360 21464 40 20 10393 4780 29 0
18898 10392 51 2 22324 17522 171 20
15740 9294 22 3 22186 3006 40 22
8721 9295 39 20 4995 22359 10 0
3371 20789 37 20 22518 8087 51 3
8088 22358 153 25 13334 17522 50 0
18898 21464 11 2 12422 10392 35 0
9295 19167 2 2 10393 22324 20 2
9294 22360 8 0 22518 8721 86 3
20789 3006 28 0 22358 22359 24 0
4780 3371 0 0 22186 13334 21 0
15740 8088 100 20 8087 4995 23 2
22360 19167 27 20 9294 17522 30 5
22518 18898 43 3 3006 9295 53 2
22186 10393 31 2 20789 8721 26 0
10392 4780 91 0 4995 22358 50 2
22359 13334 30 0 15740 12422 18 3
3371 22324 74 0 8088 21464 95 5
8087 10393 64 20 22360 18898 30 20
