16736 10435 135 10 6340 10198 28 20
14172 6103 69 20 20180 22189 35 2
18397 22187 34 20 9974 14568 144 23
18200 6666 21 0 22417 16651 22 0
20180 13085 36 20 6340 10435 97 30
6103 9974 109 40 16736 14568 21 20
16651 18200 13 0 22187 14172 48 20
22189 18397 66 25 6666 13085 54 3
22417 9974 116 33 10198 20180 42 40
16651 10435 108 30 6103 16736 135 40
14568 6666 97 3 14172 13085 108 20
22187 10198 54 40 6340 22189 8 2
18200 22417 65 21 18397 6103 111 20
10435 9974 117 32 16651 6666 42 3
13085 22187 58 0 10198 14172 72 40
16736 20180 67 20 18200 18397 113 20
14568 6340 101 0 22189 22417 11 0
13085 10198 15 2 16651 6103 52 20
6666 20180 71 23 22187 16736 93 40
14568 22189 134 40 10435 18200 91 5
14172 6340 87 20 9974 18397 184 48
13085 16736 92 20 22417 22187 46 21
10198 16651 76 20 20180 14568 103 40
6103 18200 22 0 6666 6340 90 3
9974 14172 136 43 10435 22417 130 41
22189 16651 61 20 18397 16736 137 40
