8284 15221 197 54 12305 4848 123 34
22513 22514 24 10 4849 12313 180 45
22087 15359 75 29 20776 12347 59 0
18908 22514 177 14 12305 6892 133 34
8284 4848 213 52 22087 22513 42 20
12313 12347 148 29 6892 20776 110 25
15359 4849 181 49 15221 18908 166 44
12313 20776 67 30 12305 8284 162 25
6892 18908 183 48 4848 22513 98 32
22087 12347 166 44 22514 15221 162 30
15359 6892 208 44 4849 8284 101 20
15221 4848 184 44 22514 20776 82 10
18908 4849 176 46 12313 22087 118 45
22513 12305 79 24 12347 15359 123 20
15221 22087 112 40 6892 12313 161 20
20776 12305 83 4 4849 22513 76 10
12347 22514 43 20 18908 8284 192 29
4848 12313 174 45 15359 12305 175 48
