14188 22181 107 45 7288 5962 72 40
7588 7290 148 49 22349 9205 24 0
21835 22350 20 0 15295 7000 125 40
22181 12591 48 30 8962 9205 67 23
22350 7588 34 6 14188 5962 112 25
7288 8962 83 3 22349 21835 52 20
7000 7290 114 45 12591 15295 22 0
22349 8962 88 30 9205 14188 93 40
7290 12591 21 0 22350 7288 83 20
22181 7000 77 40 15295 7588 123 44
21835 9205 60 20 5962 22350 55 20
15295 7288 77 25 8962 7588 148 38
5962 22349 87 40 12591 7000 85 20
14188 21835 110 20 7290 22181 38 0
5962 15295 80 40 7288 22349 61 20
7588 14188 168 44 12591 21835 40 2
8962 22181 98 25 22350 7290 48 25
9205 7288 80 45 7000 14188 157 40
7588 22349 155 44 22181 22350 11 0
7000 5962 138 40 7290 8962 110 18
9205 12591 50 30 21835 15295 37 20
