18527 8887 179 36 21311 13416 202 67
10185 19368 108 26 21948 16736 156 32
14568 22187 134 6 19415 14172 118 20
3738 13085 61 0 5126 9974 294 47
14375 10435 156 39 18397 6666 199 50
13186 6103 190 51 10602 18050 70 0
22187 21311 97 14 19368 14568 259 62
19415 18527 182 56 10185 9974 140 46
18397 8887 87 30 14172 3738 186 46
13085 16736 108 35 10435 13186 215 59
5126 18050 177 46 14375 21948 67 20
6666 13416 153 48 10602 6103 126 24
19368 3738 98 23 18527 14568 257 66
22187 10185 125 37 13085 18397 159 35
8887 16736 118 32 18050 14375 69 20
6103 6666 142 53 14172 9974 167 52
10435 10602 150 0 21948 21311 163 28
5126 13186 159 23 13416 19415 187 43
18050 13085 121 26 18397 18527 228 69
9974 6103 173 64 16736 22187 148 11
6666 14568 191 55 8887 21948 26 0
21311 14375 43 4 19415 13186 136 45
14172 19368 146 34 10602 5126 133 20
13416 3738 84 33 10185 10435 185 19
18527 18050 178 47 6666 22187 133 28
21948 19415 10 0 6103 13085 136 20
9974 8887 87 0 13186 19368 169 46
14568 14172 163 48 10435 13416 177 54
14375 10602 105 0 3738 10185 77 15
16736 18397 211 52 21311 5126 175 39
13186 21948 63 20 22187 18527 201 56
19368 19415 125 26 18050 10435 244 39
13416 14172 132 56 13085 14375 83 5
9974 10602 170 36 14568 18397 148 35
16736 21311 160 56 3738 6666 147 35
6103 5126 172 32 8887 10185 49 10
