14876 14126 51 23 3093 22168 41 0
22293 22167 52 24 6727 10428 31 1
3963 9044 7 0 12721 5627 140 20
14876 3093 38 30 10428 22167 32 6
9044 22293 28 0 22168 3963 55 20
5627 6727 112 0 12721 14126 66 28
22167 3093 69 30 9044 22168 47 0
6727 14126 86 6 3963 14876 54 20
10428 5627 87 3 22293 12721 50 5
6727 14876 50 20 3093 9044 46 0
22168 10428 67 23 5627 3963 86 0
22167 12721 60 25 14126 22293 81 8
5627 22168 82 20 3093 6727 40 10
12721 3963 71 0 22167 14876 108 40
14126 9044 91 11 22293 10428 41 2
