15830 13883 94 11 21443 21381 2 0
19403 15707 99 20 21836 18994 131 42
21502 3916 70 25 11424 7444 88 20
8947 18175 172 25 6078 7105 166 24
15707 13883 130 40 15830 19403 60 7
18994 3916 144 30 21381 21502 60 20
18175 7105 223 52 11424 21443 75 25
7444 21836 109 57 8947 6078 191 70
19403 18994 166 30 3916 15830 116 27
7105 21502 188 61 15707 18175 146 30
21836 21381 90 26 7444 21443 1 0
8947 11424 136 45 13883 6078 98 25
7105 15830 187 27 18994 21502 136 23
21381 7444 26 21 18175 19403 82 0
21443 15707 103 45 3916 8947 114 40
6078 21836 161 53 13883 11424 98 0
18175 7444 112 20 15830 18994 186 50
21443 8947 79 45 21502 19403 105 25
6078 11424 212 40 15707 21381 87 20
13883 21836 109 38 7105 3916 197 32
