22291 7643 66 9 10180 21687 89 20
14403 10309 30 5 19561 10601 124 25
15104 10484 131 35 10645 10615 134 12
21383 10202 16 0 10805 5386 50 0
15555 10297 101 22 14623 12603 61 20
10698 6134 65 4 9020 10779 6 0
10644 5289 121 39 10844 6155 50 5
10653 15399 12 2 12775 21672 95 29
9931 12722 97 40 16273 21860 25 12
7643 10309 66 20 10615 10805 104 20
12603 19561 125 40 15104 21383 121 42
10202 10297 4 2 10484 14403 23 0
6134 10601 112 30 15555 22291 92 24
9020 21687 33 0 15399 10644 43 7
12775 14623 89 20 10698 21860 32 2
6155 10645 56 0 5386 16273 90 10
10779 10844 17 0 21672 9931 118 49
5289 10180 99 5 10653 12722 35 0
14403 15555 84 40 7643 21383 126 44
10805 9020 36 20 10484 19561 73 20
6134 15104 122 48 10202 15399 32 0
10644 10601 83 10 14623 10645 87 44
22291 10779 90 20 12775 5386 102 9
16273 12603 21 2 10309 5289 111 14
21687 12722 87 20 21672 6155 201 54
10297 10698 56 10 9931 10180 78 20
10615 10844 93 25 21860 10653 65 2
10645 15399 80 20 10805 14403 12 0
5386 9020 79 15 7643 15104 164 60
10601 10484 68 20 10779 5289 92 20
19561 21672 135 48 15555 10202 36 0
10309 9931 101 40 14623 22291 128 44
21860 6155 99 37 12603 6134 59 24
21383 10653 38 2 21687 10698 25 0
10180 16273 97 7 10844 12775 32 2
12722 10615 92 45 10297 10644 93 27
15399 5386 70 25 5289 19561 144 35
10779 10645 76 35 10309 15555 82 10
21860 10805 34 4 22291 15104 137 59
12603 10653 47 20 10601 10202 70 10
21672 10698 131 29 16273 7643 137 27
10615 10180 83 25 6155 9020 105 25
10484 10644 89 10 9931 21383 76 40
21687 12775 78 2 10297 6134 35 2
14403 14623 123 44 12722 10844 60 22
