13141 20482 13 0 20483 22528 19 0
21988 8204 25 10 13552 21987 66 20
18871 22527 55 0 22419 12430 7 1
13542 22418 68 25 13140 13539 95 40
13142 8204 52 10 20483 20482 39 3
22528 18871 37 20 21988 22527 3 0
22419 13542 18 0 22418 13552 115 0
21987 13141 0 0 13142 13140 17 0
12430 20483 26 2 13539 21988 62 20
22418 22528 7 0 8204 18871 81 20
20482 13142 50 10 13140 22419 36 0
12430 13141 12 0 13542 13552 158 45
13539 22527 71 20 8204 21987 61 10
22419 21988 12 0 22528 13140 26 0
13542 13142 46 0 18871 12430 10 10
22527 13552 96 0 20482 13539 67 30
21987 22418 15 0 20483 13141 41 0
8204 22419 61 0 21988 13542 27 4
13552 13539 169 45 13142 22528 32 0
20482 21987 49 0 22418 18871 53 20
13140 20483 84 20 22527 12430 24 0
13539 8204 101 20 13141 22419 33 0
22528 13542 52 0 21987 13142 7 0
18871 13140 84 20 13552 20483 82 20
13141 21988 23 0 22527 20482 45 0
12430 22528 35 0 8204 22418 59 0
