12817 21850 16 0 15637 19967 151 20
12989 14872 58 0 15298 12016 218 30
22144 15811 242 48 11226 17182 0 0
21796 22646 41 0 19000 11567 77 0
20669 21957 74 0 14028 13146 132 40
21770 14029 96 2 17106 12363 40 0
21656 17019 157 40 12016 17056 177 25
17182 15298 87 0 21850 19000 51 0
11226 12817 21 0 13146 21796 87 25
17106 14028 68 20 22144 11567 184 56
21770 12989 51 3 22646 17056 53 0
15811 19967 88 20 21656 14029 208 45
15637 12363 223 45 21957 17019 65 25
20669 17106 47 0 14872 21796 52 0
21770 13146 30 3 19000 22144 78 28
11567 12016 177 25 15811 12817 56 25
22646 21850 59 2 12363 21656 99 25
17056 14028 71 0 17182 14872 51 0
14029 15637 219 35 12989 20669 32 10
19967 17019 130 22 15298 11226 97 0
19000 21656 40 0 21957 17106 61 0
11567 12363 160 25 13146 14872 82 20
12016 22144 183 57 20669 22646 60 0
12817 17182 44 2 17019 12989 71 30
15637 15298 162 20 15811 21770 53 2
17056 21957 22 0 19967 21796 0 0
14029 11226 120 20 21850 14028 38 0
17019 13146 112 40 22646 17106 53 2
17182 20669 21 0 11567 21770 81 3
12363 19000 62 0 17056 12817 13 2
14872 15637 177 50 11226 21656 50 2
21957 21850 45 0 12989 15811 111 30
21796 15298 106 20 14029 22144 151 28
14028 12016 191 45 19967 19000 49 22
