14318 16533 162 63 16236 14493 132 30
16532 5773 94 44 21376 6165 137 5
11099 11311 108 18 21316 7641 131 25
18247 20424 85 20 16778 17759 196 30
14473 16887 124 20 8872 8404 125 36
14525 12635 265 100 18254 18309 149 44
21316 16533 183 45 6165 7641 142 30
20424 14493 124 20 11311 16532 164 50
17759 16236 153 41 5773 8872 168 64
8404 14525 206 45 11099 18247 62 4
18309 16778 126 20 14473 21376 130 0
12635 18254 260 70 16887 14318 89 50
7641 8872 183 32 14493 5773 134 20
21316 14525 209 55 17759 16532 228 65
8404 16778 94 0 16533 6165 189 50
14318 11311 154 20 18309 16887 147 20
12635 16236 234 85 14473 18247 86 10
21376 18254 171 28 20424 11099 111 28
14525 6165 223 70 8872 14493 146 20
16778 21316 214 70 5773 14318 51 40
16532 14473 170 44 18247 16887 55 30
11099 18309 137 24 16533 20424 108 20
16236 18254 254 71 8404 11311 99 50
21376 17759 112 20 7641 12635 206 70
6165 14318 112 50 14525 14473 235 70
16887 11099 150 48 14493 16778 137 50
18254 8872 217 80 18247 21316 209 55
16532 18309 134 44 7641 16236 137 25
11311 21376 138 25 17759 16533 213 73
20424 5773 88 20 12635 8404 154 40
14318 18247 101 30 6165 11099 178 57
16778 7641 96 50 18254 14525 197 58
16887 21316 154 22 16236 21376 110 32
8872 12635 221 74 16533 16532 180 47
14493 17759 178 50 18309 8404 112 0
5773 14473 123 49 11311 20424 130 35
