10632 17121 30 0 5189 21352 40 2
5243 21879 65 10 13896 5188 6 0
13895 12115 102 20 3033 13893 62 10
5188 21879 84 0 17121 17329 22 0
5243 10632 23 0 13895 3033 34 0
13896 5189 30 2 13893 21352 16 2
21879 17329 117 20 10632 12115 101 20
3033 17121 93 20 13893 5188 13 0
17329 21352 4 0 13895 5243 34 10
5188 5189 32 10 12115 13896 64 23
13893 17329 41 10 21352 10632 24 0
5189 12115 109 23 17121 5243 28 11
13896 13895 10 3 21879 3033 125 20
13893 10632 98 10 5188 5243 30 10
17121 13896 38 3 17329 13895 10 0
21352 21879 53 0 3033 5189 112 23
12115 17121 127 23 10632 13896 35 13
17329 3033 58 20 5189 13893 40 3
21352 13895 6 0 12115 5188 120 20
5243 13893 13 0 21879 17121 86 3
