21962 18071 52 10 8080 22336 45 0
16335 4454 52 2 10064 9840 54 22
6455 16174 10 0 14785 22058 84 10
4454 18071 98 0 8790 16335 2 2
9840 8080 91 20 22058 16174 44 2
8790 21962 84 20 10064 6455 3 0
22336 16335 28 2 14785 16174 2 0
8790 8080 20 0 4454 9840 92 20
21962 10064 57 20 18071 22058 71 0
6455 14785 69 2 22336 4454 60 0
22058 8790 49 0 21962 16335 75 0
22336 14785 61 20 8080 10064 18 0
16174 9840 67 20 18071 6455 35 0
22058 22336 29 0 8790 4454 26 0
9840 18071 90 20 14785 21962 59 20
16335 10064 12 4 8080 6455 16 0
16174 8790 27 10 4454 21962 105 20
