21109 22954 50 0 22883 21096 24 0
21105 22933 35 0 22043 22916 32 20
21051 21055 2 0 13906 21100 94 20
21096 21109 36 0 21105 22916 0 0
21051 13906 60 3 22043 22883 44 0
21100 21055 82 23 22933 22954 48 0
22883 21051 17 0 22916 21096 32 2
22933 22043 10 0 21055 21109 49 20
13906 21105 48 23 22954 21100 125 23
21051 21096 44 0 22933 22883 54 0
21055 13906 89 23 21109 21105 54 2
21100 22043 114 43 22954 22916 75 10
22883 21055 59 0 21096 21105 24 2
22916 22933 25 2 22954 13906 84 0
22043 21109 44 22 21100 21051 80 20
22916 22883 52 2 21055 22933 64 20
21096 21100 105 28 13906 22043 105 40
21105 22954 51 10 21109 21051 67 3
