18483 14637 49 0 18484 21685 34 0
19592 18900 23 0 19736 21792 5 3
19738 19574 19 2 19739 19779 15 3
20485 21792 7 3 11719 19737 21 2
19779 19592 23 5 18900 21685 26 0
18484 19736 58 0 19574 11719 29 0
19739 19738 10 2 20485 14637 26 0
18483 19574 30 20 19737 19592 8 2
20485 19779 0 0 14637 19736 48 0
21685 18483 55 20 19738 21792 9 3
19737 18484 31 2 18900 19739 21 10
11719 20485 15 0 21685 19592 9 2
19736 19737 8 3 18484 19738 31 2
19739 11719 6 0 19779 18483 62 40
14637 19574 38 0 21792 18900 37 3
21685 19736 10 0 19737 19739 3 0
21792 19779 11 3 20485 18484 59 0
19592 11719 7 2 14637 19738 50 3
19574 18900 33 0 18483 20485 42 20
