22499 9342 14 0 9929 2923 103 20
10421 10836 113 40 17335 14683 75 10
12679 21333 112 4 12982 22441 60 22
10093 12868 61 20 11382 19168 91 27
10420 17335 73 20 14683 22499 87 15
9929 10836 145 20 10421 12679 97 20
22441 2923 8 2 10093 19168 111 30
11382 10420 73 20 12982 9342 78 20
12868 14683 133 35 21333 9929 83 20
12679 22441 37 6 17335 22499 47 0
11382 10093 38 22 10836 10420 143 40
19168 21333 88 14 9342 10421 54 20
12868 12982 112 20 17335 2923 62 20
10836 11382 72 23 22441 9929 99 22
12679 14683 109 15 9342 10093 9 0
2923 19168 55 20 21333 10420 81 20
12982 22499 51 20 10421 12868 88 40
9342 9929 58 20 10093 17335 167 20
2923 12679 32 0 14683 11382 61 18
22441 10421 26 2 10420 12868 148 40
19168 12982 135 40 22499 10836 114 20
21333 17335 153 24 12679 11382 34 10
