6037 16102 22 0 6934 18241 84 20
16139 21852 83 20 19735 22261 66 44
19735 21480 27 5 9533 16102 41 0
22261 18241 95 24 21480 9533 62 26
6934 16139 112 23 21852 6037 46 0
22261 9533 104 28 6037 19735 59 20
18241 21480 45 3 6934 21852 46 10
16139 6037 68 23 16102 21480 33 3
16102 18241 73 23 21852 22261 73 44
19735 6934 67 5 9533 16139 77 23
21480 22261 81 23 16102 6934 49 13
18241 6037 56 20 16139 19735 98 43
21852 16102 3 0 6037 9533 122 20
21480 6934 34 13 18241 19735 85 20
9533 21852 75 20 22261 16139 112 23
