6482 10031 59 1 21353 11999 25 0
11846 5385 37 20 10104 5980 63 3
15815 21789 59 20 11228 8027 147 30
17283 5292 74 6 21906 22154 71 23
22368 15547 17 3 22192 12845 45 30
15397 7792 6 0 10024 20348 42 3
13754 9087 35 20 5383 18975 82 30
5384 7772 48 24 20033 5980 82 2
21789 21353 12 2 5385 22154 48 20
22192 5292 33 20 8027 10104 130 40
15815 12845 85 40 10031 21906 60 23
20348 5383 69 24 15547 11999 10 2
5384 10024 66 20 9087 11228 153 45
18975 20033 75 0 22368 6482 38 0
11846 13754 47 0 17283 7792 74 22
7772 10104 45 3 15397 21789 19 0
22192 5383 78 40 21906 21353 28 5
5980 9087 140 33 12845 20348 27 20
15547 10024 28 3 5292 10031 87 24
22154 11228 166 45 7792 20033 34 4
7772 8027 67 23 22368 17283 36 20
15397 18975 9 2 15815 11846 95 30
5385 13754 68 20 6482 5384 61 20
11999 22192 47 23 5980 10024 80 13
20033 20348 59 3 5292 21789 23 0
10104 21906 117 23 11228 22368 72 40
21353 7792 25 2 9087 7772 70 23
8027 15397 156 27 13754 15547 6 5
12845 6482 60 20 5383 11846 85 24
11999 17283 78 22 5385 15815 59 0
10031 22154 29 0 18975 5384 45 20
5980 22368 61 23 7792 5292 63 23
10024 21353 63 23 20033 13754 48 4
9087 22192 78 45 21789 6482 41 20
11228 5385 59 30 7772 12845 46 23
10104 15815 95 40 15547 5384 31 23
11999 21906 68 25 18975 8027 117 25
5383 17283 129 44 10031 15397 19 3
22154 11846 48 20 20348 22192 28 3
