11781 20385 108 15 10464 17978 136 45
12569 12211 63 3 13020 16449 104 23
13172 9828 88 5 6298 14365 102 20
14279 21815 110 20 11580 6085 151 20
10117 12802 43 0 19778 4969 160 30
12211 13172 43 20 10464 12569 104 23
16449 20385 177 38 14279 9828 111 20
17978 14365 167 30 12802 6085 82 24
11781 21815 17 0 19778 6298 116 15
11580 13020 102 20 10117 4969 129 20
6085 12569 110 43 9828 12802 110 20
12211 19778 93 10 6298 14279 145 25
13020 21815 28 0 17978 13172 160 30
20385 10464 56 20 11580 10117 141 40
4969 16449 196 43 14365 11781 38 5
13172 13020 99 20 12802 14279 137 40
6298 10117 28 5 6085 17978 178 44
9828 11580 86 10 12211 11781 23 0
4969 10464 130 0 21815 16449 67 23
14365 19778 109 20 20385 12569 133 37
10117 6085 48 0 11781 13172 84 10
12802 6298 93 22 16449 11580 196 43
14365 20385 151 20 21815 12211 60 20
9828 10464 91 1 19778 13020 39 0
12569 14279 92 0 4969 17978 208 25
