15689 15379 10 2 20514 17302 75 20
11260 7172 126 45 14953 8969 43 0
16379 22250 202 45 21430 10448 51 20
14659 6382 133 40 17153 4104 46 3
21618 13022 76 2 18099 17973 4 0
21229 15755 169 52 22399 3746 81 26
14953 15677 16 2 5115 10448 94 20
17302 7172 120 25 16379 6382 184 47
4104 21430 58 0 15379 21618 71 12
15689 8969 36 0 22250 22399 24 0
17973 3746 56 20 17153 5115 56 21
20514 15677 72 22 13022 21229 112 45
11260 18099 89 37 15755 14659 39 0
17302 21618 65 2 14953 22250 12 0
17973 16379 112 25 4104 15689 80 0
6382 21430 133 25 3746 20514 109 20
10448 17153 148 23 8969 18099 14 0
22399 15379 35 2 13022 11260 183 60
7172 14659 145 45 21229 5115 165 50
15755 21618 79 4 15677 16379 157 47
8969 4104 34 0 3746 17302 72 20
20514 17153 89 2 22250 11260 101 35
22399 14953 46 0 21430 14659 96 29
13022 15689 58 20 7172 5115 133 35
10448 15755 42 22 21229 17973 139 50
18099 6382 88 20 15677 15379 57 5
21618 22399 82 2 17153 17302 43 2
5115 13022 38 0 8969 16379 101 15
10448 4104 79 20 7172 20514 143 25
18099 21229 214 50 21430 15689 61 0
15677 22250 57 4 14659 3746 117 45
11260 14953 43 25 6382 17973 114 40
15379 17153 56 5 15755 7172 148 30
5115 18099 30 0 4104 22399 38 2
14659 20514 139 20 21618 8969 77 2
17302 21430 76 25 17973 15677 36 2
16379 21229 290 90 15379 14953 22 2
3746 10448 107 20 15689 11260 115 60
22250 13022 80 0 6382 15755 69 0
