22703 11425 19 0 11341 13072 60 5
12977 17294 70 40 18698 22071 34 20
17338 11472 51 20 8565 14523 69 43
20838 16176 113 20 16405 18860 9 0
17802 22071 106 20 13072 18698 32 15
11425 11341 34 0 17338 12977 92 20
11472 16405 32 20 18860 22703 0 0
17294 16176 114 29 14523 17802 82 30
8565 17338 74 20 20838 13072 49 15
12977 18698 107 22 18860 11472 15 0
22703 17294 10 0 16176 11425 116 5
22071 11341 83 20 14523 20838 52 20
17802 12977 123 30 16405 8565 41 20
13072 17338 79 20 18860 17294 63 20
18698 14523 61 3 20838 22703 28 0
16405 11425 14 0 22071 8565 48 20
11472 11341 32 0 16176 17802 85 30
18860 17338 3 0 18698 22703 7 3
13072 14523 71 35 12977 16405 75 10
11425 20838 35 0 17802 11472 74 10
11341 8565 68 20 17294 22071 56 44
16176 16405 100 25 17338 18698 71 0
14523 18860 76 20 11425 17802 57 10
22703 12977 90 20 17294 20838 34 20
22071 13072 76 15 11472 16176 111 25
8565 18698 38 22 11341 18860 39 0
