16795 22675 53 2 22813 22472 17 2
19198 21936 118 35 22082 22030 45 25
22676 16321 87 20 16326 22533 47 20
14863 22740 112 40 9887 20799 92 0
22031 19198 51 20 16795 22813 101 0
16326 22472 30 0 21936 22533 204 60
22082 16321 48 20 9887 14863 90 0
22676 22031 35 0 22675 22740 56 0
22030 16326 64 0 20799 22813 29 0
22472 16795 124 23 14863 22082 25 0
22676 9887 76 0 22031 21936 130 55
22533 20799 98 21 22675 19198 35 0
16321 22030 130 45 22740 22472 26 2
22813 14863 30 0 21936 22676 148 35
19198 9887 98 10 22675 16326 19 0
22740 22533 96 20 22082 16795 55 0
22030 20799 75 20 22031 16321 120 44
22472 9887 73 13 19198 22676 49 0
22813 16326 33 0 22740 22082 97 20
22533 14863 54 0 22030 22031 75 25
16795 21936 182 30 16321 22675 79 24
20799 22082 86 0 22472 22676 51 2
