21726 19792 58 20 14841 21794 121 24
15884 18858 113 45 12777 18682 15 0
18815 14532 53 4 21535 21517 53 5
11665 18850 23 4 21787 20253 59 0
3050 16384 56 20 15889 17280 37 2
12991 21535 85 26 15569 21629 58 7
19792 18682 81 20 18815 21787 49 2
20253 17280 52 2 21726 15884 96 0
12777 18850 17 2 12991 14841 154 28
21629 11665 38 4 16384 14532 36 2
21794 18858 58 0 15889 21517 49 20
3050 18815 58 20 15569 12777 65 10
18682 15884 66 24 16384 21535 15 0
21517 12991 83 3 21787 21726 46 0
21794 20253 25 2 14532 3050 62 7
19792 17280 118 20 18858 18850 52 22
15569 15889 65 2 14841 11665 106 23
21629 21787 55 22 15884 3050 123 20
20253 12777 27 2 21517 19792 141 40
21794 16384 24 0 18850 15569 80 2
18682 15889 28 2 12991 14532 100 25
14841 21629 111 22 17280 18815 35 2
21535 21726 21 0 18858 11665 57 22
14532 15884 72 26 19792 15569 95 10
21517 14841 145 25 18682 3050 39 2
15889 21787 110 22 21535 12777 13 0
17280 12991 97 26 11665 21794 49 2
16384 18815 28 2 18858 20253 63 22
18850 18682 37 2 21726 21629 55 2
