16267 23146 82 40 16786 9747 178 48
11225 14825 139 30 19953 16449 236 57
21329 14525 315 76 20626 14706 172 58
18984 4133 129 23 16441 5898 101 10
12599 14481 223 64 9956 16158 260 95
15005 18139 170 35 15637 20277 251 70
4137 5470 161 40 18457 11511 165 55
14423 21225 171 62 8641 3763 168 59
18172 21503 154 25 14349 21058 203 44
23160 6832 31 20 5843 16461 213 50
5386 7393 164 24 21229 11047 186 75
12791 8644 224 65 19857 8651 105 25
16158 16267 272 90 4133 20626 146 48
18139 14706 263 54 16786 18984 74 20
5898 14481 254 70 20277 19953 101 20
23146 16441 129 10 8641 11511 119 30
14349 9747 168 43 14525 15637 291 100
21058 21329 133 63 16461 3763 245 84
11047 6832 162 45 11225 18172 166 47
12791 4137 190 55 21229 21503 199 75
23160 12599 255 69 8651 21225 163 35
14825 15005 175 27 7393 19857 205 45
5470 16449 189 32 5843 8644 269 100
18457 5386 216 66 9956 14423 159 48
19953 4133 235 23 23146 14706 201 44
14349 16461 81 20 18139 16441 177 50
8641 11047 199 75 21329 9747 138 43
4137 16158 255 74 18984 11225 100 45
21229 20626 230 80 11511 3763 236 79
21058 21225 212 64 19857 20277 95 25
16786 7393 114 20 14481 23160 175 45
5470 8651 144 40 5898 18172 168 20
14825 14423 156 38 15637 12791 266 95
14525 12599 309 99 5386 6832 54 4
16449 5843 244 82 9956 21503 236 90
18457 16267 197 75 15005 8644 178 40
14706 9747 203 70 3763 4137 91 28
19857 21229 168 75 16158 21329 258 63
11511 23146 162 40 14481 18984 156 0
7393 16441 210 55 5470 21225 170 40
15637 23160 231 50 18172 20626 101 20
20277 14825 156 30 6832 8651 76 20
5386 5843 293 77 21058 12791 152 25
12599 16449 275 81 14423 16267 177 62
11225 4133 125 24 8644 14349 255 86
9956 11047 240 65 19953 16786 170 40
16461 21503 172 51 15005 5898 218 45
14525 8641 207 79 18457 18139 174 45
16441 23160 143 50 14481 21329 230 27
16158 15637 239 55 14706 6832 162 40
3763 19857 191 44 23146 5843 180 40
18172 18984 169 24 14825 16267 136 5
4133 16449 191 40 21225 5386 222 62
14349 16786 166 56 12599 5470 242 69
11511 12791 119 50 11047 15005 196 30
21503 20277 97 45 18457 14525 255 85
20626 5898 178 44 14423 11225 131 23
8644 18139 210 55 21229 21058 142 20
9956 16461 150 48 4137 8641 197 30
8651 7393 92 5 9747 19953 170 43
5386 21329 138 27 23146 14825 162 30
16786 3763 201 60 18172 16449 221 52
19857 18984 131 45 15637 5470 175 45
14481 20277 150 44 12791 4133 78 48
16441 14525 154 29 11047 14423 279 62
5898 21229 198 50 23160 14706 197 59
11511 9956 254 75 21058 11225 208 50
16158 5843 239 85 8651 18457 172 45
19953 14349 247 56 15005 4137 160 24
21225 16461 199 62 16267 9747 192 71
8641 8644 207 60 20626 12599 194 64
6832 18139 85 15 7393 21503 177 30
20277 18172 186 44 14423 21329 134 51
11047 15637 181 50 5470 14481 156 45
11225 23146 112 20 21229 14525 231 80
3763 9956 136 34 4133 8651 108 4
16441 5386 199 54 15005 16786 107 20
18984 18457 255 60 16449 16461 157 40
12791 14706 185 45 16267 14349 241 89
5843 14825 227 68 5898 8641 166 45
9747 11511 261 68 23160 19857 195 40
16267 23146 82 40 16786 9747 178 48
11225 14825 139 30 19953 16449 236 57
21329 14525 315 76 20626 14706 172 58
18984 4133 129 23 16441 5898 101 10
12599 14481 223 64 9956 16158 260 95
15005 18139 170 35 15637 20277 251 70
4137 5470 161 40 18457 11511 165 55
14423 21225 171 62 8641 3763 168 59
18172 21503 154 25 14349 21058 203 44
23160 6832 31 20 5843 16461 213 50
5386 7393 164 24 21229 11047 186 75
12791 8644 224 65 19857 8651 105 25
16158 16267 272 90 4133 20626 146 48
18139 14706 263 54 16786 18984 74 20
5898 14481 254 70 20277 19953 101 20
23146 16441 129 10 8641 11511 119 30
14349 9747 168 43 14525 15637 291 100
21058 21329 133 63 16461 3763 245 84
11047 6832 162 45 11225 18172 166 47
12791 4137 190 55 21229 21503 199 75
23160 12599 255 69 8651 21225 163 35
14825 15005 175 27 7393 19857 205 45
5470 16449 189 32 5843 8644 269 100
18457 5386 216 66 9956 14423 159 48
19953 4133 235 23 23146 14706 201 44
14349 16461 81 20 18139 16441 177 50
8641 11047 199 75 21329 9747 138 43
4137 16158 255 74 18984 11225 100 45
21229 20626 230 80 11511 3763 236 79
21058 21225 212 64 19857 20277 95 25
16786 7393 114 20 14481 23160 175 45
5470 8651 144 40 5898 18172 168 20
14825 14423 156 38 15637 12791 266 95
14525 12599 309 99 5386 6832 54 4
16449 5843 244 82 9956 21503 236 90
18457 16267 197 75 15005 8644 178 40
14706 9747 203 70 3763 4137 91 28
19857 21229 168 75 16158 21329 258 63
11511 23146 162 40 14481 18984 156 0
7393 16441 210 55 5470 21225 170 40
15637 23160 231 50 18172 20626 101 20
20277 14825 156 30 6832 8651 76 20
5386 5843 293 77 21058 12791 152 25
12599 16449 275 81 14423 16267 177 62
11225 4133 125 24 8644 14349 255 86
9956 11047 240 65 19953 16786 170 40
16461 21503 172 51 15005 5898 218 45
14525 8641 207 79 18457 18139 174 45
16441 23160 143 50 14481 21329 230 27
16158 15637 239 55 14706 6832 162 40
3763 19857 191 44 23146 5843 180 40
18172 18984 169 24 14825 16267 136 5
4133 16449 191 40 21225 5386 222 62
14349 16786 166 56 12599 5470 242 69
11511 12791 119 50 11047 15005 196 30
21503 20277 97 45 18457 14525 255 85
20626 5898 178 44 14423 11225 131 23
8644 18139 210 55 21229 21058 142 20
9956 16461 150 48 4137 8641 197 30
8651 7393 92 5 9747 19953 170 43
5386 21329 138 27 23146 14825 162 30
16786 3763 201 60 18172 16449 221 52
19857 18984 131 45 15637 5470 175 45
14481 20277 150 44 12791 4133 78 48
16441 14525 154 29 11047 14423 279 62
5898 21229 198 50 23160 14706 197 59
11511 9956 254 75 21058 11225 208 50
16158 5843 239 85 8651 18457 172 45
19953 14349 247 56 15005 4137 160 24
21225 16461 199 62 16267 9747 192 71
8641 8644 207 60 20626 12599 194 64
6832 18139 85 15 7393 21503 177 30
20277 18172 186 44 14423 21329 134 51
11047 15637 181 50 5470 14481 156 45
11225 23146 112 20 21229 14525 231 80
3763 9956 136 34 4133 8651 108 4
16441 5386 199 54 15005 16786 107 20
18984 18457 255 60 16449 16461 157 40
12791 14706 185 45 16267 14349 241 89
5843 14825 227 68 5898 8641 166 45
9747 11511 261 68 23160 19857 195 40
21503 18139 116 35 8644 16158 238 65
6832 20626 78 24 21225 19953 155 60
4137 21058 149 28 7393 12599 251 54
18172 21229 196 74 14525 15005 227 70
8651 11225 129 29 16441 15637 128 17
16461 5470 203 47 14706 5386 199 59
21329 5898 185 47 16267 9956 247 80
20277 14349 144 56 16449 11511 269 65
18984 23160 94 20 14423 21503 143 52
9747 14481 110 28 5843 18139 138 5
12599 19953 256 69 3763 12791 232 69
4133 19857 83 24 6832 8641 116 30
8644 4137 134 49 14825 16786 155 47
20626 18457 136 44 21058 7393 198 54
21225 23146 154 35 11047 16158 181 75
16449 15637 242 48 16461 5898 177 47
8651 16267 103 30 21503 5470 156 25
9747 15005 186 63 11225 9956 257 79
19953 21229 241 75 5843 12599 239 89
19857 8641 149 20 14706 18172 132 19
21329 11511 145 62 4133 14525 226 68
16786 14423 135 24 6832 21058 163 40
14481 18457 258 88 14825 14349 218 64
23146 12791 153 35 8644 7393 132 50
16158 3763 248 79 20277 16441 114 35
23160 21225 173 50 18139 4137 172 22
18984 20626 109 44 5386 11047 212 50
14706 15005 252 84 16449 8651 186 52
11511 18172 117 29 16461 19953 217 27
14423 4133 146 43 5470 9747 209 43
16267 21058 172 49 8641 14481 176 69
7393 23146 211 45 14349 5898 181 60
6832 9956 175 65 12791 16441 210 55
16786 21229 147 35 15637 18457 266 71
21225 8644 253 90 21329 18984 183 47
20626 5843 256 74 4137 20277 158 24
3763 11225 258 73 21503 5386 135 47
14525 16158 201 80 23160 14825 178 40
12599 19857 227 65 18139 11047 142 50
5470 15005 219 55 23146 21058 42 0
7393 14423 178 48 4133 16461 131 26
9747 18457 241 71 16441 18172 147 24
8651 14349 163 45 18984 21229 214 65
5898 6832 90 20 11511 8644 105 45
14706 11225 212 43 5843 20277 142 20
14525 16786 208 65 21225 12791 245 75
16267 11047 167 65 3763 23160 169 24
8641 19953 117 50 5386 16158 194 47
18139 14825 174 37 20626 9956 228 74
21503 15637 253 85 21329 12599 254 76
4137 14481 168 40 16449 19857 239 52
