22746 11338 12 0 19886 16377 104 20
16597 11312 48 16 12563 12717 37 2
22563 20350 41 0 21448 13348 12 2
12717 16377 133 25 12820 12563 56 0
16597 20350 120 30 22563 22746 31 0
19886 11312 36 11 12820 21448 87 10
13348 16597 140 32 16377 11338 61 0
11312 12563 84 11 22563 19886 44 0
12717 12820 94 13 22746 13348 17 2
20350 21448 26 0 11338 16597 135 50
16377 22746 123 20 11312 22563 65 10
20350 12563 32 0 11338 12820 75 0
13348 12717 37 3 21448 19886 20 0
12820 11312 55 11 16597 22563 114 30
12717 19886 16 3 20350 16377 140 25
22746 21448 16 0 12563 13348 66 3
11338 22563 84 0 11312 12717 48 10
