14491 9879 266 68 19564 11347 52 20
8411 5105 131 20 7842 21830 124 31
12518 17423 90 34 16811 11542 107 40
21171 12611 190 50 21394 9934 137 35
21232 12791 220 48 20694 19459 117 30
20979 18208 58 26 1002 11161 149 13
11542 8411 116 20 9879 18664 160 52
21394 19564 94 20 12518 5105 122 35
9934 7842 131 35 11347 20694 60 3
21171 1002 200 48 14491 21830 77 34
12791 18664 206 65 11161 17423 50 2
20979 16811 57 3 12611 21232 269 85
18208 11542 112 43 19459 9934 56 12
12518 9879 237 84 1002 21830 114 27
17423 20694 57 22 19564 21171 180 41
18664 21394 95 0 7842 21232 242 66
16811 19459 87 22 8411 20979 191 43
12791 18208 213 68 5105 14491 161 35
12611 11161 222 50 11347 11542 78 20
19564 21232 202 56 9934 1002 225 47
21830 18664 40 2 20694 16811 115 20
20979 12518 151 40 7842 12791 190 54
5105 9879 153 35 17423 12611 179 51
11161 19459 74 22 21394 14491 124 29
8411 11347 117 20 18208 21171 169 61
11542 7842 147 29 21830 19564 43 23
5105 9934 118 30 18664 20979 117 43
12518 1002 262 73 19459 12611 151 52
21171 11347 141 0 16811 12791 182 65
17423 14491 120 35 21232 8411 157 46
20694 21394 142 32 9879 18208 150 44
9934 11161 118 10 21830 12518 124 40
19459 21171 66 13 18664 5105 90 23
12611 19564 185 60 12791 8411 123 20
11347 17423 65 3 1002 21394 174 45
14491 20979 153 55 11542 20694 107 45
11161 16811 116 30 9879 7842 66 13
21232 21830 155 41 18208 12518 161 60
