7961 7139 117 22 4194 4193 86 25
9579 3665 85 20 11965 18292 30 20
20378 17560 45 20 17214 3665 59 25
4193 11965 83 20 20378 4194 40 20
7961 9579 125 27 17560 17214 8 0
18292 7961 85 20 7139 17560 64 24
7139 18292 112 24 11965 17214 18 0
3665 20378 75 5 9579 4194 68 40
4194 17214 1 0 18292 4193 96 25
11965 20378 20 0 17560 7961 21 5
4193 3665 84 5 7139 9579 106 44
18292 9579 43 0 7961 20378 122 45
17560 11965 15 0 4193 7139 200 48
3665 4194 70 20 17214 7961 15 0
4194 7139 93 4 9579 17560 54 20
17214 4193 24 5 3665 18292 93 9
7139 11965 116 24 20378 17214 21 0
