19793 8380 58 14 20355 14129 45 4
18365 21303 42 20 1622 21239 95 6
14195 20422 30 0 15171 12499 113 20
20167 1622 45 0 14129 19793 55 3
8380 21303 13 0 14195 15171 148 25
20355 20167 84 20 12499 18365 51 0
19793 21239 138 37 20422 8380 43 20
12499 14195 35 0 18365 1622 50 10
20422 14129 48 0 21303 20355 40 24
15171 21239 132 40 20167 19793 36 13
12499 8380 69 0 21303 1622 32 0
14195 20355 66 20 21239 20167 116 0
14129 18365 48 10 15171 20422 87 20
20355 19793 125 30 21303 14195 12 0
1622 12499 43 0 14129 15171 56 20
18365 20422 15 10 8380 20167 19 0
12499 14129 20 0 21239 14195 103 25
1622 15171 105 25 20422 20355 59 24
19793 21303 45 10 20167 18365 37 10
21239 12499 120 20 8380 1622 54 0
