8610 13727 134 28 18108 750 28 4
11556 12808 100 0 19439 3965 42 0
4097 18119 92 20 3058 12000 25 0
18108 8610 123 31 19439 12808 118 0
13727 3058 0 0 3965 12000 25 0
750 18119 89 0 4097 11556 48 20
3058 3965 13 0 12808 8610 201 53
18119 11556 93 8 18108 13727 54 4
12000 19439 102 0 750 4097 27 0
12808 3965 108 0 18119 18108 86 24
3058 19439 71 0 13727 750 32 0
12000 4097 81 40 8610 11556 140 26
750 19439 71 30 3965 18119 65 5
13727 12000 42 20 12808 4097 134 20
11556 18108 111 26 8610 3058 141 31
