15089 13848 43 25 18925 15643 91 33
20696 4466 47 20 12566 8379 6 0
18524 4029 52 0 16368 11460 23 0
20340 20290 40 20 16369 17195 49 2
18925 19411 89 18 14666 20696 44 10
15643 8379 47 6 18524 11460 0 0
20340 4466 59 0 20290 15089 58 25
14666 19411 34 3 17195 4029 70 0
16368 12566 23 0 13848 16369 25 0
15643 20340 30 5 4466 18925 136 25
15089 17195 54 0 20696 18524 23 0
16369 12566 20 0 4029 16368 81 20
13848 20290 38 0 8379 14666 34 0
18925 11460 64 18 19411 4466 93 40
12566 17195 30 2 15643 16368 46 3
8379 20696 42 0 4029 20340 83 20
16369 15089 89 20 11460 14666 57 20
13848 19411 95 3 20290 18524 37 20
20696 16368 41 0 4466 15643 106 23
17195 18925 60 0 8379 16369 43 0
19411 20290 80 40 15089 12566 110 40
11460 4029 92 20 20340 13848 67 31
4466 18524 76 23 14666 16369 54 0
16368 8379 37 0 19411 15089 168 43
4029 15643 96 23 20290 18925 50 30
18524 14666 56 3 12566 20340 6 1
11460 13848 32 0 17195 20696 82 7
