17302 17300 90 20 21819 5196 78 0
13271 7224 61 0 21519 18793 42 2
18660 16975 3 0 13879 15755 29 10
8641 16629 77 25 17190 15289 5 2
13271 21818 22 0 21731 7224 57 0
5196 21519 3 0 13879 18660 37 0
18793 16975 13 2 17302 8641 92 20
21818 21731 26 0 16629 21819 49 2
17190 15755 46 0 17300 15289 46 22
8641 5196 77 20 21519 7224 30 2
16975 17302 55 0 18660 13271 38 2
21819 17190 27 0 18793 15755 39 2
17300 13879 6 0 16629 21731 53 2
15289 21519 12 2 21818 17302 34 0
21819 13271 19 0 17190 18660 36 0
7224 16975 33 3 16629 17300 55 22
15755 21818 53 0 8641 13879 69 22
15289 18793 20 3 5196 21731 55 0
7224 16629 73 2 17302 18660 40 2
21519 8641 113 23 17300 21819 61 24
15289 13879 44 5 18793 13271 36 2
5196 17190 67 0 16975 21818 33 0
21731 17302 25 0 15755 8641 112 25
13879 21819 28 0 7224 15289 9 4
18660 18793 25 0 21818 17300 61 20
15755 16629 64 2 13271 5196 72 0
21731 21519 20 3 16975 17190 106 0
