21091 8327 45 20 15600 10793 54 20
22553 21735 92 15 9164 22572 142 26
22569 18562 35 0 11140 15909 67 0
20327 22458 51 10 22372 22842 91 40
20746 22815 39 0 21837 21741 69 0
17755 16508 117 44 22854 17625 82 0
21802 17626 78 20 16388 6584 98 44
22466 22322 85 1 21704 22728 6 0
21827 12887 176 40 18341 21678 68 23
22252 15600 145 45 22413 20327 43 0
22458 22572 61 0 18562 21837 0 0
9164 22372 67 0 11140 20746 83 0
21802 16508 118 44 8327 22569 82 20
10793 15909 114 20 22854 22322 35 0
21827 17755 128 44 22728 21735 69 15
22413 6584 79 24 22815 22466 65 1
21741 16388 67 0 12887 22553 118 35
17625 22842 48 0 18341 22252 160 29
21678 21704 110 20 21091 17626 14 1
22569 20746 53 0 22854 20327 67 0
22372 8327 85 4 22572 15909 75 20
16508 9164 97 24 22815 21827 104 0
22322 11140 126 40 6584 21741 100 24
22842 15600 154 40 21735 12887 194 60
18341 22728 110 6 22458 21802 73 20
17625 21678 79 20 22466 22553 51 1
18562 10793 93 20 16388 21704 57 20
17626 22252 43 20 17755 21837 110 20
22322 21091 55 20 22569 22413 32 2
21741 15600 79 0 15909 21827 105 30
12887 22854 186 30 11140 22458 52 20
21735 21802 162 20 21678 22372 32 0
20327 22815 58 0 21704 22572 31 2
21837 18341 206 28 16508 16388 88 44
18562 22466 41 0 17626 8327 39 0
22728 22413 53 0 17625 9164 98 27
22842 6584 111 0 21091 17755 84 21
10793 22252 178 40 22553 20746 59 20
21704 22854 34 20 21802 21827 97 20
21678 16388 86 40 15600 22569 120 15
22815 18341 173 31 22322 18562 41 20
17626 22372 32 0 21741 22728 142 20
21837 20327 34 0 8327 9164 101 0
22553 11140 62 20 16508 22842 167 40
22458 22466 50 22 21735 10793 194 45
22572 21091 34 3 20746 17625 74 0
15909 22413 56 5 17755 12887 302 60
6584 22569 66 0 22252 22854 66 20
