5828 17600 53 20 22669 12765 20 0
20353 14996 93 0 20331 9433 81 40
7835 22670 51 3 9432 22343 50 0
20353 5828 65 20 17600 14996 114 24
9432 9433 89 20 22669 22343 16 0
7835 20331 86 0 12765 22670 63 3
9433 22669 52 22 17600 20353 72 20
22343 7835 17 0 20331 5828 107 20
14996 12765 107 25 22670 9432 93 0
9433 20353 85 20 5828 7835 51 4
22670 20331 118 23 9432 17600 40 0
22343 12765 11 0 14996 22669 67 24
20331 9432 84 0 9433 5828 67 4
17600 22669 52 25 7835 14996 93 24
22670 22343 44 3 12765 20353 124 20
