16426 5553 173 42 21523 11572 15 0
14134 22561 6 2 18410 18274 85 20
5044 18802 10 0 19668 19901 150 23
21810 21523 65 23 18410 10355 63 24
19901 18274 130 20 16426 19668 101 33
11572 22561 76 23 21810 5044 56 20
5553 10355 190 48 18802 14134 27 0
16426 18410 66 10 19668 5044 86 3
18274 22561 86 20 21523 18802 61 0
11572 21810 78 23 19901 14134 11 0
10355 19668 148 24 22561 5553 42 0
14134 21523 20 0 19901 5044 80 0
10355 18802 66 4 11572 18410 129 40
18274 16426 101 30 5553 21810 86 20
14134 11572 94 23 19668 21523 113 25
5044 16426 48 0 10355 18274 171 20
5553 19901 196 42 22561 18410 25 20
18802 19668 124 3 21810 16426 48 0
