21444 21788 20 0 22124 15091 8 0
21380 19653 20 2 16179 5921 44 0
21525 15046 25 0 9881 10789 49 0
19653 16179 9 0 21788 22124 6 0
15091 15046 65 0 5921 21525 39 0
21380 10789 21 2 21444 9881 42 0
22124 16179 18 0 15046 5921 54 10
21788 21525 27 2 21380 21444 32 3
9881 15091 83 20 10789 19653 37 0
5921 21444 50 0 16179 21525 27 0
19653 21788 12 3 15046 10789 47 10
9881 22124 71 0 15091 21380 50 22
21525 21444 0 0 19653 15046 34 0
5921 22124 33 0 21788 9881 75 2
10789 15091 49 20 16179 21380 39 2
