21829 20428 34 2 2901 4622 22 2
15333 731 35 22 11588 20766 35 0
5881 5795 45 0 11424 5064 182 54
21360 21840 113 22 10195 16072 61 0
14641 22289 0 0 6183 9990 46 20
5309 9993 78 35 20765 16461 79 1
16328 11424 122 20 7444 731 42 20
5064 21360 201 55 2901 15333 91 0
21840 6183 37 2 4622 5881 45 3
5309 10195 135 29 22289 21829 28 6
5795 20765 55 23 20428 14641 48 0
9993 11588 57 23 16328 16072 152 35
20766 7444 29 0 9990 16461 105 0
2901 6183 75 0 10195 731 60 20
22289 5064 92 25 20765 21840 16 2
21360 16328 135 40 20428 5309 52 4
21829 11424 68 0 20766 9993 33 3
11588 4622 40 23 5795 9990 60 20
14641 7444 40 21 15333 5881 14 0
16072 20428 80 25 16461 22289 81 0
11424 2901 157 44 21840 5309 97 31
9993 9990 12 3 731 21360 135 40
5881 16328 88 0 10195 20766 24 0
16072 15333 88 2 21829 5795 107 30
20765 11588 33 0 7444 6183 43 20
16461 4622 81 3 5064 14641 133 35
5881 22289 5 0 9993 2901 45 20
9990 10195 47 0 20428 11424 106 20
5795 20766 144 45 6183 21360 91 40
731 21840 115 22 14641 21829 36 0
4622 15333 27 3 16328 20765 91 20
5064 16072 127 25 7444 5309 82 28
16461 2901 135 1 11588 10195 34 0
