20061 8740 37 2 16374 17063 51 6
15076 20423 65 2 20065 20060 58 20
8741 15236 75 10 20063 20066 20 0
6175 8898 48 10 20062 6962 37 0
20064 20060 45 0 7438 20061 28 20
20423 15236 26 2 8740 15076 61 4
20062 20063 24 0 17063 20065 22 2
7438 8898 31 10 20066 6175 14 0
6962 16374 52 4 20064 8741 17 0
15076 20063 32 0 20062 20061 81 20
17063 7438 35 2 8898 20423 10 2
20066 6962 15 0 16374 20060 97 20
8740 20065 33 2 6175 20064 26 2
15236 20062 11 0 8741 7438 11 0
20061 20066 33 20 6962 20423 20 2
20063 17063 12 0 20064 15076 42 4
8898 8741 56 20 20060 8740 87 22
6175 20065 28 0 15236 16374 71 6
20066 20064 26 2 20062 15076 46 2
6962 7438 11 0 20063 8740 27 2
20060 17063 72 2 15236 6175 49 20
20061 8741 50 20 20065 8898 28 10
16374 20062 21 0 20423 20063 6 3
