10106 7951 124 23 406 10588 93 0
5439 14867 97 40 5119 3505 65 20
5248 3591 99 42 5118 6387 46 0
3505 10588 44 0 5439 406 125 40
14867 5248 120 40 10106 5118 34 0
5119 7951 101 28 6387 3591 48 20
5118 5248 146 20 10588 5439 59 0
3591 5119 130 47 10106 3505 88 40
6387 406 118 25 7951 14867 102 43
10588 5119 34 0 5248 10106 50 0
3591 5439 59 42 14867 406 91 20
3505 6387 62 0 7951 5118 120 23
3591 14867 77 40 10588 5248 77 20
406 7951 48 0 5119 5118 63 5
6387 10106 88 0 3505 5439 95 20
5118 10588 18 0 14867 5119 85 25
5439 10106 108 20 7951 3591 134 42
406 3505 76 5 5248 6387 60 20
