11319 5488 66 22 21437 22282 84 40
10353 16564 98 46 16468 8393 230 59
22284 20153 177 37 20152 11208 113 24
8730 18284 140 45 12308 16011 106 23
13669 7423 120 20 12792 22312 194 50
22285 20094 32 20 22283 14133 49 3
11208 16087 78 20 118 21437 59 20
8730 22284 54 22 5488 10353 70 1
11319 12308 8 2 20152 16564 223 51
22312 22283 167 25 18284 16468 151 39
16011 13669 149 32 14133 22282 71 1
12792 118 100 26 20153 22285 140 32
8393 7423 188 50 16087 20094 62 20
20152 21437 149 44 16468 8730 202 59
22283 12308 69 11 11208 5488 62 20
14133 16564 112 44 22284 12792 121 28
10353 22285 28 1 16087 13669 67 0
22282 18284 104 20 7423 118 99 20
8393 22312 267 75 20153 11319 189 56
16011 20152 177 48 20094 12792 133 35
16468 22284 136 38 13669 12308 183 39
22282 16087 29 20 16564 22283 120 29
8393 14133 179 46 118 8730 54 20
20094 21437 58 12 22312 10353 108 20
11319 11208 76 40 18284 22285 115 20
20153 7423 256 57 5488 16011 30 1
22283 20152 93 26 13669 8393 190 42
10353 12792 139 4 12308 22282 83 23
118 20094 35 0 16468 11319 184 39
16564 11208 30 0 7423 8730 139 22
22312 16087 1 0 16011 22284 82 26
21437 18284 113 25 14133 20153 205 57
5488 16468 103 9 22285 20152 105 24
