19228 6133 162 35 4537 10464 123 40
22778 11225 105 15 18834 22502 26 20
14727 8417 82 5 7209 18865 135 44
20694 21623 107 20 19989 14709 57 20
19841 18208 87 3 4444 16515 119 5
8719 7842 113 12 11582 5040 171 2
18834 11225 127 27 14727 19228 30 3
18865 22778 75 20 14709 10464 79 1
18208 7209 105 24 20694 6133 212 65
4537 5040 168 40 19989 19841 103 3
8417 16515 58 0 8719 11582 157 42
7842 4444 111 24 22502 21623 10 0
18865 14709 58 20 19228 18208 90 23
10464 7209 132 44 19841 11225 143 3
22778 8719 97 15 4537 20694 128 45
11582 21623 54 2 6133 18834 143 28
16515 14727 40 3 7842 19989 149 24
4444 22502 34 0 5040 8417 163 20
8719 20694 142 10 19841 18865 115 23
7209 19228 39 0 21623 22778 28 0
14709 7842 96 29 11225 4537 156 49
6133 16515 135 35 5040 22502 162 40
18208 19989 52 0 8417 18834 69 2
10464 14727 63 21 11582 4444 70 2
21623 4537 54 0 11225 18865 159 45
22502 7209 60 20 14709 8719 207 45
6133 19841 172 38 7842 8417 138 49
20694 18834 147 37 16515 10464 68 1
5040 14727 139 22 22778 18208 83 13
19989 11582 89 0 4444 19228 48 15
