10528 9381 61 23 15491 15662 28 0
11902 9735 55 30 17306 9362 101 44
20238 22014 60 40 14952 21714 73 3
19801 17304 42 5 17481 4897 40 0
10860 15493 78 40 4906 10529 86 30
21713 21898 32 4 22856 16867 40 10
20109 17307 2 0 11004 13249 74 20
13805 10861 98 20 17480 21711 4 3
4885 13263 108 0 4886 14145 106 20
17304 15663 23 20 14905 15491 62 20
19801 11902 70 23 9381 14952 42 23
21713 10528 38 3 9362 21714 50 3
11004 9735 69 20 16867 15493 67 40
15662 17481 38 3 4906 21711 114 22
10861 4886 143 35 20109 22014 48 20
17306 22856 9 0 10860 17480 50 40
21898 17307 49 3 20238 14145 28 0
15663 10529 19 2 13805 4885 139 40
13249 14905 3 0 13263 4897 60 20
21713 4906 88 24 11902 11004 46 11
17481 16867 48 20 9381 4886 161 35
21714 10860 52 23 10861 17304 62 40
14145 14952 23 13 22856 10528 20 3
22014 17480 9 0 4885 9735 105 25
13805 19801 173 5 17307 14905 21 3
9362 15491 78 20 15493 13263 40 0
21711 20238 48 3 10529 17306 37 2
4897 20109 12 0 21898 15662 22 5
15663 4886 95 12 21714 13249 53 23
11004 14145 148 30 17480 9381 123 40
22856 10861 34 0 9735 4906 80 20
10528 15493 55 23 11902 13805 30 0
17307 21711 14 3 17304 21713 66 23
10529 16867 26 2 22014 4897 12 0
13263 14952 69 3 21898 10860 24 3
13249 20238 30 20 15491 19801 116 30
20109 17481 45 0 15663 17306 31 20
15662 4885 72 15 14905 9362 65 10
21714 11902 36 5 21711 22856 26 3
4897 17480 28 2 15493 21713 52 23
9381 13805 93 35 9735 17304 49 20
13249 10860 31 2 10528 22014 29 3
14952 10529 49 2 17307 17481 13 0
13263 20238 16 0 16867 20109 17 0
17306 15491 55 20 4906 4885 136 50
14905 11004 84 20 10861 21898 26 3
9362 19801 146 29 14145 15663 16 3
4886 21713 118 10 15662 11902 14 5
