5445 11834 53 27 15201 7880 71 30
6420 5094 75 43 6252 19715 98 30
7247 14736 130 40 10383 9968 120 0
13206 7880 75 10 6661 22046 76 40
6252 11834 92 20 7247 19715 89 30
9968 6661 70 20 6420 5445 28 3
13206 15201 109 20 14736 5094 113 47
19715 10383 125 30 22046 9968 55 0
14736 15201 34 0 6252 6661 97 20
5445 22046 48 3 5094 7247 123 47
10383 13206 177 45 11834 6420 51 20
5094 6252 165 32 7880 9968 53 10
10383 22046 97 20 6661 15201 82 40
7247 5445 48 23 19715 13206 101 30
11834 7880 36 0 6420 14736 53 20
6252 10383 132 5 5445 13206 49 2
6661 14736 118 40 19715 5094 91 37
15201 7247 99 20 7880 6420 43 10
9968 6252 149 25 22046 11834 51 20
7880 19715 64 20 15201 10383 127 20
22046 6420 62 20 14736 5445 83 23
5094 6661 77 27 11834 7247 100 20
9968 15201 76 20 13206 6252 108 20
