6371 9220 10 0 22082 16326 48 0
8472 7834 40 0 9887 22472 111 50
22675 16321 61 5 6373 22676 113 24
7460 20799 139 23 22031 14863 44 3
22342 6372 55 20 21936 18819 138 39
8039 22740 88 24 19198 18395 32 20
22813 16795 82 1 22533 22030 69 34
9220 9887 104 27 6371 6373 69 20
22676 22082 38 0 22472 20799 85 20
7834 18819 10 4 22675 7460 100 23
22031 8472 21 0 22342 19198 119 20
16326 22533 69 20 8039 21936 78 24
22030 18395 55 5 6372 16321 128 24
14863 22813 58 25 16795 22740 72 24
7834 22675 15 4 20799 9220 44 5
7460 22676 94 23 22342 6371 95 20
22082 19198 94 20 9887 21936 163 39
22030 18819 122 28 8039 22472 77 20
16795 6372 40 20 22740 8472 129 40
16326 16321 139 24 22813 22031 26 0
22533 6373 112 4 14863 18395 62 20
22675 22342 39 20 22082 9887 178 50
19198 7460 98 43 9220 22030 89 30
21936 22472 210 59 22740 6371 75 40
16321 8039 100 24 16795 7834 68 4
22031 22533 111 24 6373 6372 64 24
16326 14863 109 40 22676 8472 79 25
18395 20799 57 5 18819 22813 74 21
22472 6371 130 40 19198 22675 98 25
22740 22342 115 44 16321 9220 115 24
21936 22031 200 54 7834 22030 23 0
6372 22082 84 40 14863 8039 60 0
22676 9887 115 24 18819 22533 82 24
22813 6373 91 20 8472 7460 72 23
20799 16795 83 4 18395 16326 60 20
