13737 13399 181 29 18464 8136 37 2
18463 9960 77 12 5227 18775 50 0
19815 9849 141 25 9960 3409 84 13
9849 18464 89 2 19815 13737 109 23
8136 3409 117 28 5227 18463 96 2
19815 13399 96 0 18775 18463 66 2
5227 13399 84 30 9849 13737 203 43
18775 9960 19 10 3409 18464 142 30
8136 18775 27 0 9849 5227 132 10
9960 19815 59 10 13399 8136 88 20
18463 3409 169 25 13737 18464 92 26
8136 5227 47 10 18464 19815 59 2
13737 18463 139 26 13399 9960 83 10
3409 18775 80 23 9849 8136 115 25
18464 5227 44 12 13399 9849 175 45
9960 13737 172 30 18775 19815 28 0
3409 9849 134 43 18463 13399 127 2
