16939 289 65 0 2866 11514 79 40
21984 14963 49 20 21225 12565 98 27
290 2867 28 0 12565 291 16 2
16939 21225 45 10 289 290 11 0
11514 21984 50 20 2867 14963 64 20
291 290 7 0 14963 2866 84 40
21225 11514 72 40 16939 12565 31 2
2866 2867 34 10 21984 289 6 0
291 21984 11 0 289 21225 95 20
14963 290 69 20 2867 16939 32 10
12565 11514 54 2 291 2866 50 20
12565 21984 12 2 290 16939 26 0
21225 14963 114 45 11514 2867 31 0
2866 289 26 0 14963 291 50 0
290 12565 23 2 289 11514 82 20
16939 2866 22 0 2867 21225 114 25
11514 291 62 0 21984 16939 17 0
