18172 9013 35 20 19400 4227 23 0
18747 22021 12 0 16290 21771 84 9
19885 20574 2 0 7477 21588 106 15
14673 22140 11 0 7592 19785 69 22
20013 20016 0 0 8617 4228 100 20
4717 20014 78 20 19997 18258 28 0
7341 22604 45 0 4227 17197 25 0
21588 18747 49 0 18172 19785 80 22
19400 20016 22 0 14673 19885 6 0
20014 7477 112 20 4228 22021 15 0
17197 4717 69 25 8617 21771 12 0
16290 20013 130 29 22604 22140 5 0
19997 7592 87 25 20574 7341 41 0
18258 7477 81 4 9013 20016 21 0
4227 19785 54 0 4717 19885 72 20
19400 4228 54 2 21588 16290 113 29
7592 17197 94 40 20013 18747 10 0
20014 7341 56 0 18172 22140 30 20
9013 19997 3 0 21771 22604 29 0
18258 8617 43 20 20574 14673 11 0
22021 4717 57 0 21588 7592 114 25
18747 19885 19 3 4228 7341 67 20
21771 19400 33 3 7477 20013 72 27
14673 17197 52 20 20014 9013 44 0
22021 18172 65 20 22604 18258 31 0
22140 19997 12 0 4227 8617 33 0
20016 16290 143 29 19785 20574 22 0
7341 21588 88 4 9013 20013 9 0
22604 14673 47 0 4717 18747 43 25
7477 18172 64 20 17197 19997 40 0
21771 4227 6 0 20016 20014 24 0
19885 16290 112 32 18258 7592 86 20
19785 8617 32 0 22021 19400 41 3
4228 20574 66 20 22140 4717 75 20
