20258 18064 20 0 18065 16909 53 5
18861 16911 64 0 12978 12857 93 44
9191 16910 74 22 22129 21722 35 5
15021 12825 59 7 21843 16912 52 20
17324 18065 63 5 16909 12978 92 40
22129 9191 31 2 12857 16911 123 4
12825 20258 28 0 16910 21722 116 25
18861 15021 65 20 18064 17324 25 15
16909 16912 56 25 21843 22129 53 20
18065 12857 77 24 21722 12825 46 7
18861 20258 36 0 9191 15021 117 27
16911 17324 41 10 16912 16910 94 20
12978 21843 133 40 21722 18064 19 0
16909 22129 46 20 12825 18861 72 2
16911 16910 100 30 15021 18065 87 40
12978 18064 73 20 16912 9191 71 20
12857 21843 136 44 17324 20258 46 15
21722 16909 62 25 16911 15021 147 20
18065 12825 70 14 18861 9191 57 12
18064 21843 89 40 16910 12857 83 20
17324 12978 127 35 20258 22129 16 0
16912 21722 87 10 18065 18861 24 0
