13388 8295 59 20 4602 10973 31 0
6407 22371 26 2 22185 10518 20 0
6221 20741 35 2 13670 18519 34 0
15703 21321 62 23 10518 16320 46 3
18519 22185 33 0 13670 4602 61 0
21321 20741 32 2 10973 15703 82 25
13388 6407 13 0 16320 6221 59 2
22371 10518 52 22 8295 20741 72 3
4602 18519 21 0 16320 6407 55 2
13388 13670 39 0 22371 21321 20 0
15703 22185 192 20 10973 6221 37 0
8295 16320 39 3 20741 13670 25 0
10973 22371 34 5 4602 6407 79 0
10518 15703 104 23 18519 13388 38 20
22185 6221 38 0 21321 8295 34 5
13670 6407 17 0 15703 13388 82 20
18519 16320 34 3 22185 8295 33 2
6221 4602 15 0 20741 10518 72 0
21321 10973 10 0 22371 18519 26 0
20741 13388 84 21 6407 22185 11 0
4602 22371 59 20 6221 15703 81 20
16320 13670 91 2 10518 10973 37 0
8295 4602 68 2 6407 21321 14 3
