5485 11245 123 20 6955 8397 123 23
17222 12833 49 25 16854 5484 11 0
5356 11246 22 20 3750 10776 62 24
5020 22163 66 22 11975 6996 71 20
19565 11245 97 23 5319 17222 111 26
10776 12833 59 23 5485 3750 101 24
11975 6955 64 20 16854 5356 9 2
8397 5319 95 29 11246 5020 91 4
6996 22163 63 5 5484 19565 88 40
5485 6955 164 20 17222 11975 33 2
10776 16854 15 2 5319 5020 82 4
6996 5484 43 0 8397 3750 154 50
19565 11246 78 3 11245 5356 24 0
12833 5319 130 23 22163 6955 94 20
17222 10776 2 2 6996 8397 117 26
5484 5356 66 0 5020 5485 117 24
3750 16854 48 22 11245 22163 22 3
11246 11975 96 33 12833 19565 85 22
5356 5485 133 44 5319 6996 41 0
5020 3750 80 20 6955 17222 48 2
11975 5484 51 0 11245 10776 38 0
19565 8397 143 28 12833 16854 98 26
22163 5485 94 26 11246 17222 112 15
