15024 6976 58 4 22370 6221 12 4
22371 13388 18 2 18094 16458 87 20
22185 4416 21 2 16320 19918 12 2
3296 6407 1 0 12798 10971 0 0
6221 16458 83 22 22370 18094 49 2
13388 22185 37 2 6976 4416 34 3
22371 16320 24 4 3296 10971 23 0
15024 19918 29 2 12798 6407 6 0
4416 18094 17 2 6976 16458 136 32
3296 16320 13 2 13388 6221 18 4
22371 15024 26 5 6407 19918 12 0
22370 12798 10 2 10971 22185 11 0
6976 18094 28 23 16320 4416 45 5
19918 3296 35 3 16458 15024 121 27
22185 6221 11 2 10971 6407 2 0
12798 22371 24 2 13388 22370 16 4
19918 6976 23 2 18094 3296 14 2
16458 10971 126 35 22185 15024 34 3
4416 12798 20 2 6221 22371 13 4
6407 22370 30 2 16320 13388 36 5
18094 22185 5 0 15024 3296 33 5
6221 6976 16 4 19918 22371 15 2
10971 22370 15 4 4416 13388 40 4
6407 16320 17 3 16458 12798 114 25
