22236 12456 18 0 19947 14503 41 20
13822 10354 70 20 22895 11947 2 2
21386 20394 60 0 22045 20249 20 0
14503 22717 46 5 10055 16685 56 4
20394 19947 107 45 13822 21386 35 0
12456 22045 40 0 11947 22717 10 0
10354 20249 47 0 16685 22236 66 10
10055 11947 23 4 22895 19947 10 4
20394 22045 46 0 14503 10354 182 60
22236 22895 47 20 22717 21386 15 0
10055 13822 67 2 20249 12456 22 0
20394 16685 118 20 11947 22236 62 20
20249 14503 128 45 22717 22895 8 0
21386 10354 82 8 12456 10055 65 2
22045 16685 66 10 19947 13822 58 20
11947 14503 171 50 20249 21386 6 3
16685 22895 15 10 12456 20394 108 20
22236 10055 86 20 13822 22045 70 10
22717 19947 19 0 10354 20394 192 50
