16936 16935 27 4 7305 22055 44 0
20511 22303 81 20 18969 7215 84 23
17349 22056 96 20 13643 16883 97 25
12549 17066 118 40 22738 21855 75 40
12862 11520 110 40 17533 12740 38 2
22302 14706 97 27 12548 12085 3 3
12181 8239 32 5 20332 22308 108 27
13462 12111 138 35 21857 11231 107 28
8579 22307 122 24 20252 19787 120 40
20511 16883 150 44 16936 12549 40 22
11520 13643 60 20 17066 7215 182 47
22302 17349 52 20 16935 12740 24 2
22308 7305 46 3 12548 18969 22 0
12111 12085 58 4 22055 12181 47 3
22738 19787 56 20 14706 22056 104 28
11231 20332 144 8 12862 22307 78 0
21855 21857 98 40 8239 8579 163 26
20252 17533 48 20 22303 13462 126 24
13643 12740 22 0 22308 16936 105 2
7305 12549 56 22 12111 17349 15 2
17066 22056 55 20 12181 20511 110 26
18969 16935 43 4 22307 11520 99 20
8239 12548 30 3 19787 12862 86 25
21857 20332 76 0 17533 22302 31 2
22303 11231 102 3 14706 8579 168 23
22055 13462 107 27 16883 21855 114 48
7215 22738 85 31 12085 20252 55 22
22308 17349 83 20 22307 20511 117 20
12548 17066 91 20 12111 16935 38 6
19787 22302 108 20 7305 13643 32 2
12740 14706 122 4 20332 12549 48 20
17533 8579 170 26 22056 18969 10 0
13462 16936 132 26 11520 22738 77 40
8239 22055 25 2 11231 7215 173 36
12181 20252 82 22 21855 12862 106 9
12085 16883 113 28 21857 22303 37 24
16935 13643 57 4 20332 20511 89 20
22307 12548 129 0 12549 17533 48 2
13462 22308 149 30 8579 17066 108 40
18969 19787 71 20 12740 12111 78 2
14706 12862 158 52 17349 16936 68 22
22303 22738 62 20 22302 8239 32 2
11520 21857 61 20 20252 22055 83 20
7215 7305 93 22 16883 12181 102 20
11231 21855 111 43 22056 12085 45 3
