19024 5285 50 3 13276 22471 123 23
21507 21508 66 40 5325 5363 27 3
18457 9600 121 20 13641 13273 48 20
22471 5285 84 20 21508 5325 67 40
19024 13273 57 3 21507 13641 27 20
9600 5363 31 3 18457 13276 166 40
13641 21508 43 20 22471 21507 126 44
5285 5363 70 2 9600 19024 29 3
13276 5325 74 0 13273 18457 53 0
22471 9600 67 24 5363 21507 46 23
19024 18457 145 28 13273 21508 55 40
13276 13641 48 20 5285 5325 44 0
21508 22471 85 40 9600 13273 35 0
18457 21507 127 45 5285 13276 97 30
5325 13641 7 1 5363 19024 65 5
