14423 10098 69 20 17596 21928 62 0
6378 21458 106 29 7244 4149 149 25
20152 17457 80 4 16800 16466 120 24
22521 21680 39 20 21727 17458 161 20
9791 18849 44 2 14738 8645 162 25
9222 21728 45 10 10771 14842 92 20
16800 17596 107 20 19844 4149 53 0
21458 21680 97 22 14423 17457 127 28
7244 22521 0 0 10098 9791 58 20
21928 10771 37 20 20152 21727 156 40
8645 19844 162 50 21728 6378 74 24
17458 16466 60 0 18849 14842 91 20
14738 16800 149 30 9222 14423 134 16
10771 7244 127 3 21680 17457 93 20
21728 21727 123 34 17596 21458 72 0
14842 9791 133 40 19844 20152 93 40
4149 10098 137 20 17458 14738 52 0
21928 18849 53 23 9222 6378 107 0
16466 22521 98 20 17596 8645 142 10
21727 16800 175 30 14842 7244 153 31
21728 17458 74 5 14423 20152 137 24
17457 19844 64 20 10098 18849 63 23
6378 14738 99 24 10771 22521 56 3
8645 4149 139 20 21680 21928 78 40
9791 21458 108 20 16466 9222 83 20
18849 20152 101 26 7244 17596 125 13
22521 14423 122 23 19844 10771 90 20
14842 6378 87 20 21680 10098 75 45
16466 21928 79 20 14738 21728 104 28
8645 17458 98 20 21458 16800 66 12
4149 9222 103 20 17457 21727 111 20
10771 17596 67 10 9791 21680 71 20
