21771 20013 44 0 4228 6323 148 30
7592 9013 165 40 19885 14673 32 0
16290 14976 65 10 17197 21588 81 20
19400 18747 42 0 7341 22140 30 0
4227 20574 113 25 18258 20016 51 3
18172 22604 90 20 19997 19785 27 0
4717 8617 79 20 7477 20014 65 5
19885 21771 31 10 14673 17197 27 0
6323 21588 110 30 7592 19400 152 30
14976 20574 30 10 18747 4228 136 25
16290 20013 37 0 19997 4227 81 20
18172 18258 132 20 8617 7477 138 25
7341 4717 151 48 22604 9013 68 12
19785 22140 20 0 20016 20014 70 0
20574 19885 29 0 14976 6323 71 2
14673 19997 33 0 4228 19400 156 45
4227 7592 178 60 17197 18172 117 20
18258 4717 38 2 18747 16290 11 0
20013 8617 114 20 22140 9013 33 0
7477 20016 58 0 21588 22604 63 0
20014 19785 47 0 21771 7341 34 0
14976 14673 44 10 4227 6323 124 15
4228 18172 99 20 19885 16290 22 20
22140 20574 10 0 4717 7592 149 35
17197 7477 109 20 20013 19400 75 0
20014 7341 100 24 21588 18258 92 20
8617 18747 61 25 19785 22604 29 3
21771 20016 44 0 9013 19997 50 0
6323 22140 52 10 16290 18172 171 25
19400 4227 147 21 4717 19885 52 0
21588 14673 55 2 20574 20013 26 0
7341 4228 141 44 8617 17197 104 40
9013 19785 49 10 7477 14976 104 10
20014 18747 29 0 20016 19997 26 0
18258 7592 165 35 22604 21771 21 3
18172 21588 172 40 14673 4717 41 10
19400 16290 171 40 20574 8617 90 25
9013 4228 133 24 19785 4227 112 25
20016 19885 31 0 20013 7341 66 0
22604 17197 36 2 6323 20014 94 0
18747 7477 51 20 7592 21771 97 0
19997 14976 56 10 22140 18258 63 6
