13466 4812 29 2 12973 4798 9 0
4707 21375 137 50 5683 9377 38 15
21899 8203 61 2 13053 12597 111 20
4798 13466 28 2 9377 4707 128 30
12597 12973 94 0 13053 5683 130 0
8203 21375 105 20 4812 21899 21 2
9377 12597 102 20 13466 12973 82 22
13053 21899 116 22 4812 4707 55 25
21375 5683 60 25 4798 8203 56 2
12973 4812 44 0 12597 4707 181 45
9377 4798 63 0 8203 13053 144 22
5683 13466 50 7 21375 21899 99 2
4707 4798 116 30 12597 8203 82 2
12973 13053 80 0 13466 21375 34 2
4812 9377 11 0 21899 5683 102 4
