5911 5470 104 20 21581 20725 28 0
11720 20232 9 0 16699 14913 16 3
22361 15450 41 0 12032 13948 178 45
19851 22182 62 0 21997 16699 17 0
5911 11720 61 20 5470 22361 105 20
13948 21581 106 20 20232 19851 16 0
22182 21997 44 2 20725 15450 110 0
14913 19851 83 0 12032 22361 35 20
22182 20725 50 0 5470 11720 158 25
15450 16699 55 1 21581 14913 71 10
20232 12032 41 0 21997 5911 21 0
13948 22361 103 20 20725 16699 37 5
12032 21997 68 20 11720 21581 49 0
5470 20232 136 25 15450 19851 82 10
14913 5911 33 20 22182 13948 89 0
16699 12032 59 15 20725 5470 129 27
21581 20232 33 0 22361 22182 29 0
19851 11720 23 0 15450 5911 70 10
13948 14913 133 20 21997 5470 82 25
