6093 20349 40 3 15055 12745 7 0
20097 7196 97 20 4237 8588 41 20
10082 8672 115 20 11721 13532 34 3
7400 4177 98 23 10139 6545 45 11
21449 8813 78 25 5062 8696 147 44
6072 8988 27 0 8743 11142 143 40
18482 21823 6 0 22380 367 94 0
22479 4237 25 0 6603 12863 48 20
20349 10139 48 4 7196 10082 88 20
8588 12745 34 0 4177 21449 37 0
8672 5062 216 20 20097 6072 29 0
6545 15055 72 23 11721 18482 39 3
12863 8696 114 40 11142 21823 85 40
6603 7400 131 23 6093 8743 94 22
8988 13532 83 20 22479 22380 17 0
4237 367 55 0 8813 6072 36 20
20097 15055 104 0 21449 10082 39 20
10139 11142 77 25 5062 18482 75 23
8696 11721 59 20 12745 6603 68 0
8743 8588 129 40 8672 12863 74 20
4177 22479 26 0 367 7196 130 20
8813 6545 62 26 8988 6093 61 20
13532 20349 123 23 21823 7400 69 40
11142 6603 90 23 22380 21449 21 0
12745 4237 9 3 10139 8672 104 20
367 8743 142 20 15055 5062 47 21
8588 11721 57 23 8813 22479 124 20
21823 6093 83 40 10082 6072 127 44
18482 4177 55 23 13532 20097 132 20
12863 8988 53 20 7196 7400 118 20
22380 6545 48 3 20349 8696 98 20
11721 21449 34 3 367 10139 83 5
8672 6093 118 25 11142 22479 124 25
20097 8743 164 40 21823 8813 60 20
6072 6603 15 2 18482 8588 33 0
20349 5062 87 23 8988 4177 92 3
10082 22380 81 4 7400 4237 67 24
7196 15055 44 0 8696 13532 158 24
12863 12745 88 23 6545 20097 85 0
