9415 10273 61 24 11175 22292 27 0
7897 11206 64 28 21917 4509 50 20
14434 13603 72 25 16849 17287 83 20
16806 20032 103 20 22376 7231 46 20
22193 16842 46 4 21305 15369 59 20
14434 16849 45 10 7897 22292 44 4
21917 10273 65 4 13603 20032 124 45
22193 21305 62 23 11175 4509 48 20
16842 15369 22 2 22376 16806 102 20
7231 17287 128 29 11206 9415 101 45
20032 22292 119 20 13603 22193 95 28
16806 11175 40 0 7897 14434 21 3
4509 15369 15 0 16849 7231 89 30
21917 22376 25 0 17287 21305 144 25
16842 9415 83 23 10273 11206 93 44
13603 16806 149 40 4509 22193 17 3
11175 22376 62 20 22292 7231 95 7
21305 11206 78 5 20032 14434 75 20
16842 16849 45 10 9415 21917 120 43
15369 17287 57 0 10273 7897 89 23
22376 13603 88 25 11206 11175 93 40
7231 21917 113 24 22193 14434 9 3
16806 10273 109 40 16849 21305 85 20
9415 20032 111 5 15369 7897 24 2
22292 4509 35 3 17287 16842 67 2
11206 22193 86 33 10273 16849 74 24
21305 7897 97 20 7231 13603 130 49
17287 11175 133 20 20032 16842 88 22
14434 22376 12 0 4509 9415 53 0
22292 21917 74 23 15369 16806 74 20
