14906 4155 183 22 5553 18274 188 44
13806 21523 71 23 9838 21810 56 21
14134 6042 44 20 18575 20375 8 0
8638 18802 131 29 22561 7163 66 33
14671 19590 44 0 19901 20374 49 10
16505 11354 158 49 21684 19588 62 20
19668 18577 131 20 5044 6042 54 20
18575 14906 90 23 21810 22561 74 23
18274 13806 94 30 14134 18802 85 27
11354 9838 106 25 8638 20374 50 4
7163 19901 111 18 5044 19588 35 0
16505 19668 133 25 19590 4155 146 28
21684 5553 186 7 21523 18577 17 3
20375 21810 42 1 18274 14671 130 22
19901 8638 116 12 6042 14906 88 20
18802 18575 85 20 19588 19590 35 0
18577 7163 100 33 4155 9838 134 26
19668 5553 178 52 11354 13806 156 25
21523 16505 82 22 20374 20375 4 0
22561 21684 113 23 14134 5044 45 2
4155 8638 212 35 14671 18575 40 2
19901 9838 63 10 18802 5553 150 32
6042 18274 123 20 7163 21523 51 11
20375 21684 85 20 14906 19668 236 36
18577 11354 109 9 19590 22561 33 10
19588 14134 39 2 20374 21810 95 1
5044 14671 38 2 16505 13806 103 20
18575 19901 46 0 21523 19668 133 27
19590 18274 102 23 9838 21684 138 20
19588 20375 60 0 18577 8638 88 4
21810 6042 110 41 5553 16505 131 32
14671 14134 82 2 7163 11354 130 25
20374 14906 83 23 18802 5044 77 25
4155 22561 101 2 13806 19901 95 0
