21870 12791 59 30 22201 21932 10 0
18738 12167 33 0 20336 9511 41 25
21138 21965 87 13 11563 19567 67 20
22332 22077 41 20 19990 21978 68 20
9511 21870 36 30 12791 20336 73 20
21932 18738 63 20 21965 11563 35 0
21978 22201 15 0 12167 22077 36 20
19567 21138 79 3 19990 22332 23 20
9511 21965 92 30 20336 21870 55 25
12791 11563 100 20 22077 21978 41 20
21932 12167 25 0 19990 19567 33 20
18738 22201 22 20 21138 22332 96 23
21965 20336 70 25 21978 12791 113 20
11563 19990 57 20 21870 12167 23 0
22332 19567 12 0 22201 9511 22 20
22077 21932 43 20 18738 21138 101 43
12167 19990 32 0 21965 12791 65 20
20336 11563 78 25 22332 22201 36 2
19567 21870 8 0 22077 18738 27 20
21978 9511 20 20 21138 21932 82 20
