5386 7065 41 28 99999 22882 28 0
22000 20901 70 0 23027 10844 77 23
10601 22881 59 20 9931 21672 149 53
10615 22000 56 0 22885 23027 60 20
5386 10844 70 28 22881 7065 89 40
22882 9931 45 20 99999 10615 134 52
22885 20901 27 0 21672 10601 168 56
23027 22000 30 20 5386 9931 153 55
7065 10615 104 33 20901 22881 26 0
22882 10844 17 0 22885 10601 106 20
99999 5386 37 3 21672 20901 88 32
10844 22885 31 0 7065 9931 49 25
23027 22881 82 20 10601 99999 80 27
10615 21672 143 36 22882 22000 0 0
9931 22885 118 20 20901 5386 65 20
10601 22882 80 24 22000 7065 53 5
21672 99999 82 32 10844 10615 133 27
20901 23027 87 20 22881 22882 4 0
10844 10601 79 20 10615 5386 171 53
7065 21672 89 27 9931 23027 126 46
22881 99999 65 8 22000 22885 40 0
