18638 6518 53 3 17012 4366 45 2
18375 12231 84 20 11272 535 85 20
19932 8272 4 2 13414 10621 101 2
20689 21931 34 2 14084 22444 94 24
18638 17012 32 20 12231 535 108 20
10621 4366 38 2 11272 13414 108 20
6518 21931 32 12 19932 20689 12 2
14084 18375 8 2 8272 22444 125 24
13414 4366 41 2 12231 17012 204 40
20689 18638 25 3 10621 19932 32 2
18375 11272 116 24 21931 14084 42 2
22444 535 116 24 6518 8272 10 0
10621 20689 30 2 4366 12231 81 20
21931 19932 102 4 17012 18375 49 2
14084 13414 47 2 535 6518 34 0
22444 11272 161 44 8272 18638 33 3
17012 10621 45 22 20689 18375 20 2
535 14084 38 12 4366 19932 37 4
8272 13414 100 20 21931 18638 41 5
12231 11272 149 44 22444 6518 170 34
