16544 20802 96 40 22391 18450 75 23
22212 21594 39 12 22029 14022 40 0
14718 14716 36 2 20448 20038 0 0
16932 10015 69 40 13898 16596 25 2
14022 22212 68 2 22391 20802 46 0
14718 22029 27 2 14716 16544 64 20
10015 20038 37 2 21594 16932 40 10
16596 18450 50 20 20448 13898 26 0
22029 22391 52 2 14022 14718 115 12
16932 14716 24 20 10015 20802 74 40
13898 18450 58 12 20038 22212 55 2
20448 16544 106 23 21594 16596 56 20
14022 22391 43 0 14716 10015 30 0
18450 14718 86 27 16932 22029 94 23
20802 13898 92 23 16544 21594 89 30
16596 20038 29 12 22212 20448 27 1
18450 16932 81 40 14716 14022 51 0
21594 22391 25 10 14718 13898 41 5
16596 20448 26 12 20802 22029 62 2
22212 10015 87 22 20038 16544 43 20
13898 21594 19 0 18450 14716 45 4
22029 20448 8 3 22391 16932 56 20
20038 14022 28 22 16544 16596 66 20
20802 22212 81 22 10015 14718 82 25
