6285 11539 35 2 7547 9027 19 0
11684 9792 51 20 14186 8905 59 24
19968 20182 71 22 5703 11684 63 20
9792 19968 42 2 6285 9027 37 22
8905 7547 18 2 20182 5703 41 0
11539 9027 29 2 14186 20182 158 40
9792 5703 89 0 11539 19968 35 2
11684 14186 128 24 7547 6285 25 2
8905 5703 8 2 9027 11684 59 20
7547 14186 91 20 19968 8905 22 5
11539 20182 106 23 6285 9792 21 0
19968 6285 38 4 8905 11539 22 3
5703 7547 46 3 14186 9792 67 20
9027 14186 69 20 20182 11684 98 20
20182 6285 79 20 5703 19968 17 2
11684 8905 45 3 9792 11539 29 3
9027 5703 47 20 11539 7547 52 3
