22786 22577 49 0 21445 20417 30 2
20874 18498 63 21 19347 19408 60 0
19358 21473 70 0 18492 19149 79 0
19408 21344 60 20 22172 21445 117 0
18498 19149 21 20 22786 18492 40 0
19347 22172 95 20 20417 19358 57 0
21344 22577 8 0 21473 20874 27 2
22172 18492 100 40 19347 21445 77 20
19408 20417 55 0 21344 19149 37 0
19358 22786 54 0 22577 20874 58 0
21473 20417 51 0 22172 18498 100 0
18492 19347 101 20 21344 22786 25 0
21445 20874 56 1 19149 21473 29 0
22577 19358 81 0 18498 19408 106 40
20417 22172 84 0 20874 18492 48 0
21473 19408 95 40 22786 19347 131 20
21445 21344 22 0 18498 19358 63 40
19149 19347 120 10 22577 22172 74 10
