9087 12603 37 20 15229 15358 162 7
11618 19770 81 43 19429 10255 229 60
21482 10180 185 33 15555 8513 109 40
20245 10104 128 40 8580 21914 140 50
11193 5980 133 26 5290 11228 98 30
8621 9931 140 43 13598 11855 108 30
11846 11691 123 29 15104 8533 176 26
16646 16957 232 64 13917 10615 127 24
11940 20142 136 48 14353 15357 185 60
9087 8513 135 23 19429 10104 182 56
8580 11228 152 34 15358 10180 172 48
13598 11618 76 48 15555 20245 186 62
15229 9931 129 50 19770 8533 63 0
11855 11846 176 43 12603 16646 157 41
20142 5980 97 43 10615 21482 152 32
21914 11193 104 20 14353 13917 144 54
10255 15104 234 72 16957 15357 93 24
8621 11940 104 20 5290 11691 145 49
8533 8513 216 52 13598 8580 153 49
9931 9087 132 46 10180 11618 170 53
16646 15358 176 56 10104 20142 133 40
11855 21914 157 35 19429 11228 234 84
16957 21482 139 47 11193 19770 142 40
15357 13917 93 29 11691 15555 180 55
5290 12603 15 0 14353 10615 236 44
11846 10255 204 52 15229 8621 71 20
20245 5980 182 59 11940 15104 165 44
11618 20142 109 27 8513 11855 256 65
11228 8533 144 44 9087 16646 185 40
9931 8580 151 53 15357 11193 124 24
13917 5290 90 24 21482 13598 127 28
19770 14353 119 35 15555 11846 129 54
8621 19429 161 60 20245 12603 121 40
15358 10255 249 67 11940 21914 104 33
11691 15229 155 53 5980 16957 98 23
10180 10615 158 49 15104 10104 154 60
11228 15357 210 75 11618 21482 106 46
8513 5290 93 40 9931 16646 196 42
8580 11846 163 52 20142 13917 137 48
8533 14353 182 57 10255 20245 150 71
11691 11855 200 59 19770 9087 108 23
10615 15555 202 52 15358 8621 84 4
15104 19429 271 80 11193 15229 136 53
12603 16957 77 24 10104 11940 189 52
21914 13598 118 25 5980 10180 172 43
16646 14353 205 50 21482 8580 152 49
11228 20245 216 84 8513 11691 163 33
10255 15555 210 69 20142 9931 88 3
10615 11193 121 20 11846 9087 127 50
16957 15358 140 44 11855 5290 79 7
13917 11940 127 37 10180 19429 193 41
8533 8621 152 32 5980 11618 172 46
10104 13598 144 25 15357 15229 131 49
21914 19770 110 40 12603 15104 147 44
