21120 18736 33 9 18763 17955 141 61
21309 17133 15 0 16771 22935 14 0
19001 22917 27 0 19146 22983 109 15
22935 21309 52 0 18736 17955 62 0
21120 19001 21 0 22917 17133 60 0
16771 19146 25 2 22983 18763 116 63
18736 21309 86 3 17133 19001 16 1
18763 16771 80 25 17955 22917 48 0
22983 21120 96 15 22935 19146 63 22
17955 16771 66 17 18736 19001 48 5
22917 22983 72 15 21309 21120 44 10
19146 18763 121 25 17133 22935 51 10
21120 22917 50 20 16771 18736 51 20
22935 18763 118 20 19001 21309 41 0
19146 17133 54 31 22983 17955 85 7
