17594 13266 12 0 12359 16832 102 2
6901 15654 45 0 16828 18458 55 20
11924 13833 64 10 9923 17796 2 0
13266 12359 82 2 15654 16828 104 22
17796 11924 42 0 18458 17594 2 0
9923 16832 71 0 13833 6901 43 22
13266 16828 153 20 17796 17594 10 0
9923 18458 28 2 12359 13833 29 3
16832 15654 45 0 11924 6901 58 10
18458 13833 45 2 16828 17594 42 20
6901 12359 67 22 11924 13266 145 10
16832 17796 105 0 15654 9923 16 0
13833 16828 47 22 12359 11924 66 1
17594 9923 26 2 13266 15654 65 0
18458 17796 40 0 6901 16832 113 20
15654 11924 86 12 13833 13266 81 3
16828 9923 60 22 16832 18458 82 0
17594 12359 29 3 17796 6901 79 20
