10785 5968 54 24 19784 7959 18 0
19227 16557 84 26 10343 22504 10 0
13302 3774 71 40 8405 4890 174 48
4102 5573 12 0 10874 10785 80 27
16557 19784 31 20 4890 13302 152 50
3774 10343 69 22 5968 5573 38 2
19227 10874 31 3 7959 8405 103 21
4102 10785 79 23 22504 3774 28 0
16557 13302 42 20 19227 5573 58 2
4890 22504 88 20 5968 10874 36 20
7959 10343 70 26 19784 4102 16 0
8405 10785 158 49 16557 5968 97 40
22504 7959 44 24 10343 13302 48 20
19227 19784 33 3 10874 3774 45 0
5573 8405 124 38 4890 4102 80 20
7959 10874 53 20 3774 16557 65 0
4102 5968 40 20 13302 19227 51 3
22504 8405 114 13 5573 19784 27 0
10785 4890 146 47 10343 19227 83 3
