4175 11418 48 5 6499 6458 63 21
20307 21495 83 22 9988 10110 113 25
5143 8732 102 22 5913 7110 39 0
6189 13415 63 20 9215 13352 32 0
4324 9988 73 22 10110 11418 69 25
6458 20307 123 31 5143 6499 138 30
13352 7110 100 4 4175 9215 80 2
13415 8732 32 0 4324 21495 42 20
6189 6458 94 40 5913 9988 26 2
6499 9215 61 10 10110 5143 98 20
13415 13352 68 0 8732 20307 23 3
5913 4324 73 20 7110 4175 49 2
11418 5143 89 25 21495 6189 81 23
8732 6499 21 2 9988 9215 52 2
7110 10110 62 20 13415 6458 112 21
4324 4175 133 25 20307 6189 87 10
13352 5913 26 2 21495 11418 29 0
6499 10110 50 20 7110 8732 17 3
9988 4175 44 4 13415 5143 163 25
9215 20307 45 13 11418 5913 85 0
13352 21495 55 22 6458 4324 83 21
6189 6499 73 30 10110 13415 82 20
