4194 7961 92 22 4193 9579 64 5
3665 18292 140 24 17560 20378 42 20
4194 11965 58 0 17214 7139 87 7
9579 7139 163 47 3665 17560 14 0
20378 4193 166 37 7961 11965 114 22
18292 4193 162 44 17214 9579 74 25
11965 3665 52 0 4194 18292 118 20
17560 17214 6 0 7961 20378 113 40
7139 4194 114 27 18292 20378 116 44
3665 7961 81 5 9579 11965 75 20
4193 17214 84 5 7139 17560 66 3
20378 17214 39 20 9579 3665 90 0
7139 18292 128 20 7961 4193 134 45
11965 17560 29 0 17214 4194 35 0
18292 7961 106 22 4194 3665 53 5
17560 9579 73 25 11965 7139 139 24
20378 3665 68 20 4193 4194 138 25
