7613 18312 14 2 15186 202 47 0
17062 12604 50 20 18445 8081 29 2
14835 5661 88 22 13910 19728 54 0
16817 7156 56 0 22295 201 33 3
21329 7613 141 26 18312 17062 43 2
202 8081 62 20 19728 14835 142 20
15186 13910 75 2 12604 22295 22 2
21329 16817 158 20 7156 5661 36 2
201 19728 74 20 7613 18445 17 2
14835 17062 113 40 15186 22295 50 2
21329 202 162 24 16817 12604 39 0
7156 18445 53 2 13910 18312 19 2
8081 201 71 21 5661 15186 26 0
17062 7613 77 22 14835 16817 78 20
12604 19728 97 0 7156 18312 16 2
8081 13910 125 21 201 21329 95 44
22295 18445 57 6 5661 202 86 2
19728 7156 102 20 17062 15186 49 22
201 14835 109 45 12604 21329 57 24
22295 16817 106 0 18312 8081 63 21
5661 13910 28 0 202 7613 44 2
18445 15186 19 2 14835 21329 208 49
