16764 18147 42 20 22218 14707 99 0
17561 16626 39 25 15297 14708 164 40
15297 18699 78 25 10179 14707 64 20
16626 18147 96 20 10179 16764 65 20
18699 22218 111 5 14708 17561 97 30
18147 15297 138 40 18699 16626 57 22
14708 10179 95 40 17561 14707 60 23
22218 10179 106 20 16626 16764 89 40
14708 22218 64 20 18147 18699 66 25
14707 16764 84 20 15297 17561 68 23
18147 14708 113 45 16764 15297 87 40
17561 18699 53 7 14707 16626 83 20
22218 17561 59 5 10179 18147 94 40
14707 15297 112 20 16626 22218 82 40
16764 14708 75 20 18699 10179 77 25
