16557 10669 157 45 19227 10785 100 27
6936 22704 75 23 19784 7414 28 0
11450 10553 51 20 18051 10343 116 28
17584 16953 33 15 4890 10582 122 23
17670 12875 61 1 3774 13302 134 43
3415 19784 45 20 5968 11450 74 40
16557 4890 185 51 7414 18051 144 52
3774 10785 105 48 6936 16953 104 28
10582 19227 63 4 12875 5968 44 20
10343 17670 86 22 10669 3415 66 32
22704 13302 90 20 17584 10553 86 25
3774 11450 87 20 5968 16557 114 43
4890 19227 72 26 19784 17670 43 1
10785 18051 156 32 22704 10582 46 0
7414 13302 125 49 16953 3415 88 50
10669 10553 109 30 12875 6936 61 23
10343 19784 32 2 17584 3774 71 20
11450 16953 39 5 17670 22704 80 21
10669 5968 82 45 13302 4890 134 27
10582 3415 70 20 10553 16557 74 20
7414 12875 37 20 10785 10343 78 20
18051 6936 245 55 19227 17584 46 3
3415 4890 106 40 3774 22704 88 23
10582 7414 46 40 11450 10669 81 20
10785 17584 97 0 5968 17670 91 21
16953 18051 167 22 19784 12875 14 0
10343 6936 50 25 13302 16557 139 23
10553 3774 93 50 19227 5968 65 22
