17511 22329 20 0 15592 15622 25 2
13788 17461 33 3 4895 18990 13 0
4894 4921 51 0 4859 17512 19 3
17251 13825 9 0 21985 10676 7 0
21856 22329 108 20 17461 18990 18 3
4895 4894 3 0 15592 17511 27 2
21985 4859 20 2 10676 13788 23 3
21856 17512 75 20 15622 17251 8 0
4921 18990 20 0 13825 17511 14 0
17461 10676 15 3 15592 4894 33 2
4895 17512 25 0 21856 21985 46 0
22329 15622 10 0 13825 13788 32 3
4859 4921 11 3 17251 15592 16 2
17511 10676 15 0 17512 17461 16 3
13825 4894 22 0 13788 21856 41 23
4859 17251 21 3 22329 4895 62 0
18990 21985 20 0 15622 4921 10 0
17461 15592 41 3 17512 13825 31 0
13788 17511 15 3 17251 21856 76 20
10676 4895 12 0 4921 22329 27 0
18990 15622 11 0 4894 4859 38 3
21985 15592 8 0 17461 21856 86 23
