19069 20127 19 10 11525 6390 38 20
16943 20123 57 22 16605 21587 140 20
12718 18052 69 26 14253 13463 2 2
11500 21232 64 20 9338 10719 28 0
7988 20257 70 20 5709 20343 37 0
11695 8479 164 45 10001 22006 33 22
8194 21814 67 0 16270 21975 43 0
20123 21587 122 20 18052 11525 7 0
9338 20127 20 0 16605 12718 32 0
6390 10719 45 20 20257 13463 20 0
10001 19069 59 22 16943 7988 73 22
20343 22006 93 2 21814 11500 64 2
8479 14253 64 2 8194 21975 12 2
21232 16270 92 22 11695 5709 70 0
20257 11525 42 20 18052 16605 3 2
6390 10001 102 0 20123 9338 18 0
16943 21814 41 0 10719 12718 74 20
21587 8194 65 27 11500 19069 40 2
13463 20343 44 0 8479 21232 147 25
22006 14253 20 2 7988 16270 107 22
11695 21975 58 7 5709 20127 12 0
11525 21814 64 0 9338 16943 15 0
12718 10001 83 20 21587 20257 171 42
6390 16605 167 22 20343 8194 23 2
16270 11500 27 4 8479 20123 129 5
10719 11695 63 45 14253 19069 38 2
21975 7988 63 22 21232 18052 104 21
22006 5709 22 2 20127 13463 21 0
11525 20343 51 40 12718 8194 102 22
21587 8479 166 29 21814 6390 134 45
10719 16605 49 20 10001 16270 75 0
21975 16943 60 2 20257 11500 2 2
13463 9338 34 0 7988 11695 100 40
18052 5709 40 0 19069 22006 60 2
21232 20123 95 40 20127 14253 24 3
