7209 19228 22 0 10464 22198 9 0
18834 8719 63 24 5040 4444 68 0
16515 6133 69 23 22502 7842 32 0
14727 18865 0 0 19228 11582 5 0
7842 16515 93 20 7209 18834 50 0
18865 10464 35 20 5040 6133 168 43
8719 14727 81 24 22198 22502 11 0
6133 11582 116 25 4444 7209 27 0
8719 5040 157 52 7842 14727 68 22
11582 18865 18 3 22502 18834 2 2
4444 22198 37 10 10464 16515 49 0
19228 18834 11 0 6133 8719 166 52
14727 22502 31 0 10464 7209 98 20
7842 4444 48 20 22198 18865 24 0
19228 5040 67 0 11582 16515 26 3
18834 6133 113 26 22198 14727 27 2
11582 10464 60 2 8719 7842 99 52
22502 5040 31 0 4444 19228 19 0
16515 7209 36 0 18865 8719 84 32
