9923 4902 58 20 13833 16831 70 4
11924 16251 73 14 16828 15654 28 0
15654 6901 75 2 13744 12339 17 2
16831 13744 84 2 16828 16251 37 0
13833 11924 59 13 6901 9923 79 20
12339 16828 56 20 4902 13833 53 2
16831 11924 64 30 12339 15654 29 0
9923 13744 36 3 16251 4902 115 20
12339 6901 36 20 16828 9923 45 3
15654 11924 53 0 13744 4902 75 22
6901 13833 71 23 16251 16831 84 0
4902 16828 61 20 11924 6901 109 30
9923 13833 27 13 13744 15654 25 2
16251 12339 31 4 4902 16831 135 20
15654 9923 28 0 6901 16828 108 20
13833 16251 74 13 12339 11924 46 10
11924 13744 41 12 16831 12339 27 0
