16506 7678 152 23 5893 11659 103 0
11678 6889 74 10 13132 20323 160 20
8461 4964 181 45 10123 16303 53 2
5905 17206 66 0 6168 5906 146 40
13337 5907 186 26 18063 8856 68 0
14742 22551 45 2 21586 22090 74 2
13092 16207 130 30 16180 20298 90 23
10123 5893 63 2 6889 16303 52 12
11659 6168 110 20 20323 8461 140 20
11678 16506 82 20 5906 5907 52 2
13132 14742 54 3 5905 18063 113 24
13092 22551 106 40 4964 13337 123 20
22090 8856 109 20 20298 16207 52 2
21586 17206 66 2 16180 7678 169 31
11678 6168 110 20 16506 10123 65 22
5893 5905 160 48 8461 18063 67 0
6889 13092 147 20 5907 22551 60 2
13132 22090 59 0 5906 13337 89 22
16207 20323 122 25 7678 14742 72 6
20298 21586 71 2 4964 11659 105 20
17206 16180 98 8 16303 8856 67 7
6168 5905 132 20 5907 5893 138 22
13337 6889 103 30 8461 16506 95 20
18063 7678 107 40 13092 11678 135 5
16207 13132 69 0 4964 21586 122 22
16303 16180 98 23 11659 22090 91 0
22551 20298 7 2 17206 20323 178 35
10123 5906 85 0 8856 14742 53 2
7678 13337 161 43 6889 5905 93 10
16506 18063 74 0 16207 4964 74 25
21586 16303 128 2 6168 13092 183 40
22090 8461 115 0 17206 5907 65 2
22551 11659 60 20 8856 13132 78 0
20323 5906 139 30 16180 10123 67 0
5893 20298 146 7 14742 11678 38 3
16303 16506 110 7 5905 21586 106 22
7678 4964 159 48 22090 6168 128 20
11659 6889 47 10 18063 17206 80 0
5906 8461 115 23 22551 16207 25 0
8856 5893 136 20 20323 13092 107 25
5907 13132 127 22 20298 10123 38 2
14742 16180 101 23 13337 11678 54 20
