17039 9895 5 0 15301 11618 24 11
10644 8511 67 15 10645 21859 77 30
15555 11193 51 4 19383 11729 10 0
8492 19382 32 5 11617 10721 33 0
11618 9895 24 11 21859 8511 30 20
15555 10645 39 0 11193 17039 43 0
8492 15301 37 0 19382 10644 74 15
10721 19383 8 0 11729 11617 25 1
21859 15555 100 20 9895 10645 49 5
19382 11618 47 13 11193 8492 33 2
10721 11729 22 3 10644 17039 53 5
8511 15301 19 0 11617 19383 24 0
9895 21859 32 20 11193 19382 26 3
10645 10721 50 0 11618 11729 25 11
8492 8511 34 3 15301 15555 61 5
17039 11617 17 0 19383 10644 45 5
11729 10645 21 12 9895 19382 14 3
8511 11193 3 0 10721 15301 30 0
11617 10644 44 0 15555 11618 60 11
17039 19383 5 0 21859 8492 66 23
