22170 21338 4 0 22744 22393 41 26
22176 10405 52 20 22713 22714 20 0
22745 5175 6 2 22853 22133 8 2
22852 10405 48 10 22744 18514 10 2
5175 22713 8 2 22393 22745 41 20
22714 18514 43 0 22170 22133 9 0
21338 22853 13 2 22852 22176 44 20
22745 22713 13 3 22714 22170 12 0
18514 22176 33 0 5175 22393 48 23
21338 22852 4 0 22133 10405 23 0
22744 22714 29 2 22853 5175 16 0
22176 22170 38 20 22745 22852 4 0
22133 22393 44 20 10405 22744 56 20
22853 22713 18 10 18514 21338 16 2
22393 22852 43 20 22714 22745 44 3
22133 22744 40 20 22713 22176 49 10
22170 22853 50 20 10405 5175 53 40
18514 22745 16 0 21338 22714 32 2
