13046 10673 83 44 19634 22566 67 20
6282 22037 103 24 10298 20381 111 25
9247 10006 52 3 16726 10673 80 44
22037 10298 143 45 10006 13046 44 20
20381 19634 27 0 9247 16726 91 23
22566 10673 109 24 10298 6282 158 49
13046 22566 17 0 20381 22037 48 0
19634 9247 63 3 10006 6282 120 24
16726 20381 33 20 6282 13046 109 24
22037 16726 61 40 10673 19634 115 26
10298 10006 142 40 22566 9247 63 23
13046 20381 39 20 10673 10006 106 20
22566 10298 63 25 19634 16726 67 20
6282 9247 147 22 22037 13046 44 20
