21892 6638 24 3 9978 7841 121 0
19978 7258 102 12 7924 19926 86 20
6600 8801 50 2 19984 19685 100 20
21903 8807 78 2 21900 19687 68 0
19394 19686 56 15 7229 7259 142 20
6638 6600 19 3 19978 19926 34 2
7924 7258 186 45 8801 21903 74 2
19984 7229 82 5 19685 7841 76 0
8807 19687 75 7 19394 21892 81 7
9978 21900 143 41 7259 19686 88 3
7924 7229 114 20 19926 19984 50 2
8807 19394 96 3 7258 6638 107 5
7841 21900 123 40 8801 9978 119 23
7259 19687 94 35 19685 6600 55 10
19686 19978 44 0 21892 21903 86 3
7229 6638 87 3 21900 7924 81 20
19984 9978 104 21 19687 7258 106 10
7841 21903 83 23 6600 19394 137 25
19926 7259 99 2 8801 21892 53 3
19686 19685 68 0 8807 19978 49 3
6600 7924 65 23 9978 19394 213 46
21903 7259 101 3 6638 19984 30 0
19926 7841 143 23 19686 8807 101 6
21892 21900 70 0 7258 19685 138 15
19978 8801 39 3 19687 7229 144 23
7259 7924 133 20 7841 8807 75 23
19685 9978 148 21 21903 19926 54 3
19687 8801 59 2 6638 19686 65 3
7258 21892 68 23 7229 6600 124 23
19394 19984 136 40 21900 19978 51 0
