13072 12926 173 60 12927 15524 55 40
15083 17294 143 28 12106 12977 75 25
11341 21822 52 20 17802 21462 102 20
16405 16176 110 33 11425 18860 18 10
15084 18698 51 23 21127 9626 178 20
14523 7904 133 20 21354 8565 134 46
20838 10143 34 0 11472 12900 93 43
14524 22071 21 4 22123 17338 52 22
20754 22703 47 20 11339 15083 108 0
9626 11341 47 20 16405 12926 109 32
21127 12977 161 45 7904 11425 11 0
10143 13072 132 25 18860 17294 112 33
8565 20838 156 50 12927 14524 158 41
11472 21462 74 20 18698 14523 118 27
11339 17338 62 3 12900 17802 122 43
22123 16176 62 0 12106 20754 41 20
21822 21354 33 0 15084 22703 58 20
8565 15524 118 30 22071 10143 43 2
21127 14523 151 25 17294 20838 156 50
12977 12927 90 20 11339 16405 73 22
17338 9626 72 3 16176 11472 60 24
11425 15083 70 0 11341 22123 26 0
21354 17802 64 20 13072 22071 83 0
15524 14524 172 44 21462 15084 68 20
18860 12106 70 30 22703 7904 47 20
12900 18698 84 23 12926 20754 91 0
12977 21822 81 40 17338 8565 127 41
20838 11425 116 20 9626 13072 132 25
17294 11339 143 23 11341 15084 61 20
17802 16176 142 24 10143 21127 62 20
21462 7904 60 20 12927 15083 40 0
18860 22123 43 20 18698 21354 27 23
22071 11472 66 40 12926 12106 138 30
15524 12900 116 43 22703 14523 74 25
20754 16405 85 23 21822 14524 165 44
13072 21127 134 35 21462 8565 182 68
17338 21354 74 23 15083 10143 77 20
11472 12927 102 40 11425 17294 102 23
22703 12926 126 35 16176 12977 180 50
18698 12106 42 3 16405 20838 99 22
20754 15084 76 0 14523 18860 111 30
7904 11339 47 2 22071 21822 1 0
9626 17802 101 20 15524 22123 103 40
12900 11341 82 23 14524 21127 178 49
