16595 22315 119 47 16932 16544 164 40
10544 5009 103 15 7277 20085 61 0
10015 12094 92 26 21339 22188 82 3
21832 15254 148 40 14717 14021 90 20
21593 20176 47 20 16596 4169 38 22
22212 20707 69 23 22029 22531 157 43
22092 20125 112 25 14023 20802 109 20
18450 14718 170 38 21736 15259 68 25
14717 16932 44 20 22459 12094 82 20
14021 21593 67 20 16595 5009 112 26
20085 22188 129 23 22531 16596 58 20
20707 10544 134 33 10015 20125 97 25
14023 21736 102 40 15254 20176 79 40
21339 22092 109 45 16544 22212 140 20
7277 15259 92 20 22029 21832 138 43
22459 14718 70 5 20802 22315 32 0
4169 20125 94 20 18450 20085 189 50
10015 14717 115 20 21593 22531 51 20
22092 10544 156 55 15254 16595 76 3
16932 22029 117 23 22188 20176 91 40
12094 22212 82 20 14718 16596 68 5
14023 22315 113 20 21339 20707 95 25
16544 21832 155 45 5009 18450 177 70
20802 14021 170 25 21736 7277 58 25
15259 4169 95 45 22459 22092 142 45
16596 22029 77 23 10544 14717 119 25
14718 10015 115 25 20085 14023 99 20
22531 16595 139 26 12094 18450 87 20
20802 21339 101 40 20176 5009 112 60
7277 16544 220 45 20707 21593 65 20
22188 21736 98 40 21832 22459 85 40
16932 15254 120 45 22212 4169 92 40
20125 15259 150 45 22315 14021 89 25
22531 21339 32 0 14718 10544 150 10
20085 21593 35 0 22029 20802 146 43
20176 7277 111 40 12094 22092 144 44
16596 21736 64 20 10015 16932 153 20
22212 18450 154 50 14021 22188 144 20
5009 14023 109 0 15259 14717 91 40
20707 16595 145 34 4169 21832 101 40
16544 22459 119 25 20125 15254 100 40
22315 22531 76 40 22092 10015 136 45
