8620 6206 128 59 14840 15410 162 29
22864 16751 93 25 11752 21426 52 3
16989 5187 100 43 22146 14204 131 4
19938 7129 107 3 14371 21634 42 3
10254 15031 77 40 10303 12971 194 55
18093 16751 103 43 13365 8620 96 31
16989 14371 108 47 14840 21426 161 37
11752 19938 138 30 6206 15031 34 4
21634 13365 37 2 12971 22146 123 5
10254 14204 87 28 7129 18093 129 26
15410 10303 84 40 5187 22864 139 45
22146 11752 150 43 19938 8620 81 25
6206 21426 54 7 14204 21634 127 3
15031 18093 59 0 22864 14371 128 45
10303 7129 115 23 16751 16989 136 40
5187 13365 88 24 14840 10254 168 54
12971 14204 204 44 15410 11752 97 20
14371 22146 105 48 16751 6206 105 24
8620 22864 176 45 21634 10254 43 3
19938 14840 200 34 18093 10303 57 23
21426 12971 144 27 7129 5187 174 47
15031 15410 81 40 16989 13365 96 24
16751 10254 113 40 14204 19938 162 29
22864 14840 167 39 22146 7129 102 25
18093 12971 180 40 6206 16989 99 24
8620 21634 130 36 5187 15031 55 24
13365 11752 132 45 10303 14371 50 20
15410 22146 118 40 21426 19938 70 3
