18682 21787 61 33 21238 16158 230 65
22774 12991 95 23 20285 18815 52 23
15569 11183 125 20 20681 11574 99 45
18858 21629 42 2 21794 18419 41 6
14841 21707 88 4 18850 21726 53 2
15884 15889 108 22 18203 17280 122 25
21535 19792 98 40 21632 3050 107 30
14532 16118 41 2 21517 15569 153 45
11183 21238 159 43 22774 18858 113 15
20285 21794 82 20 21726 11574 17 0
20681 16158 250 70 18203 21707 101 50
21632 14841 122 14 18682 15884 86 20
15889 21535 37 2 18815 21517 109 27
3050 21629 75 22 21787 18850 206 33
17280 18419 80 10 14532 12991 100 23
19792 22774 96 22 21707 16118 103 20
21726 15569 70 20 18682 18858 38 3
21794 20681 63 24 21517 15884 115 25
3050 20285 82 40 15889 21238 112 25
18815 21787 86 23 18419 11183 89 20
16118 21632 68 10 16158 17280 199 45
21535 18203 143 50 14841 14532 36 0
18850 11574 101 35 12991 19792 169 27
21629 15889 93 2 15569 22774 172 40
20285 18682 64 22 18858 21517 140 20
16118 21726 47 0 11183 15884 140 25
14841 16158 196 73 3050 18419 80 27
21707 12991 114 46 21535 21787 101 23
21238 14532 98 24 19792 21794 84 20
11574 18203 211 40 21632 21629 22 0
18815 18850 60 2 17280 20681 81 2
18419 20285 96 23 16118 18682 48 3
15884 18858 56 5 16158 21535 177 65
12991 14841 131 23 15889 11183 95 22
19792 21517 140 6 21787 18203 56 3
18850 15569 129 30 21238 21632 82 24
21707 3050 57 0 21794 18815 79 2
14532 21726 43 4 21629 20681 95 22
11574 17280 119 25 22774 21535 90 40
18858 16118 105 0 21787 14841 130 28
15884 19792 61 24 15569 20285 87 25
18682 21794 56 0 11183 18850 105 20
20681 21632 67 0 18419 15889 105 2
17280 21238 124 26 21629 21707 42 2
21517 22774 33 0 21726 3050 101 0
16158 18815 193 53 11574 14532 98 25
18203 15569 139 40 12991 18682 96 25
