22293 3963 22 2 22167 14126 122 48
10428 14876 29 3 6727 12721 61 2
3093 22168 89 30 9044 5627 142 30
12721 10428 98 8 3963 14126 44 25
14876 5627 94 40 22168 22293 78 20
3093 9044 54 20 6727 22167 106 23
14126 10428 91 28 5627 22168 137 20
3093 22167 60 30 14876 3963 36 20
9044 6727 44 10 12721 22293 78 10
22167 3963 62 0 5627 10428 91 23
14126 9044 118 8 14876 6727 16 0
22168 12721 97 0 22293 3093 18 0
3963 5627 107 20 9044 14876 34 0
22168 6727 53 0 22167 12721 62 2
14126 22293 38 5 10428 3093 32 2
