22335 11943 41 2 4174 22437 110 10
17126 5361 144 69 9384 14712 133 17
8088 16568 70 25 479 10539 254 55
8365 18657 135 20 9371 8500 120 20
11997 310 228 70 14734 4782 87 30
14212 11453 145 50 8721 4781 51 0
10539 9384 183 50 479 11943 93 35
9371 22335 138 20 16568 17126 78 28
4782 8500 160 40 5361 14734 154 44
14712 310 159 44 4781 18657 142 40
8721 8088 69 9 4174 11997 48 20
11453 8365 64 28 22437 14212 251 70
16568 11943 91 40 8500 17126 101 25
4781 14734 114 20 22335 5361 144 28
4782 11997 77 40 9371 10539 157 40
310 8088 131 25 8365 14212 258 70
18657 9384 136 22 11453 4174 55 20
22437 479 172 25 8721 14712 23 0
8500 10539 189 45 4781 22335 95 20
11997 14212 202 70 11943 17126 120 55
9384 11453 82 0 8088 4782 117 40
18657 22437 178 50 5361 16568 116 48
14734 8721 193 20 14712 8365 168 64
4174 9371 42 20 310 479 221 63
4782 4781 164 40 11943 8088 103 0
8500 9384 165 40 11997 22437 109 45
14734 14712 175 40 11453 16568 18 0
5361 4174 153 48 8365 9371 151 50
17126 8721 87 5 10539 310 161 20
22335 479 119 40 14212 18657 125 30
16568 4781 93 20 9384 11997 120 40
22437 9371 100 10 8088 14734 109 0
10539 5361 62 20 310 11453 205 45
14712 4174 68 20 14212 8500 247 65
11943 8721 115 25 18657 22335 142 45
17126 8365 169 73 479 4782 171 40
