20688 11159 18 0 18627 11009 44 20
11158 19857 91 20 15655 16961 12 2
20481 12401 63 24 11156 13514 37 14
17229 13586 72 2 15251 21730 18 10
12713 11000 103 20 20420 20687 52 10
11455 13590 50 20 15205 12696 106 26
17778 12395 24 0 20745 13588 37 0
17228 21729 30 30 21934 12375 25 0
13582 21935 26 0 12373 13108 49 5
15655 18734 39 2 15251 18627 77 13
11009 20420 57 24 11158 12401 102 25
20481 11455 9 0 16961 12713 60 20
21730 17778 37 0 11000 20688 18 0
12395 21729 63 20 13590 11159 86 13
17229 12375 49 12 15205 13588 45 0
13582 13514 9 0 19857 12696 126 20
11156 18734 42 0 13586 21935 39 0
12373 20745 58 0 20687 17228 10 0
13108 11000 64 20 21934 18627 44 0
21729 20688 66 20 20420 15655 24 0
13588 11158 65 0 20481 13590 76 23
11159 19857 50 20 11455 12401 68 24
12696 11009 123 48 17778 17229 85 10
13514 12373 42 10 12713 13586 64 27
13108 18734 57 2 12375 20745 29 0
21935 15251 68 0 20687 15205 11 2
21934 11156 38 0 16961 13582 4 2
12395 17228 74 30 21730 15655 51 40
13590 20420 85 23 19857 17778 66 24
18627 20481 26 0 17229 12373 44 0
12696 12713 123 44 18734 11158 61 2
13588 15251 53 0 12401 13108 102 24
11000 11156 12 0 11009 12375 41 20
21729 20687 5 0 13514 21730 21 0
11159 16961 32 2 20745 21935 41 0
15205 21934 24 0 20688 12395 55 20
13586 13582 14 2 17228 11455 35 0
12696 15655 116 20 13108 20481 82 20
13588 11009 59 0 12713 19857 108 29
15251 11156 37 0 21729 12373 66 20
12375 11158 11 0 21935 17778 57 0
21730 21934 54 20 18734 20420 36 10
11159 15205 38 0 13582 11000 30 0
12401 18627 92 30 13590 17228 90 3
11455 20745 37 0 20688 13514 41 0
20687 16961 29 2 12395 17229 107 30
13586 15655 39 2 21729 13588 43 0
