10158 14756 136 25 14887 14778 89 4
10537 22301 67 20 9206 21947 94 25
12974 22160 71 20 2858 14682 82 49
6278 14887 29 0 22301 9206 90 25
14778 10537 126 25 2858 12974 65 6
21947 14682 84 28 6278 10158 114 0
22160 22301 119 25 14756 10537 49 0
10158 9206 148 25 14682 12974 29 20
14887 21947 32 2 14778 22160 163 44
2858 14756 93 26 14682 6278 128 43
22160 9206 102 20 10158 14778 125 4
14887 2858 126 26 21947 22301 19 2
14756 6278 90 0 12974 10537 42 0
22301 14778 89 20 14682 10158 192 48
6278 12974 31 0 14887 22160 80 20
21947 2858 87 6 9206 14756 92 5
10537 14682 123 26 10158 14887 227 25
