23011 22946 111 22 22958 21058 94 25
22956 23004 31 0 22975 23012 9 0
21062 22931 39 0 22949 23010 46 0
23007 21066 23 0 19164 21094 127 20
21063 22722 104 30 22940 23002 85 20
23010 23011 72 2 23012 22956 55 20
22946 19164 160 40 23004 21062 27 0
21063 22949 53 0 21066 22958 25 0
21094 22975 46 5 22931 22722 80 0
23002 21058 173 20 23007 22940 138 25
22958 22956 207 4 21066 23004 40 0
19164 23012 68 20 22931 21063 35 0
22940 21094 112 50 22949 23011 96 2
21058 22975 96 25 23002 21062 60 0
22722 23010 108 20 22946 23007 38 10
23004 22958 48 4 22940 22931 114 25
22956 19164 87 20 21058 22949 141 25
21062 23010 30 0 22722 21066 205 20
23011 23007 20 2 22975 21063 21 0
23012 23002 51 0 22946 21094 169 40
22722 22949 132 20 21058 23004 110 25
22975 22940 69 20 23010 19164 111 20
23012 23007 55 30 22958 21062 62 10
21094 21063 13 0 22956 22946 114 20
22931 21066 32 0 23002 23011 88 0
