15186 8499 43 0 14436 12241 16 0
22821 21329 59 0 13910 9743 2 0
18291 17062 48 15 8081 20098 31 0
22081 12841 43 4 19728 10246 29 0
14835 10111 76 5 22295 13968 40 0
22076 2844 103 50 17460 14436 64 5
19728 20098 24 0 12241 22821 10 0
14835 22081 100 10 18291 13910 38 10
22076 17062 29 20 22295 12841 65 24
15186 10246 25 0 2844 10111 53 20
21329 17460 84 4 8499 13968 3 0
8081 22076 66 24 9743 14835 105 5
22295 22821 1 0 12241 15186 5 0
17062 19728 114 40 21329 2844 138 49
22081 9743 10 0 20098 17460 33 0
14436 8499 83 7 12841 18291 117 39
13968 13910 0 0 10246 8081 51 0
10111 12241 0 0 22081 21329 79 24
9743 22295 0 0 14436 19728 139 22
20098 12841 71 24 13910 2844 100 25
8081 10111 51 20 22821 8499 0 0
17460 14835 99 25 17062 10246 56 20
18291 13968 54 10 22076 15186 22 4
2844 22295 43 0 8499 22081 10 0
12241 17460 0 0 12841 8081 101 24
21329 15186 49 4 14835 20098 134 25
13968 14436 80 7 17062 22821 46 20
13910 19728 61 0 10111 22076 31 20
10246 18291 77 10 9743 12241 4 0
