18215 17103 26 3 18249 11990 48 20
20654 22271 8 0 22356 15010 21 0
8099 22334 33 0 22333 15010 14 0
18249 18215 28 3 22334 22271 1 0
11990 8099 65 40 20654 22356 22 0
22333 18249 38 2 17103 22356 3 0
15010 22334 6 0 20654 22333 37 0
22271 17103 20 0 18215 8099 61 23
11990 22333 43 20 18249 20654 134 1
8099 15010 41 0 18215 11990 53 23
22356 22271 7 0 22334 17103 11 0
15010 18249 25 0 8099 22333 112 20
11990 20654 64 0 22271 18215 56 3
22334 22356 0 0 17103 8099 14 0
22333 22334 6 0 22271 11990 44 20
15010 20654 50 0 17103 18249 19 0
15010 18215 27 3 22356 22333 0 0
