18271 14162 39 0 21812 5773 123 20
21940 21227 40 0 19820 21483 7 0
9448 19752 5 0 8872 18466 195 65
16778 13215 117 0 5206 21940 66 20
14162 21812 98 20 21483 8872 155 40
19752 18271 2 0 13215 5206 47 0
5773 19820 6 2 16778 9448 93 25
18466 21940 109 25 21227 14162 159 25
19752 19820 8 2 5773 18271 71 0
5206 16778 142 25 21812 8872 197 65
21483 13215 36 3 9448 18466 40 20
21227 16778 104 20 14162 19752 78 24
8872 9448 133 20 18271 21940 46 0
18466 21483 52 20 5773 5206 68 20
13215 21812 170 40 19820 21227 80 10
21483 18271 33 0 18466 16778 79 20
21940 21812 82 20 5773 19752 42 20
5206 14162 128 44 19820 9448 17 0
8872 5773 137 20 21227 13215 96 5
