21826 12375 1 0 15251 20687 3 2
16961 13588 5 0 21934 15205 3 0
13590 18627 52 30 12373 11000 6 0
11009 12401 12 0 13582 20420 0 0
12696 13586 64 20 21935 11159 16 0
11156 18734 3 0 20688 11158 34 0
11455 20481 18 0 13514 12395 43 20
13108 12713 26 0 17778 15655 22 0
20745 12373 0 0 19857 16961 38 0
13582 13590 37 20 15205 12375 1 0
21934 21826 1 0 11158 13586 33 0
20687 12696 65 20 11009 13514 9 0
11159 18734 27 2 11455 13108 16 0
20420 17778 22 10 12395 19857 48 22
13588 18627 27 10 11156 15655 18 0
15251 21935 28 0 20481 12401 82 20
11000 20688 14 0 12713 20745 23 0
16961 13514 37 0 13582 21826 21 2
12373 12395 42 20 18734 11009 17 2
20687 15205 2 0 13586 11156 6 0
13590 20481 27 20 11159 17778 2 0
12375 11000 18 0 12401 19857 80 20
18627 20688 9 0 12696 15251 50 25
20745 21934 25 0 15655 11455 21 0
11158 12713 25 0 21935 13588 15 0
20420 16961 34 10 13108 11156 59 2
19857 11159 35 2 20687 13582 8 0
15205 12373 18 0 21826 12401 79 22
13590 11009 37 20 20688 21934 39 0
15655 12696 52 20 20481 11158 12 0
17778 21935 49 0 12375 18627 35 10
12395 13108 65 22 20745 13588 13 0
13586 11455 15 0 12713 15251 70 2
13514 11000 10 0 18734 20420 25 2
13582 11156 8 0 12373 20481 25 0
15655 20687 15 0 16961 20688 12 0
12395 11158 29 0 12375 11159 12 0
15205 13108 20 2 18627 11009 42 10
21934 19857 50 0 12713 12696 71 20
21935 21826 55 0 20420 11455 29 10
18734 13586 43 2 13588 13590 39 20
12401 13514 70 22 17778 20745 17 0
15251 13582 34 0 11000 16961 21 0
