21816 21323 147 22 16311 14363 75 0
4546 6299 42 20 20020 7079 69 10
6210 11503 122 40 6209 18030 78 40
4545 11093 75 21 7161 14361 158 45
20020 20716 82 24 12596 16311 71 20
6299 6210 101 4 11503 21323 100 32
6209 4546 72 40 14363 11093 105 0
21816 18030 87 10 4545 20716 130 48
12596 7161 35 0 7079 14361 210 55
16311 6210 75 3 14363 6299 134 20
11093 20020 86 10 11503 21816 73 20
7079 12596 37 20 6209 4545 106 1
21323 7161 93 32 20716 4546 101 0
14361 14363 76 25 18030 20020 91 25
11093 16311 136 24 6210 7079 131 45
6299 6209 121 20 21816 7161 49 0
14361 4545 207 50 20716 21323 91 4
18030 11503 123 40 4546 12596 52 20
16311 20020 153 24 7161 6209 64 0
20716 14363 118 40 6299 7079 108 20
18030 12596 54 0 21323 11093 143 28
14361 21816 184 50 4546 6210 77 20
4545 16311 152 45 11503 6299 103 20
