20045 21931 10 0 19932 14596 169 34
22331 18174 102 26 16501 12130 130 0
6518 20430 117 22 21624 13414 48 0
4366 5543 84 3 18686 5300 12 0
16501 22331 125 23 14596 13402 128 32
18174 19932 107 26 20430 21624 121 7
20045 13414 39 0 5300 4366 65 3
21931 5543 69 13 6518 13402 35 10
14596 18686 105 24 12130 21624 52 0
13414 20430 122 23 16501 20045 115 20
5543 18174 68 8 19932 4366 42 5
13402 5300 20 0 12130 6518 42 10
18686 22331 13 0 21931 13414 93 30
20045 19932 27 3 5543 16501 106 24
13402 12130 12 0 20430 4366 177 29
5300 21624 65 20 22331 21931 76 20
6518 14596 104 10 18174 18686 90 26
13414 12130 48 20 5543 19932 52 11
16501 20430 195 23 5300 21931 47 10
18686 13402 10 0 18174 20045 132 25
4366 6518 40 3 22331 14596 129 24
21624 16501 155 28 13414 5543 99 31
