17346 21401 70 25 20683 7989 6 0
21404 21601 15 0 16461 7105 183 16
21351 19539 51 7 21465 5064 154 30
16582 8300 77 25 15333 5549 10 3
6078 22759 167 50 18175 21318 32 20
19539 5064 192 55 17346 21404 54 25
7989 21351 97 7 16461 16582 95 20
21401 7105 130 12 8300 22759 69 25
18175 15333 33 3 21318 5549 4 0
6078 20683 131 50 21465 21601 13 0
19539 21404 102 20 22759 16582 65 20
5549 17346 53 25 7105 21351 87 26
15333 16461 91 17 21401 6078 168 50
5064 21318 163 30 7989 21601 12 0
21465 20683 19 0 8300 18175 129 25
15333 21401 36 2 21404 21351 89 2
7105 16582 127 36 5064 6078 123 45
17346 8300 98 20 21601 18175 10 0
5549 7989 87 40 22759 21465 36 0
21318 16461 108 30 20683 19539 61 20
21351 6078 96 37 8300 21404 81 20
22759 15333 18 3 21601 17346 46 5
16582 21465 65 20 21401 21318 23 0
5064 5549 139 35 16461 20683 72 7
18175 7989 47 5 7105 19539 182 52
