22263 13459 74 20 18840 16195 193 57
17453 3491 124 43 15013 15479 38 10
22557 21603 82 20 16353 20025 150 20
16195 17453 98 23 3491 18840 116 48
22263 16353 76 0 15479 20025 62 20
13459 21603 43 0 15013 22557 72 20
18840 20025 116 49 15479 3491 83 3
16195 15013 145 31 16353 22557 112 40
13459 17453 29 0 22263 21603 8 1
15479 18840 108 20 22557 16195 125 32
21603 16353 44 23 3491 13459 56 3
20025 22263 56 24 15013 17453 45 0
16353 15479 92 0 21603 18840 110 23
20025 15013 52 20 16195 13459 128 29
22557 3491 104 23 17453 22263 59 0
