14413 4174 108 25 21690 22434 23 2
3922 22211 20 0 22204 22716 0 0
14156 6051 29 20 11997 22207 21 0
16622 3006 110 0 22206 20233 123 10
14212 22437 120 30 9371 22335 13 10
19426 22433 28 0 20712 14413 76 25
22207 3006 62 20 22716 21690 60 2
9371 22206 56 20 22204 6051 60 20
4174 16622 59 10 22211 14212 175 50
22335 22434 56 20 3922 20712 41 0
22437 20233 98 30 14156 19426 91 20
22433 9371 50 20 4174 11997 75 20
14212 22204 231 40 14413 22207 35 8
22716 14156 53 0 22434 16622 19 2
3006 3922 81 0 19426 6051 47 20
22211 20712 50 0 11997 22437 129 20
22335 21690 93 2 20233 22433 92 10
22206 3922 50 0 14212 14156 62 20
22434 11997 65 20 3006 22204 68 20
20712 20233 58 10 22207 4174 70 20
21690 19426 130 2 22211 9371 43 20
6051 22335 88 30 16622 14413 38 2
22437 22716 56 20 22433 22206 63 0
21690 22204 42 2 14212 20712 254 70
14156 9371 87 40 3006 14413 90 7
22434 22211 19 0 6051 22433 50 20
4174 19426 49 20 22206 22335 34 0
16622 22207 16 0 22437 3922 90 0
11997 14212 184 35 20233 22716 67 10
