267 15365 27 0 15562 19856 41 0
12599 13439 185 50 18127 4511 160 43
187 13688 51 20 22506 7878 43 20
18127 12599 201 20 15562 15365 15 0
7878 187 36 3 4511 19856 127 28
22506 13688 13 0 13439 267 51 0
19856 18127 71 5 7878 12599 193 50
15562 267 34 0 187 13439 74 40
13688 4511 125 28 15365 22506 51 40
13439 15562 129 20 19856 7878 34 0
15365 18127 124 25 187 22506 79 40
4511 12599 284 78 267 13688 19 0
7878 13439 82 20 15365 187 55 20
19856 267 48 2 13688 18127 97 25
4511 22506 114 43 12599 15562 248 50
