22853 22393 42 20 10405 22745 72 22
22713 22744 13 10 21338 22852 13 3
22176 22133 32 20 22714 22170 46 20
22852 18514 32 10 5175 22853 43 23
22176 22714 43 0 21338 10405 45 13
5175 22744 33 2 22133 22393 34 20
22745 22170 20 3 18514 22713 55 0
21338 22176 20 2 5175 22393 44 33
22170 22713 26 0 22744 22853 9 2
22852 10405 9 0 18514 22133 36 20
22745 22853 9 3 22714 21338 31 3
10405 5175 83 20 22170 22744 29 13
22393 18514 96 40 22713 22714 14 0
22133 22852 11 0 22176 22745 45 3
22714 10405 54 0 22713 5175 23 3
22393 21338 81 23 22170 22852 7 3
22745 18514 58 10 22744 22176 52 23
22853 21338 8 3 22133 5175 52 3
