14556 21907 22 20 10470 18621 63 40
19594 11612 5 2 12761 22130 98 33
19595 17127 126 26 21986 21567 68 24
21631 12591 77 17 10617 15425 39 20
18487 13226 104 20 21475 18535 36 20
20107 10470 40 40 17127 11613 195 22
21567 19595 47 3 22130 14556 46 0
18487 18621 49 20 12591 11612 40 10
12761 15425 50 3 20107 21475 40 20
21907 13226 137 40 19594 21631 97 3
18535 21986 93 39 11613 10617 60 23
17127 21475 131 25 12591 14556 60 30
22130 10470 38 20 15425 18487 71 20
21631 20107 19 2 19595 19594 22 2
18535 12761 83 13 21986 21907 72 24
10617 13226 103 40 18621 21567 79 40
11613 21475 45 10 11612 21631 71 2
12591 18535 80 20 10470 19595 34 2
18621 22130 53 20 21986 20107 67 24
18487 10617 98 40 17127 19594 133 23
14556 11613 50 0 13226 12761 131 33
21907 21567 43 20 11612 15425 30 0
19594 10470 58 2 21475 21986 73 24
22130 12591 34 10 13226 11613 81 22
21567 17127 128 43 18535 21631 102 30
11612 20107 51 23 10617 14556 67 40
12761 21907 121 33 19595 18487 83 0
15425 19594 60 2 18621 18535 86 30
13226 11612 76 23 10470 17127 134 23
21567 12591 52 10 20107 12761 56 2
15425 18621 76 20 11613 19595 56 4
21475 10617 49 20 21907 22130 102 40
21631 21986 74 24 14556 18487 70 40
