19490 18844 86 20 16417 16399 172 58
18158 19491 89 40 20261 22260 36 0
19446 19498 63 25 19836 19530 160 40
19531 20035 106 20 21319 22379 174 50
16413 16488 108 5 16397 20105 28 3
19500 22242 145 10 16423 19721 42 0
19486 16366 78 25 16424 22075 76 28
18846 19530 139 24 21908 20261 113 50
18844 19836 117 35 19491 21319 197 45
20105 18158 114 39 19446 19490 75 20
22260 19721 52 0 16413 20035 89 10
22242 22379 107 20 22075 16397 54 9
19498 16399 77 25 16366 19500 156 45
18846 16417 203 59 19531 16424 88 40
21908 16423 101 37 19486 16488 103 10
20261 19490 76 20 19836 16413 148 20
22379 19446 48 0 19721 18844 100 40
18158 22075 88 26 20035 19500 134 45
19530 16417 233 70 16366 20105 109 51
16488 21319 239 65 16399 18846 98 44
16424 16397 75 20 19491 16423 34 2
19486 19498 104 30 22242 22260 45 0
19500 19531 121 20 21908 19446 128 25
20261 20035 110 40 18844 20105 55 30
19836 22075 119 50 16399 19721 107 33
22379 19491 57 20 19530 16413 144 30
16423 18158 137 22 18846 19498 107 53
16397 21319 8 0 16417 19486 194 50
16424 22260 63 20 19490 21908 77 40
19531 16366 143 45 16488 22242 115 45
20105 19500 133 49 22379 19836 212 45
16399 20261 32 0 16423 19446 36 2
20035 19486 64 30 19491 18846 119 48
21319 16413 124 15 19498 16424 98 59
19721 19490 103 30 19530 19531 179 40
22260 18844 150 55 22075 16488 80 20
16417 21908 253 100 22242 18158 93 40
16366 20261 79 20 16397 19836 77 25
