5243 6976 19 2 16458 4602 32 10
18140 16377 67 20 15703 21337 76 10
18244 16556 82 20 16555 13893 130 23
19412 5189 45 0 18908 4008 86 2
15221 5188 66 0 5243 13895 12 0
16458 16556 104 40 15703 18140 81 10
18244 13893 101 13 4008 16377 95 28
4602 18908 91 2 5188 21337 69 30
19412 16555 58 20 13895 15221 81 0
16556 5189 59 25 6976 18244 61 22
5188 4008 42 2 16458 16377 186 50
5243 18140 59 0 19412 13893 119 3
6976 21337 78 22 15703 13895 21 4
16555 15221 155 40 5189 18908 104 20
4008 19412 63 4 4602 16556 73 20
15703 5188 105 20 21337 18244 78 0
15221 5243 109 23 16377 6976 105 2
18908 16555 158 23 4602 18140 46 0
13893 13895 90 2 5189 16458 24 15
21337 4008 75 22 16556 15221 127 23
16555 18140 121 20 6976 5188 51 2
5189 15703 82 10 5243 4602 109 0
18244 16458 215 65 19412 18908 99 3
16377 13893 171 31 13895 6976 85 20
16556 4008 49 20 5188 5243 19 0
16458 19412 207 40 21337 5189 102 0
13895 4602 23 0 18140 18244 116 20
13893 18908 83 23 15221 15703 139 31
16377 19412 118 28 16555 16458 112 40
18140 6976 90 2 4008 5189 31 2
4602 5188 21 0 13893 15221 110 3
21337 5243 76 20 18244 16555 167 40
16377 13895 100 28 18908 16556 105 20
6976 15703 99 28 5188 19412 90 20
15221 18244 152 23 18140 16458 86 20
18908 21337 59 0 13893 5243 82 0
13895 16555 32 20 4008 15703 138 28
5189 4602 10 0 16556 16377 85 8
