19630 7039 54 28 7278 20096 116 4
13804 8535 44 1 18264 12888 41 0
21494 18835 28 20 22254 21587 116 0
965 293 13 0 15304 21937 66 0
7953 3749 34 0 11112 15308 104 26
21497 21524 126 20 19670 389 51 5
12838 18792 144 40 9064 21496 93 20
18835 8535 74 23 7278 19630 51 33
965 12888 16 0 21587 7039 126 20
20096 15304 133 44 22254 18264 65 20
389 13804 57 20 15308 293 67 2
3749 19670 111 20 12838 9064 57 20
21496 21524 156 25 21937 7953 52 0
11112 18792 190 51 21494 21497 151 44
21587 965 134 30 8535 20096 99 4
18835 18264 44 0 7039 15308 100 25
7278 22254 31 0 19670 13804 138 20
21496 15304 38 20 19630 389 30 0
21497 11112 100 43 21937 9064 75 0
7953 12838 36 20 293 21494 21 0
21524 18792 166 45 12888 3749 40 0
15308 19670 95 45 8535 21587 127 26
389 7278 38 0 965 18264 42 0
7039 11112 44 6 13804 21496 110 20
19630 22254 30 0 7953 21497 168 20
9064 21494 65 0 15304 21524 88 25
12888 21937 64 0 20096 12838 143 44
293 18835 13 0 18792 3749 129 25
21587 19670 179 45 18264 21496 62 0
389 22254 48 0 8535 11112 66 3
15308 19630 75 23 21524 965 35 0
21497 15304 118 40 7039 12838 57 22
13804 20096 128 44 18792 7953 116 25
21937 7278 57 0 3749 21494 72 0
293 9064 33 0 12888 18835 40 0
