14023 22188 74 0 22531 18634 53 0
16596 20125 105 24 18444 14021 18 0
21736 22873 50 10 16932 14718 57 5
18450 22029 150 48 10015 20168 68 20
18634 14022 0 0 14021 16596 110 0
14718 22531 48 2 16932 20125 141 43
18450 18444 86 20 22873 14023 132 30
22188 14022 38 0 22029 21736 101 23
20168 14718 32 2 10015 14021 111 0
18634 20125 54 20 16596 18450 121 20
21736 18444 13 0 22029 22531 119 23
22873 20168 44 10 14023 14022 39 0
10015 16932 124 20 20125 22188 89 20
14021 22029 67 3 22531 18450 73 25
20168 14023 83 20 14718 21736 162 25
22188 10015 85 20 16596 22873 57 10
14022 16932 78 23 18444 18634 32 20
20125 14021 116 24 22029 14023 132 23
22873 22531 87 10 16596 20168 48 0
18444 10015 110 20 18634 21736 44 20
14022 18450 86 40 14718 22188 65 25
14023 16596 52 0 16932 22029 109 43
20168 18634 16 0 20125 22873 126 20
14021 14718 87 5 22188 18444 83 20
22531 16932 102 23 14022 10015 58 20
21736 16596 39 0 18450 20125 124 45
