17156 4228 59 20 16290 15006 181 64
18317 8798 129 52 6433 20012 101 30
7719 9944 136 35 16626 19895 59 20
9175 10830 110 26 8617 9987 121 25
3888 6322 155 54 7341 18385 123 25
3123 11172 198 50 15052 516 70 24
9277 20344 88 20 20022 9930 153 30
20012 15006 175 60 7719 16626 139 20
19895 8798 16 0 4228 9175 152 25
16290 6433 180 46 9944 3888 134 25
516 17156 65 0 6322 8617 135 45
18385 3123 97 0 20022 18317 167 24
20344 9930 188 50 15052 10830 90 29
9987 9277 94 20 11172 7341 154 53
3888 16290 88 48 8798 7719 104 30
9175 6433 166 0 16626 17156 83 20
4228 20022 77 25 18317 6322 156 48
19895 8617 81 25 20344 3123 180 40
9277 15052 156 40 20012 9987 64 26
7341 10830 71 3 15006 516 172 24
11172 18385 165 10 9944 9930 172 50
9175 18317 184 52 7719 3888 87 0
16626 6322 90 20 3123 16290 137 20
4228 15052 122 40 6433 9277 127 24
9987 516 91 2 15006 20344 108 25
8617 7341 107 25 9930 18385 177 50
8798 20022 84 25 10830 9944 123 31
20012 19895 84 20 17156 11172 134 40
6433 7719 185 47 3123 9277 155 45
15006 15052 199 60 6322 9175 69 20
516 20344 101 25 18385 4228 189 45
9930 16626 171 45 8798 9987 70 20
16290 8617 162 24 20022 11172 41 25
10830 20012 207 51 19895 3888 19 0
17156 9944 82 25 18317 7341 153 28
6322 7719 137 65 20344 6433 131 9
18385 8798 106 20 9277 15006 93 0
9930 9175 89 25 516 16290 163 56
3888 20012 75 20 8617 4228 146 40
11172 16626 151 50 10830 18317 233 65
9944 3123 186 45 9987 17156 59 0
7341 20022 113 24 15052 19895 40 4
