20394 21962 171 20 14762 21890 63 2
21338 18071 40 20 16911 16909 145 28
9840 16226 127 4 16816 21386 58 0
20335 18514 59 23 5175 19572 101 20
10405 19947 71 25 22393 22495 68 30
18140 16215 203 10 14503 10354 124 20
16930 22614 89 7 14785 21693 91 30
10095 19502 195 44 16685 12857 109 24
21890 9191 84 20 18064 12978 152 28
14762 21386 85 22 20335 19947 127 0
18071 16816 45 20 21962 10354 168 45
21693 5175 49 3 21338 9840 123 40
16909 16226 144 44 12857 14503 114 25
22393 16930 121 40 19502 9191 132 0
18064 16911 104 7 18140 19572 187 35
16215 16685 133 25 14785 10405 95 40
20394 10095 171 45 22614 22495 22 0
12978 9840 146 47 18514 18071 54 23
19502 21693 116 40 16226 21962 152 47
12857 19572 138 45 16930 14762 119 35
9191 18140 188 40 10405 21338 64 40
21890 16215 147 20 16816 22393 53 40
21386 18514 104 40 20394 16909 179 29
22495 20335 58 0 16911 12978 193 50
10095 5175 101 20 14785 18064 129 0
19947 16685 111 25 22614 14503 96 25
10354 21338 130 50 21890 12857 146 49
19572 21386 161 45 21693 18071 120 34
16911 20394 195 51 9840 19502 101 32
10405 18064 147 44 18514 16930 75 23
14503 22393 222 70 21962 10095 149 40
10354 16685 44 0 16909 20335 117 45
16816 9191 80 20 19947 5175 80 25
22495 14785 99 20 16226 18140 94 20
12978 14762 107 15 16215 22614 51 7
14503 16930 142 45 21386 21890 115 40
10354 16911 197 61 18514 10095 95 23
18071 19502 187 54 5175 10405 71 23
12857 14785 177 53 22393 9840 84 20
12978 16816 115 3 16685 20394 42 20
16226 22614 64 18 9191 20335 136 40
16909 14762 37 6 21693 18140 150 20
18064 21962 148 44 21338 19947 129 45
19572 22495 96 25 19502 16215 187 50
