5710 6032 15 0 13534 18754 76 7
5060 22039 21 0 22489 12147 63 24
21877 8245 71 13 21913 21782 54 2
15943 14853 40 0 14875 18438 160 40
18224 5060 74 20 18754 6032 80 20
13534 8245 54 0 21877 22039 91 24
22489 14853 113 20 21782 5710 6 0
12147 21913 31 0 15943 18224 160 24
14875 5060 13 0 18438 8245 64 10
21782 18754 106 20 22489 13534 65 22
21877 15943 106 27 14853 18224 121 44
6032 18438 164 45 5710 12147 28 2
22039 21913 67 2 14875 21782 55 0
13534 21877 119 12 5060 15943 18 10
18224 12147 82 2 8245 5710 35 0
21913 14875 69 2 6032 22489 79 26
22039 18754 81 17 18438 14853 100 10
21782 13534 50 2 12147 5060 23 2
15943 22489 92 20 8245 6032 25 2
5710 18224 113 24 22039 14875 13 0
18754 18438 247 50 21913 21877 68 26
8245 22489 84 20 14853 13534 70 22
21782 22039 44 0 6032 15943 46 2
12147 14875 30 2 18754 21877 135 49
14853 5710 66 20 5060 21913 74 3
18438 21782 133 10 18224 13534 87 22
