19737 15546 50 8 19734 11719 31 2
19739 15553 30 7 19574 21792 14 0
18484 19736 68 0 20485 15549 18 0
21889 18900 35 20 14637 15550 23 20
19738 19779 33 0 19592 18483 62 22
21685 21888 1 0 19733 19574 14 0
21792 19734 12 0 21889 19736 4 0
15553 19592 29 3 18900 18484 118 40
15550 20485 40 3 15546 19779 119 28
11719 19733 45 3 15549 19738 19 2
21685 14637 36 0 18483 19737 78 17
19739 15546 102 18 19592 21888 8 2
15549 19779 65 20 19734 21889 29 2
19736 19574 3 0 11719 14637 94 2
18484 19738 38 10 21685 19739 12 0
19733 19737 25 4 20485 15553 36 13
18483 21792 90 23 21888 18900 66 20
19574 19734 19 3 15550 18484 83 20
19779 14637 90 20 19739 19733 19 4
18900 15546 105 30 19738 19736 25 0
19592 21685 27 3 20485 21792 32 2
11719 21889 21 3 15553 18483 55 0
21888 15549 24 0 15550 19737 46 2
19734 20485 34 3 18900 19739 35 20
21792 11719 27 6 19779 18484 101 25
15553 15549 41 3 15546 21685 0 0
21889 19592 16 3 19737 19574 35 3
18483 15550 124 25 19736 19733 25 0
14637 19738 91 20 21888 19734 38 0
