4783 22166 15 0 14156 21690 76 2
22262 10539 88 20 22785 19426 39 0
22335 4784 74 0 14734 4785 40 0
22782 14712 38 0 11943 20701 75 20
310 479 82 20 12282 22783 42 20
4782 22781 42 0 22784 15580 30 20
17253 10639 56 20 13029 16622 28 0
21690 19426 19 2 22335 14734 66 20
4784 11943 32 0 10539 22166 52 20
4785 479 80 20 4783 22782 29 4
14712 4782 30 0 22262 22783 14 0
22781 14156 41 0 17253 16622 36 20
12282 13029 99 22 22784 22785 30 0
15580 310 57 20 20701 10639 50 20
14734 4783 62 0 10539 22782 38 2
22166 22335 42 0 4782 479 85 0
16622 21690 24 2 14712 4785 33 0
17253 11943 64 20 19426 12282 72 20
22783 13029 26 2 14156 15580 36 0
22785 4784 0 0 310 22781 60 30
22262 20701 134 0 10639 22784 63 4
10539 14734 75 20 479 14712 67 0
16622 4783 16 0 12282 22335 93 30
22782 17253 48 3 22783 21690 33 2
4785 22785 19 0 15580 11943 38 0
22781 20701 43 20 13029 22262 18 2
19426 22784 17 0 22166 310 76 20
10639 14156 105 44 4784 4782 17 0
14712 10539 79 20 22335 17253 54 20
22783 16622 8 0 22785 14734 34 20
21690 15580 4 2 479 22262 87 20
11943 13029 111 23 4783 310 50 20
22782 22784 31 2 4784 14156 47 0
20701 4782 43 20 19426 4785 27 0
10639 12282 116 40 22166 22781 51 0
