21774 8395 168 49 19818 14315 61 23
17219 7518 84 0 20127 21442 23 2
16789 5014 45 24 18230 17394 43 40
20123 10216 36 20 9530 18602 89 3
5225 12847 63 25 7519 14607 73 0
22554 11525 45 0 20343 17080 87 24
7631 21310 78 28 21828 9667 38 0
13463 14169 99 27 5233 21359 125 17
19642 6406 32 2 4451 4234 89 20
21442 5014 41 20 14315 9530 76 7
7519 8395 64 5 18602 18230 118 20
14607 20127 30 2 20123 22554 86 40
19818 17394 109 20 12847 17080 173 64
21828 5233 130 23 20343 7518 46 0
13463 21774 91 24 6406 10216 71 0
14169 16789 77 20 21310 4234 114 23
9667 17219 57 0 11525 19642 65 3
4451 21359 105 0 5225 7631 112 28
20127 12847 24 2 8395 9530 141 44
14315 21828 42 0 17394 7519 68 40
5014 18602 108 40 7518 21774 195 40
21310 17080 207 67 20123 13463 26 0
11525 21442 18 0 16789 6406 72 20
4234 19818 154 25 17219 5225 107 2
7631 18230 76 22 5233 22554 133 43
9667 14607 83 3 14169 4451 113 27
10216 20343 47 20 21359 19642 116 31
7518 21310 102 23 12847 14315 105 43
17080 21828 89 28 21774 20127 85 26
17394 11525 53 0 4234 20123 112 20
6406 5233 119 23 8395 17219 139 40
22554 13463 74 34 5014 5225 122 25
18230 9530 101 20 21359 14607 137 31
19642 18602 151 22 7631 14169 123 24
16789 7519 96 20 10216 9667 31 0
21442 20343 43 0 4451 19818 106 20
21774 20123 99 9 12847 17219 117 0
5225 5233 124 10 20127 21310 77 25
4234 7518 93 20 8395 22554 86 29
6406 21359 106 24 18602 21828 101 20
19642 14315 66 26 17080 16789 194 64
9530 19818 154 20 13463 9667 2 0
18230 10216 83 20 14169 21442 32 2
7519 4451 149 24 5014 11525 90 20
14607 20343 110 0 17394 7631 81 25
