13588 21826 77 20 13590 13586 119 25
13108 12713 137 25 21730 11455 96 20
13582 11000 38 0 15205 19857 51 20
20481 21934 120 44 16961 13514 27 0
15251 21935 77 30 20687 11156 25 0
11158 12373 126 24 12375 20688 21 2
11009 12696 144 24 12395 20745 94 20
17229 18734 122 27 17778 20420 125 20
17228 21729 141 24 12401 18627 154 40
11159 13582 32 0 15655 13108 142 23
15251 11000 20 10 12713 13588 131 25
15205 11158 50 0 20481 13590 122 40
13586 12395 103 27 20688 20687 40 0
16961 21826 55 2 12373 17229 71 20
18734 11009 75 20 21729 11156 134 24
15655 20420 91 40 12696 18627 157 20
21935 21730 100 44 20745 12375 31 0
17228 11159 58 0 13514 17778 58 0
11455 12401 43 0 21934 19857 122 24
13582 17229 117 24 15251 12395 119 30
20687 15205 36 2 12713 12373 123 25
11156 13108 113 20 21826 18627 76 6
11158 16961 110 23 21729 13586 133 26
20688 13590 79 25 20420 17228 84 5
21934 12696 176 44 21935 13588 94 20
20481 11159 66 0 11009 21730 96 28
20745 18734 131 0 13514 11455 49 0
15655 12401 136 25 12375 11000 25 0
17778 12373 22 0 19857 13586 167 26
12395 11156 101 25 17228 15205 37 0
17229 21729 108 20 13108 21935 195 47
21730 12696 179 44 13582 11158 19 3
18627 15251 69 4 18734 13590 150 5
12375 12713 127 30 21826 20481 85 22
20688 11009 54 25 19857 15655 128 44
20420 11455 90 20 11159 16961 36 0
12401 13514 99 20 13588 20687 84 20
20745 17778 20 0 11000 21934 58 0
12696 13108 186 44 15205 15251 48 13
13586 17228 63 2 18734 12713 189 45
21826 21935 34 3 13582 20688 13 0
11455 12375 30 0 17229 11009 131 28
19857 13514 136 45 11158 12395 77 23
13590 21730 159 30 17778 15655 91 20
20420 13588 72 20 21729 20481 96 2
11156 20745 42 0 11159 12401 120 20
18627 20687 95 2 11000 16961 29 0
21934 13582 57 0 12373 15251 54 10
