18380 8647 72 24 22089 8703 4 2
19824 10703 163 42 18658 22032 22 0
9637 20143 65 2 8956 14664 68 20
13017 11526 85 40 8647 9661 5 0
9637 19824 87 15 10703 18380 104 24
22032 8703 30 6 9661 22089 17 0
18658 14664 13 0 20143 13017 132 40
18380 8956 107 44 11526 10703 34 0
9661 9637 15 2 8647 20143 54 25
8703 13017 25 2 8956 22032 77 20
14664 22089 16 2 19824 11526 151 43
20143 18658 49 20 22032 18380 79 4
8703 9661 18 0 14664 10703 61 20
22089 19824 81 2 9637 13017 79 22
18658 8956 76 20 8647 11526 30 20
18380 9637 38 6 13017 9661 45 0
8956 8647 90 20 22032 19824 148 27
10703 22089 81 22 20143 14664 143 25
11526 18658 11 0 8703 9637 6 2
8647 22032 24 0 14664 18380 75 4
9661 8956 55 0 22089 18658 34 0
11526 8703 47 23 19824 20143 176 55
10703 9637 29 2 13017 8647 66 0
