16379 18341 269 81 19010 22743 109 29
20334 10348 112 43 12887 20515 204 45
21749 12518 64 0 10092 21330 167 60
14179 21797 266 70 14442 16265 114 25
7172 7813 180 20 15789 12275 74 22
15909 12887 171 50 21749 16379 108 40
10092 19010 91 40 20334 16265 101 20
21330 15789 154 50 18341 10348 105 28
12518 14442 35 10 7172 20515 202 60
22743 15909 86 40 7813 14179 230 70
12275 10092 35 20 21797 12887 162 33
20334 18341 126 54 7172 16265 192 60
21749 7813 178 40 19010 12518 35 0
10348 12275 49 2 16379 14179 244 75
20515 21797 167 20 21330 15909 65 25
22743 15789 149 46 14442 20334 81 20
16265 21749 113 25 10348 7813 148 40
18341 14179 244 76 20515 10092 72 20
12887 22743 227 65 7172 21330 192 65
12275 19010 28 2 15909 14442 69 40
15789 16379 150 50 21797 12518 74 40
16265 20515 165 20 22743 21749 81 23
15909 7172 216 60 10348 10092 207 73
12518 20334 55 20 12275 18341 152 31
14179 12887 271 80 15789 19010 55 7
21330 14442 144 25 7813 16379 160 60
21797 7172 198 55 20334 21749 76 20
