8161 22515 48 20 3963 13439 129 20
750 7878 80 30 13727 19856 56 23
20431 15562 44 20 14687 22506 57 40
13784 8892 35 20 15365 13189 67 20
3093 12076 75 2 11547 7100 50 20
4511 9470 86 25 10428 22559 50 2
15562 14687 33 20 22515 13727 67 23
13439 750 118 40 13189 20431 25 0
11547 12076 40 2 19856 8161 50 20
10428 7100 33 4 7878 8892 80 34
15365 3093 47 0 22559 22506 129 22
4511 3963 29 0 13784 9470 98 46
13189 19856 35 0 14687 8161 71 20
15562 13439 72 20 8892 11547 127 30
22559 12076 45 2 7878 20431 91 30
22515 22506 56 20 9470 750 113 40
3963 15365 28 20 7100 4511 82 29
13727 13784 85 23 3093 10428 98 0
13439 22559 87 20 12076 14687 61 22
22506 11547 28 0 13189 7878 99 20
8892 8161 86 44 750 4511 143 44
7100 22515 35 0 13784 19856 83 43
10428 15562 49 0 3093 3963 71 20
20431 13727 32 2 9470 15365 91 20
22559 14687 15 2 750 11547 117 0
22506 7878 79 1 8161 13784 123 43
19856 4511 112 44 13439 3093 95 20
15365 20431 39 0 22515 10428 67 4
8892 3963 64 24 12076 13727 99 5
9470 7100 41 3 15562 13189 48 0
