11337 10673 108 24 11333 10006 83 40
10298 11334 118 15 11335 22535 39 0
11380 16726 104 23 6282 20381 181 44
11379 22549 38 20 16235 21611 41 20
22037 13046 111 20 11332 9247 93 40
11336 16400 68 11 16234 16401 81 4
22566 6282 134 44 11337 22535 132 20
11335 11380 58 10 10006 21611 33 0
22549 22037 82 20 11334 11333 93 14
16234 16726 80 20 10673 11332 57 20
10298 16235 130 25 16401 22566 23 0
13046 11336 58 3 11379 20381 48 20
9247 11334 149 34 16400 11337 101 30
11380 22535 77 10 16234 22549 117 20
10298 11333 135 25 11332 16235 41 20
10006 11379 90 20 16726 16401 22 0
21611 16400 48 0 22566 13046 35 20
11335 20381 56 20 10673 9247 80 0
11336 22037 94 40 6282 16235 114 24
22535 11379 68 10 11380 11333 60 20
11337 16726 119 40 13046 10298 107 20
16401 21611 56 4 11334 10673 78 30
20381 16234 82 20 22037 22566 141 40
11332 6282 152 44 16400 11335 54 15
9247 10006 90 40 11336 22549 101 43
16235 11380 76 20 13046 11334 37 10
10673 10298 102 25 22037 11379 74 20
21611 6282 123 24 11333 16234 72 20
22566 11335 91 20 16726 11336 98 43
16401 11332 64 20 22549 11337 110 20
20381 10006 91 20 22535 16400 62 25
9247 16234 88 20 11380 10298 154 30
