10785 8405 98 4 16557 12968 28 2
3415 11180 107 32 4102 4890 49 0
5573 10874 16 2 7959 13302 50 20
8405 3415 49 5 3774 10785 64 0
7959 5573 33 22 11180 16557 180 32
4102 12968 21 0 10874 4890 95 20
16557 13302 36 0 11180 3774 143 32
8405 4102 86 25 4890 5573 64 22
7959 10874 38 20 3774 3415 11 0
12968 10785 55 5 13302 11180 164 29
8405 16557 81 0 10874 4102 14 0
4890 3774 92 20 10785 5573 42 4
12968 13302 52 22 3415 7959 32 22
4890 11180 199 47 10874 8405 40 0
3774 7959 19 0 10785 4102 102 24
5573 16557 37 3 12968 3415 27 3
13302 4890 124 20 8405 7959 89 45
