8400 21977 59 40 22180 22524 114 40
15413 8641 194 60 16265 16091 172 44
10373 11002 130 20 21895 21765 119 40
19389 16927 33 23 10533 5667 173 40
12515 16790 58 2 16028 17604 149 20
10695 19697 128 9 19922 12351 70 0
20515 8280 144 25 19744 21676 69 7
21710 3747 198 45 17230 19924 96 25
16748 15749 119 20 17603 8400 94 26
15413 12515 152 37 21895 19389 62 22
21977 19922 78 40 16927 11002 71 3
12351 10533 222 48 16265 21765 182 60
17230 22180 124 5 8280 16028 104 40
20515 19697 118 24 5667 8641 201 50
17603 16091 150 49 17604 21710 137 0
22524 19744 81 4 16748 10373 83 4
19924 10695 194 60 15749 21676 62 22
22180 16790 102 22 3747 19389 87 23
20515 10533 138 45 21977 17230 52 20
16091 8400 114 40 21895 5667 123 40
22524 21710 87 20 11002 15413 162 40
16265 19924 172 32 19744 17603 108 25
10695 8280 158 50 16927 10373 81 20
21765 17604 173 48 19697 16748 106 20
15749 19922 53 40 8641 12515 150 35
21676 3747 8 2 12351 16028 155 20
16790 5667 53 2 21977 15413 111 12
16927 19744 81 26 21710 22180 56 20
17604 16265 165 36 8400 10373 75 26
16091 15749 115 20 19389 20515 71 3
21676 17603 69 22 19697 12515 88 22
22524 17230 108 25 12351 8641 136 34
11002 16748 106 20 10695 3747 148 60
16028 21895 130 40 19924 10533 68 40
21765 8280 268 44 16790 19922 70 22
19389 16265 98 4 19697 21977 136 44
12515 12351 150 16 8400 19744 100 5
20515 16927 112 44 3747 22524 130 45
10533 15413 104 45 17604 10695 173 45
22180 16748 127 40 16091 19924 185 49
10373 21676 73 22 19922 17230 57 20
8641 21895 166 30 16790 17603 102 20
5667 11002 155 5 8280 15749 94 40
16028 21710 171 40 21765 20515 104 44
