16433 18424 63 20 12398 6299 174 0
365 19571 213 60 19818 20500 129 48
10544 19498 238 71 16091 18425 142 33
12635 18095 74 15 22312 17127 294 47
14903 11780 142 15 21055 19675 125 40
11129 8565 133 35 14374 20434 134 32
11841 16379 126 38 18341 16236 172 25
12993 7842 226 70 8680 8813 203 74
7324 19746 198 55 8365 22641 86 0
25 6273 108 24 7643 8393 262 85
10101 10265 258 59 16771 18833 64 21
18754 9889 212 65 19044 15006 250 84
12398 19571 161 27 16091 17127 272 68
8565 21055 148 25 12635 10544 207 76
20434 19675 171 44 365 22312 176 40
18095 8813 128 24 6299 16433 192 6
19746 19498 192 35 16379 18424 116 29
7324 8680 231 69 14903 25 135 20
19818 16771 100 12 18833 8393 148 33
6273 10265 105 12 19044 18754 255 60
8365 14374 202 52 18425 18341 143 20
10101 7842 170 46 9889 15006 237 60
20500 7643 106 44 12993 11841 229 65
16236 22641 245 75 11129 11780 143 40
12398 16379 48 24 365 8813 151 53
8680 19675 214 44 19746 19571 275 78
12635 18833 170 49 19498 7324 112 20
20434 18095 150 34 16771 18754 164 50
10544 18341 312 79 19818 6273 147 35
8393 19044 200 55 7842 16433 148 9
18424 15006 190 50 21055 8365 220 64
17127 12993 258 82 10101 11129 189 63
18425 16236 232 65 9889 7643 163 61
8565 11841 220 70 11780 25 100 0
6299 16091 199 57 22641 22312 228 75
14374 20500 140 52 10265 14903 242 51
19746 18754 262 95 12398 18341 141 40
12635 6273 83 5 18833 19675 110 4
7842 8365 213 44 16379 20434 197 59
8813 7324 189 48 16771 19571 132 38
18425 8680 232 50 21055 11129 91 40
19044 18424 134 5 11841 10544 160 56
25 16091 110 44 12993 365 252 70
19498 6299 155 35 10265 19818 138 25
7643 14374 143 37 10101 11780 174 23
8393 18095 192 60 14903 16236 200 48
22312 16433 208 58 15006 22641 164 50
17127 8565 116 62 20500 9889 283 57
8365 11129 254 88 6273 16771 138 40
19571 12635 201 58 11841 18425 126 20
21055 12398 101 20 18833 7842 201 60
6299 12993 193 50 19498 19675 89 20
20434 10101 200 40 8813 16091 197 48
8680 19044 266 65 7643 18095 94 20
16433 25 101 9 16379 10265 120 10
15006 19818 202 64 16236 7324 275 70
19746 14903 250 80 17127 365 121 25
18754 11780 180 45 10544 20500 131 56
22641 8393 219 50 8565 18341 135 20
22312 9889 268 65 14374 18424 133 20
8365 12635 143 20 12398 10101 206 35
16091 11841 81 20 18095 7842 133 20
19044 21055 164 46 20434 19498 164 52
16379 19675 153 60 7643 16771 192 20
6299 17127 165 25 7324 6273 158 23
15006 20500 195 74 8813 18425 155 44
365 8393 205 75 11129 10544 243 76
16433 19746 201 50 14374 12993 263 74
22641 19818 210 40 8680 9889 276 91
8565 14903 134 40 18754 22312 170 60
10265 18341 112 26 19571 11780 180 38
25 18833 69 40 18424 16236 203 45
7324 7643 238 56 20434 12398 194 28
16091 16771 105 33 20500 21055 108 24
6273 18095 146 20 15006 16379 229 70
19498 365 126 20 16433 8365 201 37
14374 8680 176 0 10544 6299 205 50
9889 11841 198 55 8393 19746 221 65
11780 19818 215 44 7842 12635 241 86
18833 19571 152 53 19044 8565 164 45
16236 18754 191 65 19675 10101 177 55
18424 10265 112 20 17127 8813 153 45
18341 11129 213 64 25 22312 216 70
22641 18425 144 20 12993 14903 221 70
8365 20434 229 48 20500 16433 155 50
10544 365 179 62 18095 7324 158 40
11841 12398 124 20 9889 6273 220 5
6299 19044 191 25 11780 19746 196 45
18833 16379 210 74 8680 18754 260 75
21055 14374 118 44 19571 16236 251 80
22312 10101 208 45 7842 19498 137 45
8813 12635 261 90 22641 25 92 5
11129 12993 264 90 18424 19818 119 32
18341 16771 98 27 15006 14903 198 50
8393 18425 202 50 19675 17127 241 44
7643 8565 204 85 10265 16091 164 44
20434 18833 139 32 19746 10544 243 95
6273 16433 135 25 11780 8680 244 70
19571 19498 197 58 18095 9889 180 55
20500 8813 217 44 16236 12635 209 70
7842 11129 233 84 18754 6299 158 25
19818 11841 185 53 14903 8365 213 64
12993 22312 316 100 16379 8393 160 25
18424 16091 125 24 7324 18341 191 28
10101 365 145 20 18425 8565 196 70
19675 10265 141 64 12398 15006 279 50
25 19044 216 65 16771 14374 111 24
17127 21055 206 57 7643 22641 224 45
9889 11129 233 64 16433 12635 207 50
14903 20434 136 48 19571 6299 204 53
16236 7842 294 90 6273 19746 265 70
11780 8365 216 64 8393 16091 199 37
18425 19818 174 28 8565 16379 216 60
12993 10544 284 95 10265 15006 65 30
16771 12398 105 20 22312 8680 280 85
8813 7643 178 65 365 18833 211 57
18341 20500 147 31 19675 19044 209 65
22641 18424 134 20 14374 18095 142 24
18754 19498 147 35 25 17127 188 47
21055 7324 121 48 11841 10101 222 37
14903 18425 127 15 7842 6273 151 20
16091 15006 223 74 11129 19746 257 86
16236 12398 215 50 8565 12993 220 34
10265 8680 246 70 12635 20434 181 44
9889 365 251 61 18341 6299 145 4
22312 11780 194 65 18833 8365 229 76
19571 7643 237 73 18424 18754 159 50
19675 10544 252 80 10101 22641 130 26
18095 25 130 44 19818 21055 162 45
17127 16771 189 49 16433 11841 172 10
16379 7324 208 9 20500 19044 210 49
8813 14374 184 48 19498 8393 285 90
