11161 7842 89 21 11542 11347 27 10
21232 20979 77 0 18664 12518 35 0
14491 21229 100 23 6417 12611 97 25
21394 19587 78 45 1002 21232 142 28
11161 12518 45 0 21229 12611 60 25
1002 11542 205 41 20979 14491 56 40
6417 18664 93 20 7842 21394 74 40
19587 20979 38 20 11347 11161 95 3
14491 21232 185 31 21229 7842 82 20
11347 12611 176 45 1002 18664 143 41
12518 21394 47 20 19587 11542 34 10
6417 1002 176 49 21232 11161 64 3
18664 19587 97 25 11542 21229 69 20
11347 12518 54 0 14491 6417 147 51
12611 7842 153 35 21394 20979 59 20
18664 14491 112 0 19587 11161 88 5
21229 21394 91 25 20979 11347 65 0
12611 11542 191 60 21232 6417 151 20
7842 1002 168 53 12518 21229 48 0
