12275 21749 22 0 15789 16379 133 45
20515 10348 59 20 7813 21797 58 14
20334 22743 106 43 16265 12518 90 6
14442 21749 26 0 14179 10348 151 28
22743 16379 101 20 21797 20334 92 22
15789 20515 117 40 12518 14442 80 40
14179 12275 133 45 16265 7813 141 20
14442 10348 41 40 12518 16379 155 45
21797 16265 115 5 21749 15789 58 20
20515 14179 225 70 22743 12275 59 20
20334 12518 106 20 21749 7813 72 20
16379 21797 169 60 16265 14179 97 10
14442 15789 62 20 7813 22743 136 40
10348 20334 79 40 12275 20515 77 20
16379 7813 108 45 15789 22743 126 43
21797 12518 49 0 20334 12275 35 0
21749 16265 104 25 20515 14442 92 40
10348 15789 107 40 14179 20334 102 25
7813 14442 93 40 12275 21797 58 10
16379 14179 208 65 12518 20515 62 40
22743 16265 136 40 10348 21749 47 20
