15877 22674 44 0 19991 21813 46 10
21834 8114 52 40 7172 22038 48 20
22673 19564 61 24 21327 21474 81 10
8130 16756 58 13 14694 8114 21 0
21813 7172 204 30 21327 22673 37 0
15877 21834 58 20 22674 14694 21 0
21474 16756 118 24 8130 19991 21 10
19564 21327 48 0 22038 15877 72 2
21474 21813 73 10 21834 16756 77 34
22038 8130 60 12 7172 22674 78 20
14694 19991 35 0 8114 22673 10 0
19564 8130 56 0 21813 21834 26 0
22674 21327 51 0 8114 21474 77 10
7172 14694 75 30 19991 19564 83 0
16756 22038 102 12 22673 15877 81 0
19991 21327 69 0 8130 21834 58 23
21474 14694 66 10 22038 21813 27 2
16756 22673 56 14 19564 22674 49 0
8114 7172 45 0 15877 21474 76 30
