8406 10437 41 0 20764 20410 58 0
8626 21963 31 20 15373 14962 45 0
6832 22191 46 5 3734 22344 9 0
14904 9010 18 0 20347 11676 77 3
17499 15373 7 0 20764 8406 31 5
10437 22191 68 30 8626 6832 63 35
22344 20347 49 0 21963 20410 70 10
17499 14904 7 0 9010 3734 28 0
22191 14962 60 0 11676 20764 29 0
21963 10437 41 0 20347 8406 79 0
9010 6832 78 0 15373 14904 31 20
20410 3734 42 0 14962 11676 74 3
22344 8626 28 0 17499 8406 54 20
6832 20764 40 5 21963 9010 32 0
11676 3734 85 0 10437 15373 37 0
20410 22344 61 0 14904 8626 18 0
20347 14962 51 0 22191 17499 34 0
9010 11676 29 0 21963 8406 89 20
10437 20764 68 0 22344 14904 13 0
3734 6832 51 20 8626 20347 24 0
22191 15373 99 10 20410 17499 65 0
8406 9010 97 20 14962 10437 89 10
20764 21963 14 0 3734 8626 29 2
11676 20410 74 10 6832 17499 50 20
15373 20347 68 0 14962 22344 39 0
14904 21963 24 0 8406 22191 108 20
