16595 14717 77 20 21832 11712 24 2
20125 14023 118 15 20176 22315 9 0
22188 21595 6 0 20718 14021 71 0
7277 16871 68 20 18634 15259 21 0
21593 14717 49 20 14023 16595 78 20
20718 11712 46 0 21595 21832 12 2
20125 7277 53 24 16871 22188 20 0
15259 20176 37 0 21593 14021 73 23
22315 20718 6 0 18634 16595 65 0
20125 21832 53 0 7277 21595 115 20
20176 16871 64 0 14717 22188 64 12
14021 18634 125 40 11712 21593 16 2
14023 22315 26 20 15259 21595 24 2
20718 16595 93 20 20176 7277 51 20
18634 21593 35 22 14717 20125 128 40
22188 11712 36 2 22315 15259 10 0
21832 14023 126 20 16871 14021 61 20
16595 20176 39 0 21595 18634 33 0
15259 20125 47 0 14717 20718 112 20
22315 21593 19 2 16871 21832 12 2
22188 7277 50 2 11712 14023 61 0
14021 15259 45 0 16595 20125 113 44
21593 16871 20 2 21595 20718 63 2
21832 18634 72 22 14023 22188 90 22
14021 14717 131 40 7277 22315 29 2
11712 21595 25 2 20125 20176 115 24
