19692 9819 127 24 22537 21679 17 0
17415 22024 15 2 7140 15404 16 10
14158 17189 9 0 15206 19923 54 20
17462 13882 12 0 7045 22235 22 0
6134 17975 2 2 13002 16607 56 21
20803 16671 91 23 13733 6255 122 13
15404 22024 35 2 17189 22537 18 0
19692 22235 1 0 14158 17415 5 2
21679 7045 73 20 6134 19923 45 2
20803 15206 88 0 17975 17462 15 0
13002 6255 104 25 13733 9819 145 24
16607 13882 73 1 16671 7140 99 29
22235 21679 66 13 22024 17189 60 2
19923 19692 10 0 15404 20803 63 0
13733 14158 84 22 6134 22537 9 0
7045 16671 102 23 15206 13002 91 0
17462 16607 65 20 6255 17415 67 0
13882 7140 22 0 17975 9819 87 14
19923 13733 82 23 22024 19692 48 23
21679 15404 72 10 16671 14158 79 29
22537 22235 26 2 16607 20803 112 21
6255 6134 73 0 13882 15206 47 0
9819 7045 89 20 17415 17975 24 0
17189 13002 79 20 7140 17462 36 2
22024 16607 66 21 20803 14158 25 2
15206 13733 164 43 22235 15404 42 0
17975 22537 35 2 19923 6255 69 2
16671 17462 77 9 9819 6134 82 24
7140 17189 49 0 7045 19692 59 20
17415 13002 68 20 13882 21679 65 10
