20061 20065 82 20 8740 20064 16 4
8741 15076 113 10 22536 13088 37 0
20311 17063 64 20 8898 6962 20 0
20066 7438 66 20 20060 20423 125 20
22492 20062 22 0 9378 5159 227 48
16374 20063 159 24 20076 15236 29 0
8741 22517 64 20 20061 14825 197 30
20060 17063 129 40 20064 15076 42 12
6962 13088 41 5 9378 20066 88 20
20423 20063 86 20 22536 20062 34 2
5159 16374 117 28 20065 20311 67 20
22492 15236 50 0 8740 22517 17 2
20076 8898 31 10 7438 14825 139 30
13088 20061 123 50 20062 20060 38 20
17063 9378 125 40 20423 20065 33 1
20311 20064 54 22 15236 8741 105 20
16374 8898 159 30 22517 22536 41 2
20066 22492 51 25 15076 20076 77 10
7438 8740 66 20 20063 5159 117 24
14825 20065 128 47 20062 6962 37 0
20060 9378 187 40 20311 22517 36 20
20064 20423 25 0 13088 20076 48 5
8898 20066 43 0 20063 8741 122 20
14825 22536 135 30 17063 8740 52 20
5159 15076 150 38 15236 20061 48 20
6962 7438 84 20 16374 22492 89 45
22517 20062 26 0 20066 20064 24 2
13088 14825 28 3 20063 20311 83 20
15236 22536 63 0 20065 20060 65 1
20076 8741 54 0 5159 6962 129 28
15076 8740 94 10 9378 16374 168 20
20423 20061 92 40 8898 22492 141 20
17063 13088 85 20 20062 7438 42 20
