14481 19458 261 81 12791 18270 133 50
17080 14725 156 60 10738 22312 196 70
16449 9889 181 65 16379 8719 141 44
7172 6133 145 60 12599 14212 260 84
8393 12589 140 25 21229 8365 192 49
5064 7149 228 57 14259 14361 248 90
5843 13356 262 90 18438 16158 221 70
310 17962 245 93 10355 12014 159 35
12560 15972 234 84 14270 11329 195 71
19193 7244 153 40 14525 19043 171 50
12599 10738 217 59 8719 14212 206 49
12589 12791 154 65 14725 6133 229 55
8365 16379 137 60 7149 22312 234 75
18270 18438 269 100 14361 7172 251 95
16158 5064 120 23 9889 8393 254 80
11329 13356 223 68 310 16449 225 59
17080 17962 432 74 21229 14525 339 100
12560 7244 268 95 5843 10355 199 69
14259 14270 204 59 19043 19458 332 95
12014 14481 117 50 15972 19193 256 64
14361 12599 230 49 12791 8365 220 79
22312 14212 203 70 12589 5064 207 64
8393 8719 259 54 13356 18270 244 90
11329 7149 207 40 17962 7172 223 75
310 7244 224 66 9889 18438 245 80
19043 16379 257 90 19458 12560 168 47
15972 10355 271 79 21229 14725 186 49
12014 14525 194 55 16449 5843 234 65
6133 14481 178 30 14270 17080 164 45
14259 19193 177 60 10738 16158 197 45
18270 12599 223 94 17962 5064 277 94
7244 14212 233 65 13356 7149 233 74
12791 19043 129 0 22312 9889 176 60
8719 19458 172 54 11329 21229 246 81
12014 8365 213 55 12560 18438 234 70
14481 5843 289 95 14725 310 252 84
14270 16158 178 30 16379 12589 147 50
19193 17080 208 84 14361 8393 225 65
15972 14525 202 56 6133 14259 207 60
16449 7172 235 73 10355 10738 216 65
13356 17962 197 32 9889 12791 165 35
18438 12599 277 99 22312 11329 222 81
14725 18270 228 80 14212 12560 239 80
16158 12014 257 75 8719 14270 255 73
7149 21229 257 70 19193 5843 178 15
14525 8393 257 90 16379 14481 90 0
7172 14259 221 95 310 17080 167 60
5064 19043 216 72 10355 6133 255 75
15972 16449 207 75 19458 8365 166 50
14361 10738 154 40 7244 12589 124 25
14212 14270 242 80 18438 17962 274 90
9889 21229 283 75 12599 12014 181 79
22312 18270 249 85 16158 14525 197 45
17080 11329 220 71 5843 12791 248 85
10355 16379 222 65 13356 19193 172 44
7172 5064 210 49 8365 14481 262 94
10738 310 154 40 19043 15972 271 76
19458 8393 212 72 6133 7244 214 65
12589 12560 210 70 7149 16449 189 58
14725 14361 165 45 14259 8719 205 54
5843 9889 275 90 18270 14270 255 95
14212 10355 214 50 16379 17080 240 84
19193 12791 207 85 5064 18438 239 74
8365 10738 236 64 14525 11329 260 89
17962 22312 279 90 8393 15972 167 49
14481 13356 271 78 12589 19043 159 32
16449 14259 255 85 7244 12599 239 59
21229 16158 241 75 12560 14361 183 50
8719 310 146 59 7149 6133 211 50
7172 14725 178 60 19458 12014 179 70
8365 9889 268 94 14212 19193 206 50
17962 5843 279 85 10738 16379 176 55
18270 12589 182 49 17080 15972 240 81
11329 10355 172 56 14481 14259 275 100
14270 21229 213 50 5064 13356 239 85
8393 12560 219 70 12599 310 194 59
12791 8719 124 25 7244 7172 202 50
19043 16449 227 39 16158 14725 180 75
6133 14361 192 49 12014 22312 208 50
18438 19458 266 76 14525 7149 243 60
