22139 17301 141 35 17023 7715 107 32
13193 6200 95 20 12682 8698 181 55
20196 5199 58 0 19575 5037 126 34
7627 8709 6 0 6198 10505 58 20
18255 16971 140 0 8907 6199 84 20
19575 15321 70 0 16033 22139 18 0
8709 17301 105 20 20196 13193 95 0
5037 12682 161 40 7627 16971 48 0
8907 6198 51 20 7715 16033 112 24
5199 17023 134 20 18255 6200 206 40
8698 10505 115 30 6199 15321 156 25
19575 13193 122 20 16971 6198 35 0
17023 16033 92 48 12682 8709 87 0
8698 22139 114 20 5037 8907 145 40
18255 7715 186 69 10505 20196 94 30
6199 7627 0 0 5199 17301 123 23
6200 8907 150 41 15321 8709 50 0
6198 20196 99 40 8698 17023 128 32
16033 10505 120 20 13193 5199 126 28
16971 22139 72 0 6200 7627 87 25
6199 12682 150 25 7715 19575 99 24
15321 5037 134 24 17301 18255 233 45
16971 8698 80 0 8709 5199 52 3
8907 19575 91 21 17023 7627 123 28
7715 5037 113 20 15321 13193 169 45
16033 6199 69 20 6200 20196 119 10
12682 6198 140 20 22139 18255 192 40
10505 19575 47 0 17301 16971 97 25
