16632 16344 50 20 14468 15156 119 45
12694 16282 63 20 14116 14100 224 54
4232 15290 81 43 22023 16633 167 40
19899 18557 83 23 22 14101 71 23
18560 21628 46 20 16906 19998 91 3
18556 6989 142 23 14943 15292 22 20
18554 12689 148 40 14471 525 66 22
16838 16345 85 40 16346 112 112 25
14821 12687 37 20 18553 16631 122 45
16282 18520 75 20 22023 14470 116 23
14116 14468 172 52 19998 19899 58 23
14943 22 23 3 16906 15290 63 23
12694 6989 88 20 21628 14471 129 40
15292 15156 80 20 4232 112 78 23
16633 18554 194 50 14101 16631 56 20
18553 16632 31 0 16346 12689 137 20
14470 14100 135 40 16345 12687 36 0
18557 14821 113 3 16344 525 59 22
18556 18560 43 23 18520 16838 20 0
19899 14471 98 40 14943 16282 8 0
15292 22 39 22 16633 14116 203 49
15156 14101 27 0 16346 19998 101 3
14100 16632 111 47 18554 16906 23 0
16631 4232 98 23 16345 525 44 22
14470 18553 99 20 15290 12694 92 23
22023 14821 120 46 16838 14468 59 23
112 6989 74 5 18560 16344 78 20
12689 21628 59 20 18557 18556 179 43
12687 16633 104 20 18520 16632 74 40
15156 16906 130 20 525 19899 65 2
22 18553 115 28 18554 4232 36 5
14943 16346 99 23 14821 12694 118 23
16344 16631 58 20 14100 16838 141 27
14471 14116 160 52 18557 14470 120 20
14101 18556 107 40 16282 16345 76 40
18520 19998 86 40 6989 15290 64 0
18560 22023 144 23 12689 15292 35 0
21628 14468 38 0 112 12687 100 40
525 14943 23 2 14100 18553 133 43
15156 16838 152 45 14470 18554 88 44
19899 16344 57 0 12694 18556 133 40
15290 16346 40 20 16631 14116 145 24
4232 16906 115 23 6989 14821 78 23
14468 18557 135 23 16282 18560 39 20
112 22023 165 48 16632 14101 85 40
19998 14471 89 23 12687 15292 49 30
12689 16345 125 40 22 18520 83 23
16633 19899 203 40 21628 14943 33 20
