8578 22067 86 20 21894 22066 64 40
22049 22068 83 3 15455 21751 24 22
10621 14954 81 5 10455 21478 76 40
6190 11959 91 20 13295 8793 84 47
10293 8791 70 20 8435 21945 97 25
22069 13246 6 2 8149 3537 134 23
8578 21478 170 40 10455 22068 39 11
10621 15455 116 25 6190 22067 41 4
10293 21894 64 22 21751 8793 14 2
8435 22049 81 5 22069 11959 65 20
13246 8149 40 5 21945 22066 156 40
3537 13295 115 45 14954 8791 95 43
21478 6190 49 20 8578 21751 61 23
11959 10293 42 20 22068 10621 110 15
21894 8435 134 23 8149 10455 55 23
8791 8793 77 23 13246 22049 99 4
22066 22069 43 30 14954 15455 141 23
3537 21945 131 25 22067 13295 100 40
21751 8435 16 5 10621 8578 125 25
22068 8149 68 13 8791 6190 87 8
13246 14954 69 0 11959 21894 82 40
21945 10455 68 40 15455 3537 109 20
8793 22067 55 20 21478 22069 50 20
22049 13295 110 21 10293 22066 22 20
22068 6190 127 31 8435 13246 34 5
15455 8578 150 41 8791 11959 115 40
21751 8149 65 5 22067 14954 111 20
10455 22069 50 30 13295 10293 62 40
22066 10621 72 25 8793 3537 135 43
21478 21945 62 20 21894 22049 78 24
