18215 22334 8 0 11990 22356 5 0
8099 22333 3 2 18249 17103 17 2
20654 18249 7 0 15010 18215 20 0
17103 8099 19 2 11990 15010 27 20
22333 20654 16 0 22334 22356 50 0
8099 15010 35 0 22333 22334 26 10
18249 11990 32 22 22356 20654 26 0
20654 18215 22 0 17103 22333 29 2
15010 22356 2 0 18215 8099 49 23
11990 17103 16 0 22334 18249 2 2
22334 20654 18 0 18249 8099 48 25
15010 22333 42 3 18215 11990 54 40
22356 18249 4 2 17103 15010 42 1
8099 22334 0 0 22333 18215 34 0
22356 17103 21 0 20654 11990 9 0
