22323 3208 34 21 15439 3825 62 3
16970 20129 57 11 18672 15947 27 0
20139 18848 31 0 12656 4951 48 20
19953 12651 90 3 16660 20130 33 0
22323 20140 37 2 18672 16970 73 30
15947 12656 9 0 3208 3825 35 21
12651 20129 82 33 18848 19953 98 40
4951 15439 81 20 16660 20140 67 22
3208 20139 113 3 20130 22323 18 0
12651 18848 173 44 3825 18672 28 20
4951 19953 94 23 15947 15439 63 20
20130 20139 36 10 20140 20129 58 2
3825 12656 19 0 16970 16660 50 20
19953 18672 70 30 4951 3208 113 40
20140 15947 28 2 20139 12651 72 0
20130 15439 46 0 18848 16970 68 40
12656 16660 86 30 20129 22323 116 11
20139 20140 37 0 3825 19953 97 40
4951 16970 98 41 12651 3208 78 21
15439 18672 89 13 12656 20130 46 0
16660 22323 81 0 18848 15947 24 0
20129 3825 71 11 12651 4951 72 22
