21684 11867 41 0 15657 10368 25 0
21902 21901 59 0 19588 8825 59 20
11240 22814 88 0 21951 22009 19 0
19590 15657 12 0 8825 10368 49 22
22814 21951 21 3 11867 19588 33 0
21901 21684 38 0 22009 11240 98 20
19590 10368 47 0 22814 21902 42 3
22009 19588 15 0 8825 21684 30 20
21901 11240 75 0 19590 11867 39 0
21902 21951 58 0 15657 22009 84 40
10368 22814 28 3 8825 21901 78 20
15657 19588 30 0 11240 19590 49 0
21951 11867 55 5 21684 21902 67 20
10368 22009 29 0 19588 11240 97 20
19590 8825 88 25 21951 21684 35 5
21902 15657 63 0 22814 21901 54 3
11867 8825 88 20 22009 19590 28 0
