11192 12016 224 70 21957 22764 74 23
17056 16473 106 10 19000 11803 56 9
22144 12797 190 12 11567 14869 99 45
15298 11443 100 39 22644 13146 74 24
11635 21770 19 0 13452 21796 63 25
9662 12363 178 49 14028 17182 100 22
14869 12797 113 49 17056 11192 150 30
22764 19000 47 20 22644 15298 46 20
21770 21957 107 20 11635 22144 153 36
13452 14028 81 20 11803 17182 0 0
13146 21796 75 0 12363 12016 256 70
11567 9662 155 40 11443 16473 171 45
21957 22644 147 40 14869 17056 103 25
15298 11192 189 54 11635 11803 79 0
12016 19000 170 50 21770 12363 124 24
9662 13452 90 45 12797 22764 135 24
13146 16473 106 25 14028 22144 148 32
17182 21796 35 0 11443 11567 162 25
12363 17056 114 20 15298 11635 71 3
11803 9662 175 29 14869 12016 103 45
12797 22644 53 20 16473 21770 108 10
22764 14028 105 20 21796 11443 88 0
11567 21957 105 40 13146 13452 136 29
17182 22144 164 38 19000 11192 2 0
12016 11635 185 50 16473 22644 135 50
14028 14869 107 24 21770 15298 67 29
11803 11567 107 24 12363 22764 210 52
11192 11443 143 25 13452 19000 49 5
21796 17056 58 0 22144 9662 130 29
21957 13146 120 40 17182 12797 75 29
16473 12363 139 29 22764 14869 45 20
22644 14028 68 24 11192 11567 169 55
22144 15298 106 3 12016 13452 137 5
21796 11803 115 20 12797 21957 127 40
19000 13146 115 20 9662 11635 156 45
11443 17182 44 0 17056 21770 27 0
