19787 21427 20 0 13643 10035 134 45
6134 20332 133 51 14706 13733 171 32
8478 22415 176 50 17066 11231 176 43
17155 19940 137 29 21340 10137 95 40
13462 7253 202 67 6255 6079 41 5
12722 13684 129 49 21456 16714 166 46
11717 13106 141 45 6294 11520 129 44
16297 16671 93 27 22307 20511 96 2
14739 12862 187 47 11129 5957 172 59
14706 17155 218 55 17066 13643 147 40
6079 19940 132 27 22415 6134 131 45
13684 10137 58 45 11231 10035 194 43
11520 21427 100 30 20332 6255 135 34
6294 21456 121 43 16297 13733 134 20
7253 16714 138 23 12862 21340 136 23
14739 12722 179 48 20511 13106 142 44
22307 13462 149 29 19787 5957 86 23
11717 8478 134 43 16671 11129 176 60
10137 17066 99 40 6134 21427 69 20
10035 14706 194 52 16297 22415 137 25
6294 20332 160 57 6079 13684 106 23
13643 20511 203 44 11520 12862 122 23
5957 6255 115 33 12722 21340 151 44
13106 22307 117 22 13733 11129 197 56
8478 14739 155 49 7253 17155 142 19
13462 11231 188 57 11717 16714 134 27
16671 21456 160 53 19787 19940 147 44
6079 11520 106 20 10137 16297 52 0
10035 17066 139 45 20332 12722 178 52
11129 13643 186 59 6255 22415 141 35
14706 22307 146 34 13684 14739 147 40
11231 6134 167 45 13106 7253 168 50
21427 13733 84 10 5957 16671 148 52
21340 11717 113 40 20511 19787 120 24
16714 6294 119 44 19940 8478 95 24
17155 12862 129 43 13462 21456 189 36
22415 10137 118 45 20332 14739 211 25
11520 14706 154 35 11129 11231 124 52
21427 12722 93 31 7253 22307 143 25
13684 6255 131 20 17066 19787 171 40
21340 13643 96 20 16671 6294 178 56
13106 5957 157 45 21456 10035 180 46
13733 17155 191 46 16714 6079 122 46
12862 16297 133 20 19940 11717 207 32
6134 20511 104 24 8478 13462 228 60
12722 19787 108 24 22415 11520 126 50
11231 21340 200 43 22307 20332 143 33
6255 16671 135 27 10137 14706 115 30
5957 7253 226 63 13643 13684 141 44
16714 16297 121 23 21427 13106 135 6
20511 11129 162 60 17155 6294 164 37
10035 8478 176 45 12862 6079 122 30
13733 17066 157 43 19940 13462 174 37
21456 6134 199 54 14739 11717 158 12
