18474 20682 84 12 22415 12459 128 0
22395 14003 21 2 18989 20282 28 0
8487 13684 97 20 22886 22235 45 20
15719 13019 19 0 15809 14773 0 0
8482 14771 0 0 12379 13996 95 20
22602 11520 65 3 12294 8987 75 15
22600 12303 48 10 12549 10210 117 40
20282 14003 24 0 22235 18474 130 32
13019 22395 96 25 12459 8487 59 0
14773 22415 111 5 8482 22886 25 20
13684 15719 43 0 22602 14771 6 0
12303 12294 94 45 13996 15809 5 0
20682 12549 34 0 11520 10210 156 43
12379 8987 65 0 22600 18989 9 0
18474 8482 93 7 13019 22235 61 25
22886 12459 68 20 20282 15719 57 2
12303 22602 67 20 14003 14773 10 0
22395 12549 64 22 13684 13996 68 5
10210 15809 72 20 8987 18989 6 2
20682 12379 54 13 8487 12294 169 28
11520 22415 128 40 14771 22600 8 0
22235 8482 0 0 12459 12303 90 20
13996 13019 67 20 20282 22602 26 0
8987 10210 76 22 14003 13684 17 0
15809 22886 59 20 20682 22395 16 2
15719 11520 65 3 22415 12379 131 0
18989 8487 62 0 12549 14771 48 20
14773 18474 81 12 12294 22600 98 25
12459 22235 60 0 8987 13996 23 2
13684 20282 91 7 12303 20682 40 0
10210 12379 114 23 22395 22602 26 2
12549 22415 149 40 14003 15809 2 0
14773 18989 10 0 18474 11520 168 48
22600 8487 55 3 15719 8482 6 3
14771 12294 159 25 22886 13019 93 27
