22183 5470 72 25 21581 12032 57 0
22361 17364 14 0 16699 21911 20 2
5911 20725 7 0 22054 14913 242 0
15450 22182 91 20 11720 20232 28 0
21997 19851 36 2 13948 21799 104 20
21911 22054 21 0 14913 22183 59 0
11720 12032 86 20 5911 17364 39 0
19851 22361 30 2 20725 15450 90 30
13948 21997 120 20 22182 21581 33 0
21799 16699 26 2 5470 20232 52 20
19851 5911 146 22 21911 22183 10 0
22054 13948 117 20 22361 11720 13 0
20725 20232 56 2 5470 21997 103 20
21799 17364 19 0 21581 15450 94 20
22182 14913 47 0 16699 12032 130 22
22183 5911 89 0 20232 21997 51 0
21911 13948 64 20 5470 15450 61 40
12032 14913 143 20 21799 22361 9 0
17364 22182 47 20 22054 19851 49 10
16699 21581 18 2 20725 11720 92 2
20232 21911 12 0 12032 13948 143 20
22361 5470 87 20 22182 5911 164 40
22183 21799 19 0 17364 20725 43 2
21581 11720 51 0 14913 19851 58 30
15450 16699 154 35 21997 22054 22 0
