18385 18145 49 20 20397 11172 88 24
20865 16271 56 2 9944 17593 18 3
14384 22126 33 20 18317 15052 103 40
20357 12585 20 0 19762 19916 97 0
22158 16465 23 3 11774 22238 97 14
20358 14447 10 3 22127 16312 44 22
22128 10276 57 22 19388 17986 127 23
20324 18317 51 3 18145 20865 34 0
20397 9944 52 20 15052 20357 34 0
22158 16271 65 3 22126 12585 45 3
14447 14384 45 20 17593 16465 40 2
11774 20358 56 10 18385 19388 89 23
22238 22128 76 3 19762 20324 18 0
17986 11172 115 28 19916 16312 69 20
22127 9944 55 22 10276 18145 106 20
14447 20865 34 3 22158 20357 4 0
19388 16465 109 20 20397 12585 22 10
17593 18385 55 23 20324 22126 79 4
15052 19762 47 0 17986 20358 26 0
22128 11774 77 13 19916 22127 53 20
10276 11172 151 44 14384 22238 47 20
18317 20397 49 0 16271 16312 73 13
22126 19388 111 13 9944 14447 34 2
12585 17593 35 3 20358 18145 33 0
16465 17986 31 0 20865 22127 26 2
19762 10276 57 20 22158 18385 51 20
16312 11774 85 30 20324 14384 61 25
11172 18317 174 44 20357 22128 29 3
22238 19916 85 40 16271 15052 71 22
20397 20865 38 20 22126 20358 51 3
22127 19388 98 3 17593 22158 38 3
14447 19762 21 3 18145 11774 60 10
16312 20357 25 0 16465 10276 80 23
12585 15052 27 0 11172 20324 83 29
22238 9944 55 0 17986 18317 91 0
14384 16271 76 22 22128 18385 52 3
19916 22158 55 20 14447 20397 7 0
