21321 4602 13 0 20316 3296 15 0
20739 8295 19 0 10971 16458 180 53
6407 21346 69 20 22185 15024 63 25
19918 22370 21 4 4416 21233 25 0
21321 16458 214 50 4602 20316 41 10
22185 10971 41 2 15024 3296 67 10
20739 19918 53 22 21346 22370 14 3
6407 4416 25 0 8295 21233 32 0
10971 20316 30 2 16458 22185 171 45
15024 22370 103 22 19918 21321 25 2
20739 4416 46 1 6407 4602 21 10
21346 21233 86 20 3296 8295 20 0
16458 20316 172 50 15024 19918 71 10
22185 20739 23 0 21321 4416 32 2
21233 10971 60 20 4602 21346 142 40
22370 3296 39 10 8295 6407 22 0
4416 22185 28 0 16458 19918 158 37
21233 21321 53 23 10971 21346 62 23
4602 15024 80 20 22370 8295 60 2
3296 6407 32 10 20316 20739 26 0
21346 21321 37 0 4416 16458 168 52
8295 4602 64 0 19918 22185 32 2
20316 15024 84 5 21233 20739 35 0
3296 10971 45 11 22370 6407 54 2
