17456 1002 119 28 13245 16313 53 20
19987 22581 53 20 9686 21184 26 3
15173 11347 136 40 12864 14165 20 0
21183 19571 122 32 18009 10219 4 3
21184 22581 74 2 17456 16313 41 4
1002 12864 95 25 9686 14165 17 2
15173 19571 143 52 13245 21183 59 22
19987 10219 107 40 11347 18009 93 23
14165 1002 23 4 17456 22581 16 0
12864 21183 12 2 21184 19571 54 12
10219 11347 74 0 13245 19987 75 20
16313 9686 16 0 18009 15173 92 23
19571 12864 110 28 22581 1002 50 24
14165 13245 28 0 10219 21184 11 2
19987 18009 513 2 15173 17456 91 20
21183 16313 11 2 11347 9686 145 20
10219 13245 105 40 22581 12864 57 20
18009 21184 35 4 1002 15173 178 44
16313 14165 30 0 21183 19987 51 22
11347 17456 73 20 19571 9686 100 12
