6055 4029 48 5 8227 19460 98 0
20808 15643 69 32 10331 11723 93 2
18754 15089 211 83 18224 7571 91 24
3565 17218 136 33 8379 5897 109 2
1 12589 269 63 18524 4096 27 0
5273 6040 62 3 22059 15202 80 4
19411 4410 213 70 9326 22489 122 44
13406 19667 195 45 4466 13620 106 20
19397 9006 153 65 22618 14273 140 32
17218 4029 194 39 15089 20808 93 30
18224 8227 140 28 3565 11723 204 70
12589 6055 200 45 7571 22059 104 25
19460 18754 152 70 15202 8379 115 27
5273 22489 58 0 15643 1 95 28
13620 9326 75 40 6040 22618 125 20
10331 9006 58 20 19667 5897 63 5
4410 4466 96 50 18524 19397 60 5
14273 19411 165 52 4096 13406 118 14
3565 20808 185 47 12589 19460 65 5
8379 7571 148 4 4029 1 169 19
22059 13620 101 20 22489 11723 93 20
8227 18754 141 44 22618 15643 77 2
18524 17218 51 3 6055 19667 123 33
6040 4096 66 23 4410 10331 170 27
5897 5273 41 20 19397 13406 242 60
15089 9326 164 55 15202 14273 119 26
9006 18224 165 48 4466 19411 223 60
13620 7571 115 7 20808 8227 155 10
22618 8379 155 20 19667 22059 102 13
22489 12589 69 0 6040 17218 56 3
1 4410 140 11 13406 18754 115 50
4029 18524 103 20 14273 3565 226 48
19460 18224 184 36 4096 5897 57 24
15643 15202 67 20 9006 6055 192 50
11723 19397 79 40 19411 15089 149 51
4466 10331 70 20 9326 5273 93 40
13406 22618 145 50 7571 22489 154 26
19667 4410 143 50 8227 12589 160 35
22059 1 202 20 20808 18224 63 24
5897 14273 128 48 18754 6040 191 48
15643 3565 174 38 13620 15089 169 4
5273 18524 67 20 19460 9006 227 55
9326 8379 103 0 6055 19397 91 25
15202 19411 112 25 4029 10331 110 20
11723 4096 52 20 17218 4466 216 43
