12389 22426 66 0 21585 16489 102 20
6273 18370 81 3 13176 6556 69 0
6205 9298 10 0 19795 18364 46 2
14627 12390 175 49 18370 14236 56 4
16489 12389 128 40 9298 18364 41 0
6205 21585 44 3 6556 14627 139 24
19795 22426 50 2 13176 6273 99 20
14236 14627 215 48 12389 12390 147 45
16489 6273 193 44 6205 19795 66 5
18370 13176 5 0 14236 9298 63 0
18364 22426 24 2 12390 6556 93 20
21585 12389 81 20 19795 18370 11 2
6556 6205 83 17 14236 16489 196 44
22426 13176 30 0 14627 18364 90 24
12390 6273 169 20 9298 21585 18 0
12389 18370 52 0 22426 6205 35 2
18364 14236 105 24 6273 21585 104 3
6556 9298 81 0 14627 19795 114 6
12390 13176 148 20 16489 6205 67 22
9298 19795 29 2 22426 14236 130 20
18364 16489 148 22 18370 14627 101 24
21585 6556 90 0 13176 12389 86 20
16489 12390 173 45 6273 19795 96 2
