21349 22729 20 0 12475 17259 35 0
16383 22042 43 0 20738 19444 30 0
12819 16382 34 0 21218 10918 115 20
16402 16441 52 10 16850 16383 53 20
12475 20738 19 0 10918 16382 105 40
16402 22729 5 0 12819 22042 65 20
21218 17259 54 0 16441 19444 138 35
16850 22729 30 0 20738 21349 10 0
16402 10918 119 22 21218 12475 41 0
12819 16383 26 0 17259 16850 51 0
16441 22042 127 10 21349 16382 27 0
19444 12475 177 55 16850 12819 33 20
16382 20738 81 23 17259 16402 67 20
16383 21218 29 0 22042 21349 32 0
10918 19444 132 50 22729 16441 77 10
21349 21218 17 0 20738 12819 70 20
22042 17259 25 0 12475 10918 87 21
19444 16850 104 25 16382 16402 67 20
16383 16441 108 30 22729 12475 30 0
10918 21349 95 20 19444 16402 109 20
16382 21218 90 20 22729 16383 34 20
22042 20738 59 20 16441 12819 87 10
17259 10918 107 20 21218 16850 38 0
