6042 14671 69 2 14906 14177 63 13
16426 21810 36 2 5553 18410 100 22
13806 16505 32 2 7163 21523 45 0
14906 16426 139 28 14177 18410 42 3
21810 7163 52 2 21523 6042 52 2
16505 5553 103 22 14671 13806 41 3
21523 14906 70 15 7163 16426 76 0
18410 16505 44 20 5553 6042 126 9
14177 14671 72 5 13806 21810 45 3
18410 14906 92 5 16505 21523 16 3
6042 21810 33 10 16426 13806 90 0
7163 14177 68 10 14671 5553 106 22
13806 14906 56 15 21810 16505 35 3
14671 7163 69 1 18410 16426 28 0
21523 5553 78 17 6042 14177 68 3
