12351 22180 136 45 8400 15749 61 20
19924 8641 86 45 19744 21710 86 2
16748 11002 57 20 12515 19922 28 0
5026 17230 100 20 21765 16927 86 20
19697 21676 81 22 8280 20108 36 20
21709 15413 125 30 5667 22524 136 45
10695 21895 169 55 10533 8400 48 40
19744 15749 65 25 5026 11002 117 30
16927 8280 23 20 16748 19924 80 40
21709 19697 135 40 21710 22180 145 40
10533 19922 37 10 12351 8641 126 45
5667 10695 238 65 17230 21676 79 25
20108 21765 130 25 22524 21895 48 20
12515 22180 97 20 15413 19744 126 27
19924 8400 70 40 19922 5026 36 0
21710 12351 182 45 11002 17230 10 0
21895 5667 30 20 16927 19697 94 25
8280 21765 86 20 15413 10533 87 25
16748 15749 76 20 21676 21709 5 2
22524 12515 37 20 8641 10695 201 60
22180 20108 62 20 19922 5667 101 40
19697 19924 115 29 21765 12351 72 20
21676 5026 45 2 10533 21710 76 20
15749 17230 59 40 21895 12515 35 20
8400 19744 18 2 8280 22524 84 40
20108 15413 123 40 10695 16748 136 55
11002 16927 35 20 8641 21709 85 25
21710 5667 153 55 21765 12515 80 0
19924 10533 76 20 15749 22524 69 20
12351 15413 202 15 21895 5026 66 0
19922 16927 14 0 21676 19744 38 7
8400 16748 47 0 8641 19697 119 45
11002 8280 86 41 22180 10695 117 50
17230 21709 79 5 20108 19924 64 20
