7689 22373 74 24 5976 15547 43 0
21512 21115 10 0 21790 17064 122 24
21564 7048 54 20 14649 11181 67 0
11691 13550 93 28 6155 11276 109 40
7255 12890 90 44 22300 8133 46 2
11244 16607 147 13 5954 15397 81 20
7085 15358 61 1 9933 16523 92 27
8533 10484 54 18 7305 5237 47 0
7031 7065 83 20 13647 5289 73 5
21564 21790 146 44 5976 11276 105 20
15547 21512 2 2 12890 6155 142 47
5954 22300 47 2 13550 7048 82 3
11181 16607 57 0 9933 22373 61 20
11691 15397 98 39 7085 8533 97 30
15358 7031 119 21 10484 14649 84 20
8133 17064 25 10 13647 11244 80 20
5237 5289 93 15 16523 7255 78 22
7065 7305 71 11 21115 7689 18 2
15547 22300 35 2 11276 11181 117 30
9933 8533 117 25 5954 12890 93 24
15397 21512 2 0 7031 21564 126 45
22373 6155 91 29 15358 13647 63 30
17064 14649 35 0 5289 13550 71 3
16607 21790 149 34 10484 7689 63 0
16523 5976 37 2 7048 7305 58 2
11244 11691 184 44 7065 7255 120 30
8133 5237 41 10 21115 7085 73 26
22300 13647 49 13 8533 21564 120 42
13550 11181 38 12 15358 21512 115 24
15397 7689 28 0 17064 9933 34 4
7305 11276 78 22 22373 5954 100 20
5289 12890 131 23 21790 11244 169 39
7255 7085 103 24 16607 15547 107 12
5237 5976 82 2 14649 11691 48 28
10484 7048 106 20 7065 8133 99 0
6155 21115 51 25 16523 7031 117 47
13647 7305 52 2 13550 15397 12 3
7689 11244 149 35 22300 15358 98 6
8533 7255 109 38 21512 22373 50 2
21564 5954 82 40 5289 11691 159 41
11276 7065 101 40 17064 5237 90 0
21115 9933 54 20 7048 15547 65 27
8133 5976 63 2 7031 16607 124 35
21790 14649 119 24 7085 6155 126 44
11181 16523 63 0 12890 10484 110 27
