21339 21481 16 0 12513 21395 4 1
21872 20085 4 2 22092 10544 82 41
4169 12094 33 0 15254 5009 21 5
22092 21872 33 20 21481 21395 15 0
12094 15254 15 0 21339 20085 9 0
10544 12513 78 21 5009 4169 29 10
15254 21339 37 0 21395 21872 6 0
10544 12094 71 21 12513 22092 41 20
20085 5009 12 2 4169 21481 13 0
21872 10544 88 21 12094 21339 12 0
21481 22092 53 20 4169 15254 52 0
21395 20085 27 12 5009 12513 28 5
21481 15254 25 0 21339 10544 73 21
21395 4169 8 0 20085 12094 12 2
22092 5009 78 25 21872 12513 36 31
12094 21395 21 0 10544 21481 81 21
12513 4169 16 1 15254 21872 20 0
5009 21339 38 5 20085 22092 36 22
