15282 3216 32 0 9775 20160 2 0
22269 22275 22 12 10253 13829 0 0
19646 8728 7 0 14422 19648 41 0
15159 9775 7 0 14360 13829 55 2
19646 20160 14 0 22275 8728 14 2
3216 10253 38 0 19648 15159 32 0
15282 14422 11 0 22269 14360 43 2
13829 9775 19 0 19648 10253 31 0
14360 8728 75 7 3216 22269 25 3
15159 15282 40 0 14422 22275 23 0
20160 14360 63 0 19646 10253 11 0
22275 9775 17 2 8728 14422 0 0
13829 3216 34 0 15282 19646 41 0
19648 22269 37 3 20160 15159 10 0
13829 22275 29 2 3216 14360 55 2
19648 19646 71 0 9775 22269 24 0
10253 15159 10 0 8728 15282 26 3
14422 13829 43 22 20160 19648 57 3
