16598 7518 43 20 369 22685 28 0
21886 5178 11 0 13599 21310 109 26
6010 7519 61 20 7631 12096 149 33
21814 22022 101 40 5014 8395 61 20
18230 15167 81 40 12888 3583 72 40
11695 4234 109 26 3796 389 64 20
13270 19640 22 4 14575 5225 118 24
226 14315 75 20 21232 11112 168 27
14607 21929 70 17 18103 20337 68 20
16598 4451 98 24 18381 12096 182 36
7631 13599 90 8 8395 369 52 5
21310 3583 73 20 7519 11695 101 28
7518 15167 95 5 14575 5178 37 0
389 6010 150 43 22685 5225 110 45
20337 11112 181 56 22022 3796 63 23
18230 19640 23 0 226 18103 195 40
13270 14607 153 27 12888 14315 79 24
21929 5014 72 20 4451 21886 46 4
21814 4234 70 5 21232 18381 118 43
6010 14575 146 29 8395 21310 90 3
369 3796 29 20 15167 7519 133 20
22022 18103 58 3 3583 16598 64 20
5225 226 105 45 11695 5178 44 0
11112 389 127 35 4451 14607 101 27
7631 21232 195 22 20337 13270 62 0
12096 21886 175 53 21814 18230 104 40
18381 7518 130 23 13599 12888 104 43
22685 5014 122 40 19640 4234 80 20
14315 3796 79 44 21929 16598 123 33
18103 369 27 3 11112 6010 177 34
14575 11695 174 51 21232 4451 91 5
21886 20337 79 22 15167 226 119 55
5225 7631 50 5 14607 21310 134 6
12096 12888 146 33 8395 389 120 25
13270 7519 107 4 22685 22022 75 43
4234 21929 73 30 7518 18230 82 20
19640 13599 77 25 14315 21814 112 0
5178 18381 91 23 5014 3583 155 40
6010 21232 138 40 21886 14607 105 26
8395 16598 75 34 11112 15167 151 10
22022 369 39 3 12096 11695 180 82
12888 226 50 20 7519 21929 75 10
20337 5225 124 26 7518 21814 98 10
5178 4451 51 0 3796 13270 138 40
18103 14575 90 25 5014 13599 115 43
21310 22685 98 20 14315 18230 86 20
389 18381 136 3 19640 7631 34 2
3583 8395 102 40 4234 6010 109 23
