15930 16215 120 40 12398 10862 176 61
21856 10405 117 40 9778 21899 99 0
11720 16617 100 20 21733 15877 199 43
13109 18483 153 48 18458 12115 149 23
16756 10528 74 0 11986 10676 79 23
20410 13472 45 0 15546 5175 141 36
16617 21899 136 32 10862 9778 122 33
12115 21856 125 44 15930 21733 125 5
10676 18458 150 29 12398 11720 163 20
15877 16756 142 45 13472 13109 102 23
18483 10528 163 30 16215 5175 30 3
10405 11986 136 25 20410 15546 176 33
10676 15930 126 5 18458 16617 196 55
11720 13472 117 40 21899 10862 245 37
15877 5175 99 23 12398 12115 120 22
10528 20410 171 10 9778 21733 130 24
11986 13109 148 26 10405 18483 134 20
16756 15546 220 48 21856 16215 178 45
5175 12115 118 28 10676 10862 150 37
21899 15877 114 20 20410 15930 116 25
11986 9778 139 25 13472 18458 127 27
16617 12398 243 25 10405 10528 117 30
21733 15546 242 33 18483 16756 157 50
13109 21856 149 31 16215 11720 105 20
10862 15877 173 37 18458 11986 158 5
12115 20410 169 45 10528 16617 188 32
15930 10405 120 45 5175 16756 121 28
18483 12398 268 45 21856 13472 112 44
21899 21733 148 40 16215 10676 79 0
15546 9778 120 33 11720 13109 131 40
10862 18458 186 60 16756 20410 101 20
5175 21856 113 47 16617 11986 206 47
13472 16215 102 20 12115 10405 141 25
15546 11720 183 53 10528 15930 94 15
9778 10676 51 0 15877 18483 111 20
21733 12398 172 40 13109 21899 84 2
