19516 13171 64 40 21990 19812 39 10
20360 14295 83 0 21980 13277 88 20
15305 13303 34 1 22898 9040 54 0
21982 19510 159 55 18882 14377 49 3
20360 19812 104 10 14295 21990 122 10
13277 15305 21 3 19516 13303 98 23
21980 18882 115 40 14377 13171 83 22
22898 21982 89 25 9040 19510 126 50
15305 21990 108 13 13277 19812 51 10
13303 13171 70 20 14295 14377 96 22
18882 21982 119 20 22898 20360 40 20
9040 19516 92 20 19510 21980 142 45
14377 21990 44 13 15305 14295 102 20
13277 22898 6 0 13171 21982 69 20
19510 19516 122 32 13303 20360 79 40
9040 21980 131 40 19812 18882 68 30
14377 22898 31 2 21990 13277 96 10
19510 20360 98 30 13171 15305 106 22
19812 21980 98 20 21982 13303 100 40
18882 9040 72 0 14295 19516 138 40
