19298 20406 34 20 16287 21786 40 0
12997 542 38 0 20319 20320 39 0
14917 3526 39 20 11770 19299 111 20
9324 11546 117 25 13125 22427 37 0
542 18253 149 40 21786 12997 60 20
19298 16287 50 0 19299 20319 37 0
20320 14917 15 0 9324 20406 12 0
13125 11546 124 25 3526 18253 98 40
22427 12997 21 0 11770 19298 101 40
21786 19299 64 0 20320 9324 51 20
13125 3526 48 0 542 14917 105 20
22427 20319 32 0 20406 18253 137 25
16287 11770 55 21 11546 20320 115 25
19298 12997 58 20 9324 3526 49 20
20319 13125 38 0 22427 21786 40 0
19299 542 40 0 11546 20406 102 5
18253 16287 139 40 14917 11770 106 40
20320 21786 28 0 3526 22427 61 0
20406 19299 42 0 12997 13125 47 20
11546 14917 138 25 20319 19298 29 0
18253 9324 96 20 16287 542 95 21
11770 20320 56 20 21786 13125 36 20
