17252 14298 46 20 14259 18504 180 70
17252 14298 46 20 14259 18504 180 70
5214 21316 123 30 17094 11039 188 47
16886 14214 129 20 11920 3470 80 16
22330 13981 68 20 12804 16283 27 20
11099 21454 142 40 19896 19882 34 0
12869 14323 93 8 21402 18247 22 0
18133 16276 58 15 9656 3470 141 35
14298 16886 103 20 16283 21316 145 55
11099 11039 266 69 18504 22330 45 40
13981 17094 136 51 11920 21402 64 7
19896 14259 101 50 9656 5214 111 35
16276 12869 72 10 17252 14214 66 20
18247 21454 33 20 18133 12804 47 0
18504 19882 72 20 14323 17094 139 47
16283 21402 100 0 14259 11099 171 60
14298 19896 53 20 13981 16276 102 0
11039 11920 157 44 12869 21454 98 40
3470 22330 173 47 5214 19882 20 0
16886 17252 111 25 14323 18133 91 20
14214 18247 85 20 21316 9656 135 50
12804 11920 78 20 11099 14298 145 35
14259 11039 217 81 19882 13981 140 20
3470 12869 154 43 17094 19896 126 43
14323 9656 78 25 21454 22330 74 20
16283 5214 48 0 14214 18133 102 20
16276 18504 91 20 18247 16886 98 0
21316 12804 120 35 21402 17252 56 0
19882 9656 68 0 14298 12869 95 25
18133 14259 183 45 22330 17094 102 23
5214 13981 78 22 16886 11099 196 45
21454 21402 123 30 3470 18504 144 43
17252 16283 38 0 11039 18247 171 44
14214 19896 105 20 12804 14323 162 50
16276 11920 117 3 21316 14259 197 70
