21618 6437 83 3 15604 22878 59 2
16223 3189 193 35 20444 18239 12 2
20206 6366 42 0 4087 10731 80 22
3188 2836 101 20 4273 5762 44 20
22878 6437 61 4 18239 3189 112 30
15604 16223 106 0 6366 4087 23 2
20206 20444 37 0 2836 4273 61 10
21618 10731 136 40 5762 3188 77 20
4087 15604 31 3 3189 22878 140 32
4273 20206 114 40 6437 16223 115 26
10731 18239 102 40 2836 21618 186 0
6366 5762 19 0 3188 20444 160 25
3189 15604 176 60 16223 20206 125 20
4087 4273 37 3 18239 21618 78 20
5762 2836 38 0 22878 6366 45 4
10731 3188 161 20 6437 20444 73 28
18239 4273 11 0 20206 15604 97 20
3189 21618 132 20 6366 2836 34 0
22878 3188 79 9 16223 10731 111 40
20444 5762 94 3 6437 4087 83 23
