17206 16309 151 20 21225 8136 160 65
3658 288 191 52 6547 21677 186 40
16498 6168 189 25 2867 13737 96 0
17637 3409 107 5 10868 7961 128 45
10265 9856 152 52 14186 18292 204 54
5893 7525 134 44 13399 16708 115 0
13092 10588 205 40 7678 20323 145 20
9808 9102 129 32 13312 5119 24 0
11514 7532 53 9 19996 4193 125 27
2867 6547 114 28 17637 16309 182 25
288 14186 161 44 7961 8136 137 45
21677 13399 181 44 16498 21225 185 60
18292 7525 101 28 3409 13092 205 30
5893 10265 192 48 10588 9808 186 49
13737 4193 205 20 9102 20323 199 55
5119 7678 85 23 3658 7532 200 43
9856 16708 97 24 17206 11514 141 24
13312 19996 130 23 6168 10868 148 25
14186 16498 141 40 16309 13092 89 20
6547 7961 213 62 9808 18292 100 52
8136 4193 142 45 21677 17637 117 39
9102 7678 137 45 21225 5893 157 30
9856 13737 148 24 5119 288 123 24
7532 16708 46 8 10265 6168 179 18
20323 19996 218 48 7525 3658 189 68
10868 2867 91 25 10588 11514 174 60
13312 17206 127 0 13399 3409 160 0
17637 9808 112 39 14186 7678 120 4
18292 288 142 49 16309 5893 192 55
4193 5119 109 40 21225 13092 207 65
19996 9102 83 3 6547 9856 109 20
10868 3658 211 64 16708 16498 105 27
21677 11514 71 4 3409 6168 138 20
17206 10588 205 56 7532 13737 114 5
20323 13399 233 45 8136 10265 142 48
7961 2867 81 50 7525 13312 209 28
4193 14186 84 20 5893 6547 210 54
13092 10868 161 45 288 9102 170 29
3658 21225 254 84 11514 9808 93 27
18292 17637 75 15 19996 17206 152 43
6168 10588 165 29 13399 5119 163 20
20323 7532 129 6 16498 13312 140 0
13737 16309 206 20 16708 7961 89 22
7525 21677 242 52 7678 10265 127 17
3409 8136 173 28 9856 2867 112 24
9808 17206 153 44 4193 10868 148 23
6168 5893 138 25 13092 3658 240 64
9102 16498 123 40 10588 17637 170 51
11514 13312 125 0 13737 14186 164 24
10265 21225 205 60 288 19996 130 44
16708 18292 98 23 2867 21677 96 40
7961 13399 182 20 7678 9856 169 29
16309 3409 183 23 5119 20323 192 31
8136 6547 133 44 7532 7525 147 37
