21930 21824 42 11 14469 9189 215 65
13594 14723 75 20 14167 16277 181 30
3640 16244 160 26 10101 6596 241 71
15005 8899 206 44 11177 11235 104 50
21592 9788 43 0 15387 15356 113 34
21824 8648 57 20 14167 3640 137 11
14469 14723 165 35 8899 16244 167 56
16277 15356 124 44 15005 21930 203 45
15387 11235 98 23 9189 13594 122 46
8648 11177 89 40 6596 9788 112 20
14723 10101 148 27 21592 21824 51 24
15356 3640 80 8 15387 14469 176 50
11235 14167 103 26 21930 6596 131 25
10101 15005 154 14 13594 8648 77 20
16244 11177 151 32 16277 21592 89 24
8899 9189 145 50 9788 3640 62 5
15356 8648 50 0 11235 14723 100 18
11177 10101 136 26 15387 14167 48 3
21592 13594 131 44 21930 8899 92 33
6596 9189 167 40 16277 14469 149 52
9788 15005 159 30 21824 16244 131 29
3640 21930 21 1 14723 11177 86 20
8899 16277 121 51 8648 15387 91 21
6596 21824 127 25 15356 13594 77 3
9788 14469 150 40 10101 11235 196 57
9189 14167 105 36 15005 21592 206 49
16244 15387 136 26 15356 21930 101 24
