22334 7935 79 20 20654 22271 36 13
6128 17103 25 1 18249 19589 88 5
15010 22333 24 0 22356 14822 18 2
12005 8099 114 40 22347 18215 53 21
22271 11990 31 0 19589 6128 74 15
17103 22334 24 0 14822 22333 40 23
18249 22356 33 0 18215 20654 38 5
12005 22347 56 0 11990 15010 30 20
19589 8099 131 35 22333 7935 45 20
20654 17103 75 4 18215 6128 69 23
11990 18249 23 0 22334 22347 37 25
14822 15010 32 5 8099 22271 49 20
22356 12005 70 20 7935 17103 51 20
22333 20654 45 3 11990 22347 44 0
18215 15010 30 3 22334 19589 78 20
6128 14822 43 0 7935 12005 75 20
22271 18249 55 3 8099 22356 39 0
11990 20654 69 3 15010 17103 44 20
22347 14822 59 20 19589 18215 76 25
22333 22271 18 3 18249 12005 85 30
22356 22334 13 0 8099 6128 60 20
7935 18215 86 23 17103 11990 75 20
