21347 21610 27 3 13164 20371 81 10
20169 5026 136 24 19999 12744 20 0
18552 21887 67 0 11973 6088 41 21
19760 13003 151 40 22203 5053 60 27
18095 16162 151 25 20169 14147 52 20
20371 6088 39 22 12744 5026 132 25
13003 22203 39 0 21347 18552 58 2
21610 19760 71 23 16162 11973 124 27
5053 13164 68 20 19999 18095 81 0
21887 20371 45 20 13003 14147 51 20
11973 20169 4 2 22203 5026 134 0
6088 21347 30 4 19760 18095 117 20
18552 16162 195 45 19999 13164 23 10
14147 5053 120 40 12744 21610 50 3
5026 19760 195 40 21887 20169 32 20
16162 20371 117 20 18552 18095 121 20
14147 11973 74 22 5053 21347 60 3
13164 12744 53 2 21887 22203 11 0
21610 19999 87 3 6088 13003 105 22
5053 20169 111 31 20371 21347 40 23
13164 18552 48 30 19760 14147 129 40
22203 19999 31 0 21610 21887 43 11
18095 12744 73 20 13003 11973 80 23
5026 6088 137 23 16162 5053 160 53
20371 19999 15 0 22203 19760 53 20
20169 13003 44 4 11973 13164 55 12
12744 21887 29 20 21347 16162 141 27
18095 21610 114 23 5026 18552 136 20
14147 22203 83 20 6088 20169 69 2
