14179 18225 122 40 22318 21229 85 40
22153 7759 113 45 21370 13648 137 40
22152 19745 66 40 11970 18282 145 20
7760 20345 56 0 21301 22153 14 0
21370 11970 188 25 21229 18225 112 45
13648 20345 139 45 19745 22318 42 20
7759 14179 133 55 7760 18282 62 0
21301 22318 71 40 22152 11970 163 5
7760 18225 120 35 18282 20345 115 10
21229 19745 98 40 7759 22152 67 20
13648 21301 96 20 14179 21370 66 25
22153 7760 14 5 11970 22318 129 10
19745 7759 130 40 18225 21301 93 15
18282 21229 118 30 13648 22153 86 20
20345 14179 156 45 21370 22152 70 20
22318 18282 76 10 21301 21229 45 20
11970 14179 144 55 20345 7759 87 20
18225 22152 150 50 7760 13648 94 20
22153 21370 98 0 14179 19745 179 65
18282 13648 114 30 20345 11970 180 25
22318 7760 98 20 7759 21370 106 40
22152 21301 66 29 18225 22153 126 40
21229 7760 85 20 19745 20345 143 45
