10602 3609 65 0 20180 16651 4 0
10198 6147 27 10 13085 18527 117 43
18397 9974 195 56 22187 19415 88 45
10435 6340 116 40 7823 22417 44 3
6103 22189 121 20 6666 18200 42 0
14172 4443 108 20 16736 14568 128 24
13085 6147 93 10 20180 18397 102 20
18527 19415 146 44 3609 7823 23 3
22417 18200 46 0 16651 10198 110 7
6340 22187 201 20 4443 6666 33 0
10435 9974 283 64 22189 14172 49 4
10602 16736 115 24 14568 6103 195 31
19415 7823 28 3 6147 16651 102 24
13085 6666 89 3 22417 3609 26 0
18200 20180 111 25 14172 6340 101 2
16736 10198 79 20 9974 10602 173 36
18527 22189 95 44 22187 14568 241 63
4443 18397 94 20 6103 10435 111 28
22417 14172 142 0 19415 6147 21 10
6666 16736 175 45 7823 20180 93 27
18200 22187 99 40 14568 13085 223 55
10198 6103 43 20 3609 22189 53 20
18397 18527 174 44 6340 10602 62 0
9974 16651 249 52 10435 4443 165 50
6666 7823 39 23 14172 13085 121 3
14568 20180 153 20 10198 19415 56 30
16736 18527 179 48 18200 18397 72 0
22187 3609 74 20 6147 10435 141 36
16651 6340 53 0 9974 6103 138 28
22189 4443 38 0 10602 22417 46 0
7823 14172 153 24 18397 10198 67 4
19415 10435 181 44 18527 6666 139 44
3609 14568 91 8 6340 9974 179 36
16651 13085 109 27 22189 16736 144 44
4443 10602 113 3 6147 18200 47 14
6103 22417 55 24 20180 22187 71 25
