9372 10539 73 20 14212 17522 93 0
22518 9371 36 0 17126 4174 70 20
11453 22324 12 0 22053 18657 5 1
17126 9371 42 0 16798 14212 102 20
11453 4174 26 0 10539 22324 79 20
16798 9372 4 0 22518 18657 50 0
17522 17126 75 10 4174 22053 50 0
18657 14212 117 20 22518 11453 37 2
10539 22053 77 22 9372 9371 53 24
22324 17522 56 0 16798 22518 61 3
10539 11453 79 22 9372 17126 46 0
22324 18657 44 20 9371 17522 133 44
4174 14212 105 20 22053 16798 36 0
17522 22518 64 0 9371 11453 35 20
18657 16798 32 3 10539 17126 103 40
14212 9372 129 20 22324 4174 40 0
22053 22518 63 0 18657 10539 110 22
