13171 19812 32 0 19510 21990 55 20
21982 20360 95 20 15305 14295 30 22
13303 9040 49 2 21980 19516 62 0
15305 18882 37 0 14377 21990 55 12
19812 21982 80 20 20360 13303 83 20
19510 14377 40 22 9040 21980 31 0
18882 14295 71 40 13171 19516 66 20
20360 15305 66 30 14377 21980 28 2
21990 13303 59 0 14295 19510 45 20
21982 9040 74 22 18882 13171 47 20
19516 14295 37 0 19812 14377 63 12
13303 19510 96 20 20360 18882 91 40
9040 13171 46 10 19812 15305 78 12
21980 21990 44 12 21982 19516 134 40
14377 20360 82 22 13171 13303 67 0
19516 19510 62 20 15305 21982 86 22
18882 21980 40 2 14295 19812 60 10
21990 20360 109 10 9040 14377 36 2
