14200 21734 91 23 12010 5270 45 0
11528 16250 76 40 21724 16447 58 0
9076 22733 27 0 13735 21869 104 40
16563 9581 122 40 9063 5795 41 0
12733 19539 70 22 15680 12828 181 50
16447 22733 123 20 21724 14200 69 20
9581 13735 144 22 12010 11528 20 2
9076 5795 152 20 15680 19539 105 30
9063 16250 76 20 12828 21734 59 0
21869 12733 176 5 16563 5270 91 20
9581 14200 171 43 19539 13735 54 20
21734 21724 166 20 15680 9076 59 20
21869 16563 47 20 16250 12010 117 20
12828 5270 89 20 5795 16447 174 20
11528 9063 100 20 22733 12733 92 25
21869 21724 41 10 21734 9581 132 40
9076 12828 73 0 14200 16563 152 43
13735 12733 102 22 5795 16250 182 20
5270 15680 117 50 22733 11528 86 0
12010 19539 67 10 9063 16447 41 20
12733 5795 136 25 14200 21869 142 43
16250 9076 60 0 5270 9581 96 20
19539 16563 58 20 21734 11528 139 25
16447 15680 139 30 13735 9063 88 20
12828 12010 115 31 22733 21724 45 20
