21341 21808 0 0 21325 8894 42 2
19900 5011 10 0 20824 22498 52 20
17176 12675 31 20 4348 9894 69 24
14921 21325 16 2 8894 19900 32 0
4348 21341 84 24 20824 5011 104 20
14921 22498 31 2 12675 21808 20 2
9894 19900 24 0 21341 17176 32 0
21808 20824 23 0 12675 14921 31 0
22498 9894 21 0 4348 21325 53 20
17176 8894 27 2 5011 12675 58 20
14921 21341 16 2 22498 4348 42 24
21808 21325 41 0 5011 17176 56 0
9894 8894 33 3 19900 20824 53 20
12675 4348 138 44 21325 21341 44 0
21808 5011 16 10 9894 14921 15 0
8894 20824 116 22 22498 17176 23 0
19900 12675 78 22 21808 4348 47 24
