5040 11781 150 25 4537 8581 132 44
21865 10237 102 40 19804 18275 193 28
14279 8120 184 49 11187 13172 90 20
20744 4360 121 0 18386 6418 144 27
20385 14261 38 0 16449 22523 147 32
7136 7324 197 51 11580 10084 142 44
16657 4969 201 40 8719 19778 176 59
10851 10464 141 40 8642 12768 206 55
5501 17978 134 44 14365 12802 179 40
5754 5040 116 20 10237 14279 84 30
8581 18386 92 20 8120 14261 134 22
7324 21865 139 28 22523 4360 81 44
11580 16449 217 52 18275 8719 145 44
6418 19778 200 27 13172 10851 174 47
10464 4537 153 41 14365 7136 121 23
12802 16657 154 20 19804 11781 58 4
8642 20385 197 35 10084 17978 167 47
12768 5754 102 40 5501 20744 120 34
7324 11187 120 44 14261 4969 183 22
18386 16449 93 32 10851 10237 91 20
14365 22523 122 5 5040 11580 92 20
8719 8581 98 25 21865 12802 179 44
17978 16657 120 20 4360 14279 151 29
18275 6418 172 20 5754 10464 166 44
5501 8642 200 30 11781 11187 34 20
20744 13172 85 0 4537 20385 141 25
10084 4969 208 44 12768 8120 179 44
7136 19804 99 27 19778 18386 126 20
14365 10237 89 20 16657 7324 215 48
10851 11580 161 40 4360 8581 158 48
6418 8719 169 24 17978 5040 310 54
14279 21865 140 22 14261 5501 87 23
4969 8642 205 50 16449 5754 214 43
13172 10084 158 39 10464 19804 152 24
22523 8120 224 29 4537 12802 100 20
11781 12768 54 5 20385 7136 196 48
20744 11187 186 3 18275 19778 96 40
4360 14261 91 0 8719 14365 151 25
10851 5754 90 40 16657 21865 104 20
13172 18386 39 20 4969 5040 204 40
6418 4537 205 44 10237 11580 159 20
14279 19804 166 40 8581 8642 156 15
11781 18275 39 20 22523 10084 87 24
12802 12768 132 45 16449 7324 216 60
8120 7136 139 27 17978 20744 231 29
19778 5501 131 20 10464 20385 99 20
18386 14365 73 20 11187 10851 143 40
