16272 21743 71 10 9386 17385 46 2
17348 17011 56 0 21683 18121 105 24
21171 21743 35 20 21683 16272 96 25
18121 21171 132 29 17011 9386 78 10
17385 21743 2 0 17348 18121 15 0
17011 21683 52 10 17385 16272 105 20
9386 17348 97 20 21171 21683 71 16
18121 9386 107 20 17348 16272 115 30
17385 21171 150 50 21743 17011 82 20
16272 17011 113 25 21743 17348 53 2
18121 17385 129 44 9386 21171 95 28
21683 17348 139 25 21171 16272 131 33
21743 21683 20 0 17011 18121 87 20
16272 9386 69 5 17011 17385 116 40
