11085 21235 88 25 10577 127 79 45
13783 9256 51 20 15372 19897 55 0
22008 8514 89 0 8811 11419 54 20
10526 13227 119 20 19587 9256 58 0
127 8514 37 0 19897 22008 100 20
21235 10577 4 0 13227 13783 25 0
11085 15372 64 0 8811 10526 23 0
11419 19897 121 40 19587 10577 15 0
8514 15372 23 0 11085 13783 75 0
11419 10526 45 23 21235 127 100 40
22008 8811 57 10 9256 13227 85 40
19587 21235 27 20 8514 11085 84 0
19897 10526 67 20 13227 22008 108 20
10577 11419 84 24 15372 9256 41 20
127 19587 76 40 13783 8811 79 20
11085 13227 137 20 9256 11419 93 48
10577 13783 35 20 10526 22008 76 0
15372 8811 100 20 19897 21235 100 25
9256 127 95 40 8514 19587 48 20
13783 19897 112 35 11419 11085 96 12
22008 19587 70 20 21235 15372 6 0
8811 8514 47 0 10526 10577 28 0
13227 15372 71 20 127 11085 121 20
