19873 5262 27 10 19941 16537 83 23
22022 7953 70 26 16839 17682 11 0
354 4419 21 0 392 16829 70 0
194 20675 7 0 16067 14597 105 23
1885 3116 101 20 6158 18835 57 30
20342 15360 70 24 15317 9202 96 20
7844 7080 128 29 19753 4970 25 5
6383 19832 24 2 11112 13621 52 23
20194 8535 22 0 12882 9064 66 20
392 16067 6 0 16537 22022 80 23
1885 17682 103 20 194 5262 25 20
20342 3116 58 20 20675 19873 75 10
4419 4970 36 3 14597 16839 123 23
19832 354 10 2 7080 15360 74 24
6158 8535 32 0 9202 6383 34 2
9064 7953 63 25 18835 11112 117 33
15317 19941 147 34 19753 12882 17 0
13621 16829 132 43 7844 20194 103 14
17682 392 10 0 4970 20342 81 4
5262 16839 29 0 3116 354 5 0
19832 16537 80 2 14597 1885 133 43
15360 8535 54 10 7953 4419 40 3
18835 6383 47 0 7080 16067 76 24
11112 12882 53 23 16829 6158 58 30
22022 194 30 5 20194 19753 67 10
20675 19941 96 24 9202 13621 34 20
9064 15317 96 10 19873 7844 55 10
20342 16839 78 27 8535 1885 88 24
15360 14597 109 23 5262 6383 18 2
16537 4970 31 0 12882 7953 50 0
3116 7080 99 24 11112 4419 95 23
19753 20675 38 0 17682 19832 28 2
16829 22022 112 23 9064 19941 196 49
16067 6158 14 0 13621 15317 106 20
7844 9202 50 0 354 194 19 0
18835 19873 41 10 392 20194 64 14
4970 11112 131 35 15360 1885 113 40
12882 5262 24 0 7080 20675 114 24
16537 17682 76 40 4419 9064 42 0
6383 15317 70 10 16829 3116 66 6
16839 7844 53 5 6158 19832 47 12
7953 20194 96 0 19941 20342 82 48
16067 19753 52 20 354 19873 35 10
14597 18835 154 43 22022 9202 54 23
13621 194 77 40 8535 392 36 20
