12636 19823 107 56 21226 4890 202 56
9848 12116 199 52 18241 10669 155 59
11697 22261 119 30 10096 11248 84 20
16102 14481 128 35 17036 15887 141 32
16557 6934 96 23 7350 247 43 20
11166 4215 209 59 7040 13103 133 45
4890 12636 135 27 9848 11697 148 33
10096 21226 123 40 18241 16102 124 37
16557 22261 100 26 10669 17036 115 23
11166 7350 130 20 14481 11248 227 40
6934 15887 80 20 13103 4215 173 64
12116 7040 172 5 19823 247 102 40
12636 16102 113 44 18241 16557 111 20
4890 7350 170 41 22261 11166 144 45
10669 13103 164 55 11248 21226 152 49
6934 14481 169 50 10096 12116 62 20
19823 7040 142 58 15887 9848 196 33
4215 17036 233 62 247 11697 126 40
13103 18241 89 28 22261 4890 136 27
12116 11166 177 45 21226 16557 118 30
15887 10096 47 20 7350 10669 214 60
11248 17036 189 35 7040 12636 180 45
11697 16102 67 20 19823 6934 99 55
247 4215 156 24 14481 9848 180 72
15887 16557 86 24 4890 10096 178 43
17036 13103 89 24 12116 7350 135 24
12636 10669 147 45 6934 11166 140 50
11248 18241 95 20 4215 19823 143 39
21226 14481 148 48 11697 7040 116 30
247 9848 111 24 16102 22261 114 20
