10130 11204 37 22 12731 17156 27 20
16484 13233 20 2 450 21498 36 0
6321 19441 44 2 16333 9986 11 0
9987 10022 22 0 20022 19786 25 0
16759 16391 25 0 19442 5467 54 0
641 10830 112 33 20723 3888 60 22
6322 16724 4 2 21922 14431 38 20
12731 9110 66 44 5125 6321 32 2
13233 10130 104 33 20022 19441 34 20
11204 16333 30 2 16484 16391 56 24
10830 450 101 13 19786 19442 10 10
21922 20723 7 3 10022 16759 28 0
14431 9986 52 22 17156 9110 4 2
16724 5125 13 0 3888 9987 47 20
6322 5467 26 0 641 21498 40 0
19442 20022 53 20 16484 6321 43 2
16391 21922 20 20 19441 12731 45 20
9986 16759 28 22 11204 10830 96 10
5125 14431 46 20 13233 20723 41 12
9110 9987 19 0 450 6322 31 0
19786 21498 13 0 10130 16724 62 0
5467 17156 6 0 3888 16333 82 20
10022 9986 34 2 641 16391 115 20
16484 12731 41 22 14431 10830 103 10
19441 6322 30 10 20723 19442 15 2
13233 19786 28 10 9110 16759 19 0
11204 3888 104 20 21498 20022 65 5
16333 450 22 0 5125 641 12 0
16724 10022 25 2 6321 17156 40 2
5467 9987 15 0 21922 10130 66 0
19442 12731 45 20 9986 13233 71 16
10830 20022 121 33 16391 6322 74 20
19441 641 0 0 16759 16484 55 22
21498 9110 58 20 16333 10022 38 0
20723 450 32 2 5467 16724 22 2
14431 6321 46 22 9987 11204 41 0
17156 5125 11 0 19786 21922 18 10
3888 19442 57 25 10130 16484 94 22
