14213 14959 41 0 9808 11457 88 26
22363 21677 58 20 19996 20391 111 26
9034 21536 57 10 5422 11908 18 0
21677 9808 141 44 14213 22363 25 10
20391 21536 59 10 14959 9034 33 5
5422 19996 103 23 11908 11457 11 0
9034 22363 22 0 14959 21677 47 0
5422 9808 77 27 21536 19996 124 20
11908 20391 34 3 11457 14213 25 10
9808 14959 51 20 21677 5422 44 0
11457 22363 26 0 11908 21536 24 0
19996 9034 88 23 20391 14213 33 1
14959 11908 25 0 21536 21677 105 20
14213 5422 44 0 22363 19996 64 23
20391 11457 86 3 9808 9034 95 34
19996 14213 69 23 21536 14959 52 0
21677 20391 91 23 11457 5422 35 0
9034 11908 44 10 22363 9808 34 4
