18227 20051 125 40 9045 20039 32 20
4745 15226 57 20 16802 21533 80 20
9054 6169 83 20 18270 20040 121 35
21330 21607 121 47 22539 16012 23 2
15226 20313 50 0 20051 9045 49 20
9054 20039 74 40 4745 16802 51 20
21533 18227 115 20 22539 6169 17 2
16012 20040 35 0 20313 18270 178 40
21607 9054 52 20 20039 21330 152 53
6169 20051 48 22 4745 22539 21 0
16012 9045 109 20 20040 21533 56 20
18270 21607 164 20 15226 18227 138 20
16802 6169 96 22 21330 20313 107 24
21533 16012 38 0 20051 9054 35 0
20040 22539 71 0 20039 15226 27 0
20313 4745 42 0 18227 21330 177 50
18270 9045 115 25 21607 16802 105 40
16012 20039 54 20 6169 15226 48 0
20313 22539 72 2 4745 9054 27 0
16802 20040 61 20 21607 18227 185 45
21330 18270 157 50 21533 20051 66 20
9045 4745 68 25 6169 16012 70 2
