13835 5196 157 23 7172 20771 136 45
18099 21430 102 44 11308 13879 66 22
19564 15403 104 30 21229 15755 185 45
10448 14659 67 20 11260 19746 227 54
17969 17190 119 29 19541 19970 137 44
21171 13022 141 26 17153 8641 201 50
16629 5899 88 10 20077 22250 181 36
21819 17302 45 11 6382 17483 113 20
14659 13835 125 20 13879 19564 22 2
19541 11260 225 65 5196 18099 53 0
13022 20771 146 48 21229 17969 242 89
15403 19970 118 44 16629 11308 101 20
20077 15755 98 20 17153 17302 68 0
21430 17190 88 6 19746 21819 207 30
17483 21171 172 65 5899 10448 76 15
8641 7172 158 30 22250 6382 88 20
18099 13835 147 46 19970 13022 107 0
19541 21229 225 70 17302 16629 33 0
15403 11260 242 64 21430 20077 180 44
13879 19746 150 27 5899 5196 143 30
17153 21819 74 2 11308 14659 153 44
17483 20771 81 22 8641 19564 86 5
7172 10448 186 50 15755 17190 26 2
22250 21171 107 23 6382 17969 210 59
13022 13879 65 22 16629 11260 159 50
17302 5899 125 15 13835 21430 132 46
8641 21229 295 80 19970 14659 57 4
5196 20077 258 56 17190 11308 88 3
17969 19746 220 59 15403 17483 150 20
19564 7172 112 30 21171 19541 158 58
20771 22250 145 24 21819 15755 65 2
10448 6382 110 0 18099 17153 116 20
11308 8641 138 45 11260 13835 222 60
17190 13879 28 0 17302 15403 107 25
21229 20077 218 70 17483 7172 191 50
14659 16629 117 24 20771 21171 150 40
19970 5196 131 20 21819 10448 55 2
19564 6382 52 20 21430 13022 147 24
22250 17153 87 0 19746 19541 233 65
5899 17969 181 39 15755 18099 37 0
17190 16629 36 12 13835 17483 160 38
11260 19970 175 55 21171 17302 156 35
7172 21819 182 45 13022 15403 118 20
10448 22250 125 40 13879 21229 180 52
6382 11308 155 20 20771 5899 134 30
5196 17153 133 20 17969 19564 188 39
15755 19541 51 23 14659 21430 135 24
19746 18099 191 45 20077 8641 206 66
