7303 16533 129 38 21376 20424 16 0
21926 18715 45 0 19655 3470 101 5
6038 7128 28 0 4950 21925 41 0
7610 17390 71 24 20720 16533 63 20
7128 3470 72 30 19655 7303 161 22
20720 4950 60 20 18715 21376 74 19
20424 7610 52 24 6038 21926 53 13
21925 7303 111 40 17390 18715 84 25
4950 6038 82 43 20720 3470 103 0
17390 21376 73 25 21926 7128 58 20
21925 20424 29 10 7610 19655 132 24
16533 6038 87 36 18715 7303 115 20
21376 7128 33 0 3470 7610 114 10
20424 19655 50 4 4950 17390 68 45
21925 20720 28 10 16533 21926 69 13
17390 19655 104 34 21376 6038 70 23
3470 4950 73 10 16533 21925 79 10
18715 20720 111 20 7128 20424 15 0
7610 21926 106 44 7303 4950 108 5
