19746 9527 214 72 20240 21893 54 3
5628 19852 102 29 20716 7079 86 40
7797 16311 109 10 3781 11093 76 20
6299 17264 37 22 19380 17113 27 2
21438 9527 54 5 7079 19746 117 53
7797 20240 73 0 21893 20716 141 20
16311 6299 120 40 17264 19852 31 2
5628 11093 47 0 21438 19380 56 0
17113 19746 97 19 3781 20716 156 21
17264 7079 90 22 21893 7797 77 3
5628 21438 117 0 16311 20240 138 20
9527 3781 86 20 11093 6299 135 40
19852 19380 74 23 17113 7797 115 0
21893 17264 25 3 20716 21438 188 20
11093 19746 137 53 6299 5628 85 24
19380 3781 29 3 19852 20240 84 0
16311 17113 124 23 7079 9527 141 55
17264 7797 20 0 19746 5628 149 33
21438 21893 62 3 6299 19852 46 0
20240 11093 73 20 17113 7079 160 24
19380 20716 85 22 9527 16311 154 45
3781 21893 42 1 17264 5628 40 4
