9925 8732 91 27 6189 6458 87 1
4175 4324 129 25 4156 5913 78 20
8695 5153 34 24 9215 11418 113 13
10110 12168 81 23 5143 13352 92 20
7110 13415 94 40 21495 4150 112 0
22064 10107 51 20 7130 15050 64 22
6499 3788 30 2 6121 20307 83 0
4156 9988 120 25 5153 6189 18 0
8732 11418 37 0 4324 10110 116 20
13415 9925 99 43 8695 5913 110 30
12168 7130 93 25 7110 4175 115 20
6458 22064 51 3 3788 5143 35 5
6499 4150 118 25 13352 9215 99 13
15050 20307 76 20 21495 9988 57 20
6121 5913 50 20 5153 10107 89 20
11418 6189 93 5 13415 7130 89 22
3788 12168 42 22 4324 9925 156 43
22064 4175 102 5 10110 6499 20 0
5143 7110 122 40 15050 4156 93 20
9215 21495 113 33 8732 6121 4 0
13352 6458 60 21 20307 8695 97 27
4150 9988 108 32 10107 12168 148 43
4324 5153 156 20 13415 6499 67 25
3788 6189 96 23 5913 15050 56 0
6121 5143 107 40 9925 4175 70 20
13352 21495 114 23 11418 22064 43 25
7130 8695 45 0 9988 8732 21 6
20307 4156 102 30 4150 10110 101 30
9215 7110 77 30 10107 6458 106 40
15050 6121 41 0 12168 13415 92 43
5913 11418 22 0 6499 5143 114 20
3788 13352 12 0 4175 8732 55 2
4150 4324 157 40 6189 8695 187 50
6458 21495 108 40 7130 4156 94 22
20307 7110 126 30 22064 5153 22 0
10110 9215 82 16 9988 9925 77 30
10107 13415 113 45 11418 3788 7 0
