10809 12778 45 0 5131 18142 60 3
17702 15097 39 20 11212 15146 138 45
22026 11128 21 0 4262 9261 41 0
9266 22105 72 25 8097 5131 139 40
22026 15097 63 0 18142 10809 110 43
17702 8097 103 40 22105 4262 60 20
12778 9261 26 0 9266 11212 192 50
11128 5131 110 20 15146 22026 19 0
11212 4262 94 0 9266 18142 41 0
11128 17702 69 0 15097 12778 84 20
9261 22105 49 2 10809 15146 52 20
8097 9266 76 25 15097 11128 50 0
9261 10809 34 0 12778 17702 62 0
4262 18142 64 20 22105 5131 52 22
15146 8097 108 40 22026 11212 136 45
5131 4262 96 40 9261 15097 50 0
18142 22026 35 0 9266 17702 96 5
11212 11128 154 45 22105 10809 58 22
15146 12778 14 0 8097 4262 68 0
5131 9266 83 20 17702 11212 95 25
15097 22105 54 2 12778 22026 66 20
18142 8097 72 23 11128 9261 32 0
4262 15146 109 40 10809 9266 145 45
