12011 6460 60 0 10475 20018 40 0
8527 6567 63 20 6454 18773 112 5
11393 13359 15 0 14281 7420 77 40
11607 6955 85 2 12915 4957 2 0
22277 22482 67 4 6460 11975 15 0
20018 14281 67 20 8527 18773 63 0
6454 12011 93 30 4957 11393 38 0
22277 11607 78 7 13359 22482 37 0
12915 7420 68 24 6567 10475 93 22
11975 6454 68 0 6955 20018 60 20
6460 13359 30 0 4957 18773 35 20
22277 12915 83 34 11393 8527 46 0
22482 6955 147 40 10475 14281 53 2
11975 12011 71 10 6567 11607 74 7
20018 4957 28 2 7420 22277 68 14
22482 14281 82 40 12915 6454 87 3
6955 13359 105 23 6460 6567 56 2
18773 10475 92 20 11607 11393 46 0
11975 8527 25 0 12011 7420 102 30
4957 6460 29 3 14281 12915 58 20
6567 11393 63 0 20018 22482 55 20
10475 8527 61 20 13359 11975 73 3
18773 22277 85 9 6955 12011 88 30
7420 11607 38 7 6454 6460 54 0
