6278 21947 45 20 10158 3819 188 35
22160 2858 83 3 9206 21721 131 20
18597 14682 126 17 2993 14887 55 0
19751 16796 33 0 10537 18434 146 23
14756 14778 70 14 3819 17421 142 35
2858 9206 163 43 18597 10158 172 39
14682 19751 25 0 21947 22160 113 25
10537 2993 118 27 17421 14756 166 45
14778 6278 145 24 16796 21721 89 40
18434 3819 94 0 14887 14682 96 23
9206 10158 117 20 19751 17421 68 4
6278 10537 91 23 14778 18597 189 38
21947 2993 70 20 18434 2858 276 43
14887 22160 101 20 14756 16796 57 10
21721 18597 124 30 3819 19751 19 0
9206 17421 128 24 6278 18434 86 20
2993 10158 141 35 22160 14778 153 28
2858 14756 82 13 14682 16796 121 3
21721 10537 84 0 21947 14887 32 0
17421 18434 195 60 22160 18597 102 30
16796 3819 36 0 2993 9206 98 20
14887 6278 36 0 2858 19751 137 26
10158 21721 100 25 10537 14682 173 46
14778 21947 125 24 14756 9206 134 20
