18570 19957 165 44 16730 17198 64 20
17332 11986 117 20 19955 21848 133 20
17977 22306 13 0 18503 19956 39 3
13755 22952 138 5 22304 18801 53 5
19717 20145 72 0 19782 9778 130 25
17191 21780 44 20 17028 12398 98 10
14608 16617 164 40 19956 18838 83 23
22304 16730 114 0 11986 22306 128 24
19782 18570 157 49 22952 17332 131 0
17977 21780 48 24 18801 9778 114 0
21848 17198 49 1 20145 12398 81 0
19955 18503 126 20 14608 17191 60 5
18838 19717 65 28 13755 17028 149 14
16617 19782 205 45 19957 17977 105 0
17198 22304 78 26 21780 19956 145 22
18801 16730 74 0 18503 20145 92 2
9778 19955 142 10 22306 18838 68 23
12398 18570 162 40 19717 11986 121 44
14608 19957 84 41 17332 17028 90 10
13755 21848 54 21 16617 17191 136 32
22952 20145 105 25 21780 19955 104 9
11986 18503 132 26 18838 19782 85 40
17198 18801 64 20 19717 14608 56 0
18570 17028 179 38 22304 21848 35 0
17332 17191 69 0 16730 17977 84 3
22952 12398 156 45 22306 16617 216 32
19956 9778 70 13 19957 13755 141 41
17028 19782 77 30 17198 19955 160 45
18838 18801 113 43 17191 18570 119 28
20145 14608 72 25 17977 22304 32 6
22306 21780 86 25 19957 19717 27 0
18503 17332 69 3 12398 13755 73 20
19956 16730 106 5 21848 22952 79 20
9778 11986 135 33 16617 17198 180 32
