19854 15455 36 22 22067 21945 40 22
8791 10455 18 0 6190 8435 15 0
13295 8149 25 20 3537 22068 83 20
14954 11959 33 0 10293 8578 43 0
8793 22066 15 0 21478 21751 5 2
21894 22049 18 0 13246 13295 2 0
15455 6190 31 0 11959 8149 47 0
8578 8793 45 2 8435 19854 31 2
22067 22068 11 2 22066 14954 40 20
21478 13246 5 2 10455 3537 75 20
21751 21894 16 0 10293 8791 47 0
11959 21945 109 20 22049 8793 20 0
13295 8435 33 0 22067 21478 39 2
21894 6190 20 0 14954 19854 41 4
21945 10455 73 20 22066 10293 7 0
22068 13246 17 2 21751 15455 43 20
8578 8791 68 2 22049 3537 59 4
8149 10293 39 20 19854 21478 51 5
8435 11959 30 0 22068 21894 20 2
13246 8793 24 20 8791 22067 18 3
22066 6190 50 0 13295 8578 23 2
15455 8149 103 20 10455 22049 12 0
3537 14954 107 44 21945 21751 57 20
19854 22066 28 2 13246 11959 46 0
22067 8578 43 4 8149 21894 31 0
10293 3537 60 20 15455 8435 68 0
10455 14954 41 0 8793 13295 37 20
21945 21478 73 2 8791 22068 47 2
22049 21751 25 2 6190 22067 29 3
