14690 13032 83 24 9856 290 38 20
21682 289 47 0 10868 21225 132 40
291 12565 47 0 22083 5481 64 10
289 21225 144 30 14690 290 73 20
21682 291 36 0 12565 13032 45 3
10868 22083 99 0 5481 9856 89 30
289 291 14 0 14690 21682 104 4
10868 290 62 0 13032 22083 13 0
12565 9856 68 27 21225 5481 133 45
22083 14690 98 24 13032 21682 17 0
9856 10868 104 24 291 21225 114 38
5481 12565 44 3 290 289 15 3
21225 14690 181 50 22083 291 71 3
9856 13032 96 20 289 12565 37 3
290 5481 48 10 21682 10868 120 20
21225 22083 124 25 13032 289 36 0
5481 10868 74 10 12565 14690 80 20
290 21682 56 0 291 9856 62 20
