10515 15167 143 45 10358 13353 86 32
12882 3804 65 20 20714 12096 94 20
16862 22202 167 40 20369 22685 17 0
19458 22742 171 39 9450 20721 12 4
21886 19753 22 0 16829 16439 101 31
22200 9830 59 0 21774 7 208 60
19434 11804 94 2 17682 8702 103 20
12882 16862 41 0 15167 10358 150 45
13353 9450 162 52 22202 20714 131 20
22685 10515 107 20 16439 19458 217 65
7 12096 166 37 19753 22742 3 0
8702 19434 205 48 3804 22200 41 0
16829 21774 187 46 20369 17682 48 0
9830 20721 16 0 11804 21886 5 0
13353 16439 75 17 19458 12882 245 39
22685 20714 78 0 15167 19753 137 10
10358 9450 80 40 19434 7 204 64
22202 17682 162 44 22200 22742 57 0
3804 9830 30 2 16862 16829 125 26
11804 20369 51 22 12096 21886 90 5
20721 10515 67 25 8702 21774 166 25
19458 10358 161 40 20714 19753 29 0
16439 22202 168 54 15167 19434 177 28
9830 17682 114 22 9450 22685 62 24
12096 16862 207 55 22200 13353 122 32
7 3804 128 32 20721 20369 58 20
10515 16829 120 43 11804 12882 56 20
21886 21774 60 20 22742 8702 112 23
10358 16439 162 20 9830 22202 137 27
12096 15167 130 5 17682 19458 185 59
19753 19434 146 28 13353 20369 105 32
22685 22200 43 20 20721 16829 79 23
21774 11804 97 2 9450 3804 45 4
22742 20714 17 3 10515 16862 122 40
8702 21886 62 0 7 12882 177 60
