5953 19373 59 22 18104 4054 37 4
3861 17303 49 0 6427 7732 27 0
18079 16942 151 25 7830 13052 9 0
16655 5953 47 2 3861 4053 20 20
4054 16942 95 25 18079 6427 39 0
7732 18104 20 2 4053 7830 35 0
17303 13052 39 0 16655 19373 73 20
18104 4053 23 2 16942 3861 81 50
13052 18079 49 25 5953 7732 30 2
19373 6427 38 20 16655 7830 35 0
17303 7732 28 0 4054 5953 54 2
6427 16655 54 20 16942 18104 121 27
4053 18079 38 25 19373 17303 34 0
7830 3861 47 25 13052 4054 21 0
6427 5953 26 3 18079 19373 55 20
7830 4054 41 0 3861 16655 66 25
17303 4053 10 0 13052 18104 52 0
7732 3861 21 5 19373 16942 116 25
4054 6427 69 20 4053 13052 33 0
16942 7830 122 20 5953 17303 33 2
18104 16655 73 20 7732 18079 115 25
