23115 23121 22 20 23113 23119 57 40
23117 23118 15 0 23116 23120 26 0
23114 23125 60 20 23112 23122 22 10
23113 23117 30 0 23119 23118 21 0
23112 23125 33 20 23121 23120 15 0
23116 23115 38 20 23114 23122 23 20
23125 23119 33 30 23118 23112 11 0
23121 23113 22 0 23122 23116 12 0
23120 23117 26 0 23115 23114 104 40
23122 23119 19 10 23118 23116 20 0
23120 23114 47 20 23113 23125 55 20
23112 23121 21 0 23117 23115 24 0
23119 23116 65 40 23125 23120 49 20
23122 23113 70 30 23117 23112 26 0
23118 23115 37 20 23121 23114 71 40
