21518 21522 26 0 14944 14947 12 4
14033 14936 12 3 15719 14946 11 3
14941 14939 30 3 14937 14938 63 3
14944 21522 37 4 14670 14033 14 2
14941 14936 11 3 14947 14939 43 3
14946 21518 37 23 14937 14670 57 20
21522 15719 30 3 14938 14941 33 3
14946 14937 70 0 14947 14033 14 3
14944 15719 11 2 21518 14939 49 3
14938 14670 68 23 14936 14947 28 5
14939 14946 37 3 21522 14941 29 0
14670 14944 43 24 15719 14937 56 6
14033 21518 21 3 14936 14938 31 3
14947 14946 9 3 14939 15719 39 3
14944 14937 64 4 14936 21522 26 3
14033 14941 14 3 14670 21518 95 23
14938 14947 43 3 14946 14944 5 0
