10603 15147 20 0 13048 15715 33 2
4215 13663 35 0 7026 11456 118 40
207 13293 18 0 15891 248 55 0
15887 19477 43 2 18757 7251 52 0
247 13105 29 20 13103 15762 24 0
13663 11456 64 20 207 13048 40 2
248 15887 54 2 7026 10603 98 20
15891 15147 20 0 13103 18757 67 0
13105 7251 42 0 13293 247 11 2
19477 15762 53 25 15715 4215 26 0
15891 13103 27 0 11456 10603 20 0
18757 7026 134 20 13105 207 29 20
15887 247 112 2 13663 15715 39 0
15147 13293 9 2 19477 4215 80 20
248 13048 60 2 15762 7251 75 20
10603 15715 15 2 7026 207 194 40
13103 13293 84 2 13663 18757 65 0
4215 13048 49 2 15887 13105 45 0
11456 19477 82 40 247 248 88 0
7251 15891 8 0 15762 15147 22 0
13293 7026 80 20 13048 13103 82 22
13105 13663 72 0 10603 19477 56 25
7251 248 97 20 4215 15891 57 20
207 247 139 0 15147 15887 15 2
15715 15762 47 10 11456 18757 101 0
13048 7026 102 20 19477 15891 46 20
248 13663 62 0 15147 13105 21 0
15762 11456 88 20 13293 15887 43 5
18757 10603 52 2 247 4215 94 40
15715 207 63 0 7251 13103 77 20
