4116 17322 89 23 16310 16252 105 52
16001 11353 13 0 21867 19796 25 0
22548 17235 119 8 22526 21385 75 0
22672 7974 70 0 21737 6985 91 20
13828 16460 133 24 19417 12966 78 20
8755 13201 173 49 9224 14631 167 55
16252 17322 100 0 11353 21385 8 0
22526 4116 160 43 19796 22672 32 0
21867 21737 96 20 22548 13828 91 45
17235 19417 96 44 8755 9224 103 40
12966 7974 72 20 14631 16310 153 59
6985 16001 80 40 16460 13201 86 30
17322 19796 78 20 22548 21737 114 25
16252 8755 175 44 13828 22672 73 20
11353 9224 69 30 7974 22526 70 0
21385 14631 143 35 16001 16460 115 24
6985 16310 162 44 21867 19417 51 20
13201 12966 86 20 4116 17235 149 20
19796 13828 29 20 7974 9224 59 20
16460 22548 62 0 11353 8755 97 34
19417 16252 136 40 21737 16001 92 40
17235 14631 187 35 4116 21867 79 20
16310 22672 121 20 13201 21385 121 20
12966 22526 74 0 17322 6985 63 20
9224 19796 9 0 16252 16460 142 20
16001 22548 45 8 7974 4116 184 23
22672 19417 66 20 14631 11353 150 35
13828 16310 90 20 17235 6985 104 20
13201 21867 101 20 17322 22526 60 0
21385 21737 89 20 8755 12966 239 44
