22033 3231 35 20 3805 2939 132 35
7462 11109 114 48 20175 4042 103 43
3543 21871 139 30 21506 21933 35 0
21764 14563 77 40 11138 20175 132 30
21871 21933 35 10 11109 22033 38 20
21506 4042 86 3 3231 11138 137 55
2939 3543 84 20 7462 3805 157 60
14563 11109 136 45 22033 21764 59 24
11138 21506 146 33 20175 2939 61 23
21871 7462 49 30 21764 3231 72 20
3805 21933 104 20 4042 14563 102 48
3231 20175 81 40 3543 22033 49 0
14563 21506 81 26 21933 7462 59 3
11138 3805 218 65 21871 11109 25 0
21764 2939 71 24 3543 4042 102 43
20175 7462 99 43 3805 21871 129 45
2939 3231 55 40 21933 14563 73 20
4042 21764 83 27 22033 21506 63 0
11109 11138 121 57 3231 3543 156 40
20175 3805 104 25 21506 21764 79 13
21933 22033 40 12 7462 11138 142 48
14563 3543 136 45 4042 21871 46 13
2939 21506 49 3 11109 20175 158 52
