22975 22929 26 0 22934 23007 12 0
23002 19164 189 50 22801 21062 12 0
21058 22940 180 50 22908 23011 96 4
23085 23010 21 0 22949 23004 52 0
21094 22931 113 20 23056 21066 88 24
22958 22956 38 20 22959 23088 22 0
22801 21063 96 25 23012 22934 28 20
22908 23004 68 0 19164 22975 100 20
21066 23007 56 4 23011 23002 172 53
22931 22959 127 20 21058 23085 73 35
22956 23056 48 20 21063 22940 32 0
23012 22949 22 0 21062 22958 85 0
22929 23088 60 0 23010 21094 102 8
23085 22801 122 2 22975 21066 72 20
19164 23011 105 20 22959 21063 47 20
23004 23056 26 0 21058 23012 156 40
23007 22958 43 0 22956 23010 37 0
22940 23002 154 50 22934 21094 126 24
22908 21062 81 0 22931 22929 83 20
22949 23056 43 0 23088 22801 164 25
22975 21063 29 0 22958 21058 192 35
19164 21094 181 53 23007 23012 48 0
23085 22956 32 2 23002 22908 84 0
23011 23088 139 40 23004 22931 68 20
21062 22934 79 0 23010 22959 41 20
21066 22949 92 20 22929 22940 153 25
22801 22908 164 50 21094 22958 120 32
23088 23012 72 0 23007 23085 95 22
23056 21062 42 0 23011 22975 124 20
22934 21058 145 25 21066 22956 59 4
22931 23010 98 20 22940 19164 145 20
21063 23002 92 20 23004 22929 55 20
21094 22959 182 25 22949 22975 63 10
22958 22934 53 0 23056 23085 74 0
23012 21066 74 0 23010 22908 166 0
22929 23011 92 20 22956 22801 224 65
23088 21058 144 30 21062 19164 52 20
21063 22949 76 0 23002 22931 126 20
22959 23004 51 20 22940 23007 96 25
