12956 10560 10 2 6040 14864 12 0
4410 15643 77 0 5273 10331 46 0
4029 14666 83 0 20696 13848 28 0
20290 8379 123 44 16921 8644 175 40
11723 6040 6 0 22618 5273 35 0
4029 13848 64 0 15643 12956 43 6
10560 8644 154 40 10331 20696 27 0
16921 20290 136 23 4410 11723 79 20
22618 8379 83 4 14666 14864 59 0
8644 5273 211 50 4029 10560 107 20
20696 6040 35 0 4410 20290 119 20
14864 11723 55 20 14666 15643 99 3
16921 22618 130 23 10331 12956 15 3
13848 4410 89 5 8379 10560 151 24
5273 15643 62 3 14666 20290 72 0
10331 16921 63 23 6040 4029 85 0
13848 8644 219 45 14864 22618 53 0
12956 11723 36 23 8379 20696 71 4
10560 14666 84 20 15643 16921 48 26
14864 4410 36 0 22618 4029 127 20
20290 10331 59 20 8379 12956 127 4
8644 6040 213 30 11723 13848 73 20
20696 14864 66 0 5273 16921 104 43
20290 4029 80 20 10560 22618 103 0
12956 14666 109 20 8644 4410 245 70
15643 20696 39 3 6040 8379 94 24
11723 5273 52 20 13848 10331 32 0
