16205 18799 110 20 16504 15639 20 2
22817 19995 77 0 16448 18589 77 20
19461 19443 60 20 16503 18841 105 30
20266 20174 67 0 14316 16267 78 30
22111 16031 135 50 22829 22648 42 0
16448 22817 81 0 19443 16504 27 0
19995 14316 98 10 16205 16503 109 20
22111 22648 61 5 18589 16267 82 20
20266 22829 77 20 18799 19461 36 0
20174 15639 28 0 18841 16031 98 45
22648 16504 61 22 19443 14316 56 10
16267 18799 110 20 22817 19461 92 0
18841 22829 64 41 16448 16205 139 24
16503 16031 107 20 18589 20266 91 20
20174 19995 95 20 15639 22111 78 20
22648 18841 69 21 22817 18799 2 0
14316 19461 73 0 16031 16448 124 45
18589 16205 0 0 20174 19443 21 0
16504 20266 122 22 19995 22111 146 40
16267 22829 97 40 15639 16503 91 0
14316 18589 72 10 18799 18841 112 40
19461 22111 108 25 16205 22817 57 0
16031 19443 35 25 16267 19995 153 40
15639 16448 77 20 20266 22648 123 40
22829 16503 132 30 16504 20174 42 2
