12863 4237 8 0 8988 10139 0 0
21449 7196 44 20 8672 8588 115 35
10082 6545 26 0 8813 11142 64 0
18482 6603 42 3 11721 7196 2 0
11142 10082 112 40 4237 8672 84 25
6603 10139 51 11 8988 21449 9 0
8588 8813 100 25 12863 11721 8 0
10139 6545 37 3 18482 8672 53 20
11721 6603 42 3 12863 10082 46 20
11142 8988 16 0 7196 8588 53 0
21449 18482 44 20 4237 8813 62 20
6545 8988 12 3 10082 6603 9 1
8672 7196 138 40 8813 11721 56 20
12863 21449 17 0 11142 18482 22 0
6545 8588 17 3 10139 4237 3 0
8813 8672 115 40 6603 8988 34 0
4237 11142 18 0 11721 10139 6 0
10082 18482 32 2 8588 21449 23 0
7196 12863 81 20 6545 4237 19 3
6603 8813 122 20 8588 11142 28 20
10139 12863 5 0 7196 10082 76 40
8988 11721 18 0 21449 6545 15 2
8672 6603 94 2 18482 12863 20 0
