21689 22880 26 0 20099 15534 58 0
11536 22879 60 20 20910 22346 50 0
7135 8888 20 2 13738 17630 42 0
19695 19643 114 45 22345 12622 29 0
14590 17455 33 2 12758 15343 150 33
20910 20099 26 0 15534 7135 40 0
8888 11536 114 22 12622 22880 14 0
19643 13738 45 0 22346 12758 78 20
17455 22345 61 25 22879 14590 58 2
15343 21689 139 47 17630 19695 111 40
15534 12622 102 25 12758 7135 90 25
22879 22345 71 7 20099 8888 56 20
15343 20910 120 32 19643 21689 86 30
17630 22346 51 20 22880 17455 85 20
11536 13738 77 20 19695 14590 74 22
12622 12758 138 5 15343 20099 97 20
22879 17630 30 5 19643 15534 124 30
17455 7135 35 0 21689 11536 90 40
22880 13738 21 0 22345 20910 60 0
22346 19695 53 22 8888 14590 6 2
12758 20099 110 25 17630 11536 72 20
12622 21689 45 0 13738 22879 7 0
15534 22346 92 7 22345 15343 115 20
14590 19643 69 22 7135 22880 56 20
8888 19695 85 40 17455 20910 96 40
