3734 19502 68 0 9045 12398 60 20
6832 20039 1 0 8114 20051 16 0
20040 22077 3 2 21235 9511 10 0
19990 18270 39 0 21462 19991 49 0
11563 18227 84 40 7172 21138 32 0
9054 15373 2 0 8565 13755 60 40
3734 21813 33 0 9511 19990 85 0
19502 18227 86 0 18270 6832 5 0
13755 9045 61 20 20040 11563 2 0
21138 21235 14 0 20039 9054 2 0
21462 8114 8 0 22077 21813 25 2
12398 20051 6 0 7172 15373 54 0
8565 20040 13 0 19991 3734 55 0
18227 21235 87 0 9045 21462 26 0
9054 12398 42 10 11563 19990 47 0
7172 13755 40 20 20039 9511 0 0
19991 20051 65 20 19502 22077 49 3
21813 6832 25 0 21138 8565 43 24
15373 8114 11 0 18270 20040 26 0
9511 11563 28 6 20051 21462 20 4
