8404 14525 146 28 20405 13356 173 40
21781 18373 76 2 20383 20366 50 10
21534 19505 60 2 20367 20326 132 23
20366 14473 7 0 13356 20383 146 45
20367 21534 107 20 8404 20405 98 40
19505 21781 37 0 14473 14525 124 65
20326 20405 85 20 18373 20366 38 0
19505 8404 136 2 20383 21781 119 30
13356 14473 146 0 21534 18373 71 5
14525 20326 78 0 20383 20367 95 20
20366 19505 47 0 8404 21534 85 20
14525 13356 217 65 18373 20326 31 0
20405 20367 108 20 14473 21781 150 40
21534 20366 70 0 14525 20383 187 45
13356 18373 150 50 19505 20367 91 40
21781 8404 144 40 20326 14473 100 23
20405 20383 38 20 19505 13356 136 25
