22025 16278 3 0 4998 8367 23 2
6949 21776 83 2 21964 16944 66 25
6286 16481 49 0 14493 8625 80 0
21776 16944 41 2 22025 4998 16 2
6286 8367 45 2 16481 21964 93 0
16278 14493 80 2 8625 6949 43 2
21964 21776 46 2 4998 16481 53 0
8367 14493 80 0 8625 16944 80 20
6949 22025 23 2 16278 6286 32 0
16944 4998 97 22 16481 14493 143 40
22025 8625 67 12 21964 6949 30 2
8367 16278 10 0 6286 21776 22 10
16481 8625 90 22 16944 22025 78 25
14493 21964 53 2 21776 16278 67 20
4998 6286 29 12 6949 8367 33 2
16944 16481 121 40 16278 21964 22 2
14493 6949 86 20 8367 22025 58 0
8625 6286 59 12 21776 4998 78 22
