12596 7079 58 24 21438 6209 105 20
14363 4546 50 20 8424 6210 44 0
16311 6299 46 20 19746 11093 143 43
8541 19853 28 0 7797 19591 195 60
21816 9527 158 50 19452 14361 64 0
7079 19746 210 53 6210 4546 68 40
14363 6299 0 0 19591 21438 0 0
20250 20716 86 21 11093 21816 150 20
12596 14361 63 0 19696 8541 141 20
19853 8424 114 2 21323 9527 162 52
19746 6209 157 47 19591 14363 80 30
7079 7797 135 65 6299 20250 139 40
14361 21438 146 40 4546 16311 108 44
8424 8541 128 10 20716 19452 114 20
6210 21816 42 0 19696 19853 117 35
9527 11093 114 40 21323 12596 113 20
6209 19591 33 0 20250 14361 85 20
21438 7797 172 60 8424 19746 48 0
20716 16311 145 20 19853 14363 13 0
19452 12596 27 0 6299 6210 104 4
4546 8541 75 20 21816 21323 96 37
11093 19696 149 46 9527 7079 147 60
14361 7797 169 20 20716 14363 92 20
19853 20250 80 20 12596 19746 116 24
21816 6299 119 20 6209 8424 78 0
9527 6210 147 35 8541 21438 111 40
11093 19452 97 24 4546 19696 68 20
21323 19591 131 26 7079 16311 90 44
