4008 22370 12 0 10902 6976 46 20
21233 19918 36 2 20739 3296 37 0
7615 4416 3 2 10971 18094 49 3
21346 20316 84 40 15024 16458 184 51
10902 21233 70 0 19918 6976 23 2
20739 7615 35 10 4008 4416 37 2
21346 22370 31 0 20316 10971 84 20
15024 18094 92 41 16458 3296 111 35
7615 10902 46 0 21233 4416 46 2
10971 21346 35 0 19918 20316 42 22
20739 18094 66 20 6976 15024 104 41
4008 3296 9 0 22370 16458 143 36
19918 10902 50 20 7615 20316 60 0
6976 20739 61 20 4416 21346 58 22
3296 15024 41 1 10971 4008 45 5
18094 16458 65 20 21233 22370 26 3
20316 20739 31 0 6976 7615 67 30
4416 10902 73 0 3296 21346 60 20
15024 10971 98 22 16458 21233 111 33
22370 19918 23 2 18094 4008 29 2
21346 6976 20 0 3296 7615 8 0
16458 10971 96 21 10902 20739 74 0
20316 4008 42 20 18094 21233 37 20
4416 19918 28 0 22370 15024 85 1
