19952 17111 5 0 20077 17114 21 5
20024 22131 17 2 18098 8824 12 0
11384 16754 45 4 16010 20024 77 22
8824 22131 23 0 11384 20077 52 10
18098 16010 24 20 19952 17114 24 0
16754 18098 17 8 17111 8824 26 0
17114 11384 43 2 20077 16754 71 20
20024 19952 22 2 22131 17111 14 0
16010 20077 107 20 20024 18098 15 0
17114 8824 44 3 17111 11384 42 3
16754 16010 70 23 19952 22131 12 0
8824 20077 95 40 16010 19952 88 20
22131 11384 36 3 17111 18098 3 0
20077 20024 43 5 17114 16754 48 5
16754 19952 41 5 11384 20024 14 3
17114 17111 33 3 8824 16010 59 20
18098 17114 41 3 22131 16754 46 2
