20091 22107 186 20 12819 21658 128 40
16785 14144 116 0 10183 17258 60 0
22173 22042 114 44 18710 20361 160 40
22020 18425 40 2 20738 3954 129 20
12475 16788 124 0 16409 12463 59 25
14183 16441 91 20 16382 10918 135 40
16850 16410 74 0 16383 19444 92 45
22173 17258 22 0 21658 20091 186 20
22042 20738 84 0 22107 16785 123 5
14144 16409 85 25 20361 22020 94 2
12819 10918 138 20 3954 16788 86 5
16382 10183 129 45 16383 12463 129 40
19444 18710 97 40 14183 12475 82 0
16441 16850 118 45 18425 16410 103 20
16409 17258 71 25 22107 20738 122 20
10918 21658 146 20 14144 22042 80 24
22020 16382 44 0 16788 22173 51 0
3954 19444 186 62 12463 20091 185 55
20361 14183 133 40 18425 16383 64 10
16441 12475 156 43 16850 10183 122 45
18710 16785 132 25 16410 12819 96 25
10918 22173 144 20 20738 16409 88 25
22042 3954 191 47 17258 16382 103 40
21658 16788 89 0 19444 18425 107 5
22107 16383 64 0 12475 14144 160 40
16785 22020 83 17 18710 16441 122 20
20091 10183 185 45 14183 16410 108 25
12463 12819 32 0 16850 20361 93 20
19444 16409 172 50 22042 16382 117 44
17258 18425 40 20 10918 12475 202 40
16788 20738 129 40 16441 16383 91 25
10183 18710 115 25 21658 3954 81 20
16410 12463 50 0 22020 22107 70 2
20361 20091 135 0 16785 16850 105 20
14144 14183 107 0 12819 22173 171 40
