16657 12099 98 10 11187 19804 50 6
13020 21865 5 2 19671 8642 54 0
5754 10084 40 20 9828 4360 43 10
19804 12099 88 34 8642 21865 90 24
9828 19671 45 0 4360 11187 40 10
16657 10084 86 20 13020 5754 22 0
4360 19671 35 14 12099 8642 139 35
21865 9828 4 0 5754 16657 66 20
11187 13020 4 0 10084 19804 83 14
8642 5754 71 25 12099 9828 54 10
19804 16657 119 25 10084 19671 41 20
21865 11187 9 0 4360 13020 43 10
19671 19804 67 14 9828 5754 48 20
8642 4360 138 35 11187 16657 71 20
10084 13020 32 0 12099 21865 27 10
