2818 18103 160 18 13100 7039 18 0
19876 21587 201 63 1885 18438 175 57
6010 11695 123 47 18996 19818 81 25
16502 17080 116 16 11112 8644 239 59
7393 20194 156 20 6417 13804 197 35
4634 15317 179 24 13353 4924 172 52
8479 11695 150 37 7039 21814 112 0
18438 19818 234 75 16502 18103 111 27
1885 6417 118 35 18996 2818 138 12
15317 13100 91 24 7393 19876 250 74
13353 21814 150 32 17080 6010 182 47
11112 21587 174 51 20194 4634 182 29
4924 13804 61 20 8644 8479 273 68
18996 16502 119 49 7039 15317 67 9
18103 17080 136 53 11695 7393 231 48
19876 11112 191 71 13353 6417 161 58
19818 8644 198 50 21814 4634 80 5
18438 8479 246 85 2818 20194 205 49
4924 21587 208 44 13100 6010 115 29
1885 13353 149 22 13804 7039 117 25
4634 18996 125 35 17080 19876 264 80
18103 6417 98 53 8479 15317 148 27
11112 7393 201 74 19818 4924 83 25
13100 13804 51 20 11695 18438 265 57
20194 6010 119 43 8644 1885 240 52
21814 2818 194 52 21587 16502 95 33
7039 19818 144 48 6417 17080 260 82
18996 13353 127 32 18438 7393 228 70
8479 13100 117 43 4634 1885 159 25
21814 20194 172 24 4924 18103 130 41
6010 19876 135 36 13804 16502 109 9
11695 2818 219 35 15317 11112 194 59
8644 7039 148 45 21587 18996 142 23
