22130 3764 16 0 7896 2887 77 0
8636 7899 95 20 13247 7900 73 22
19865 8637 91 20 19595 12761 49 10
22352 22351 42 5 21845 19566 53 20
19594 3763 94 25 8034 16847 39 2
22353 15425 6 0 14779 8101 199 33
19865 7900 57 20 8637 2887 108 1
7899 3764 33 20 12761 21845 50 13
8636 19594 54 0 3763 22352 62 0
19566 16847 133 20 7896 22353 38 2
13247 15425 81 0 22351 8034 35 3
22130 14779 60 25 19595 8101 114 5
3763 12761 147 38 22352 2887 70 1
7896 16847 50 0 21845 8636 76 20
19566 19594 24 0 15425 7899 14 0
8637 13247 60 20 22130 8101 92 12
8034 19595 38 3 3764 22353 20 20
7900 14779 126 26 22351 19865 96 3
2887 21845 54 0 19566 15425 41 0
8637 7896 42 0 7899 3763 93 5
16847 19595 4 0 22352 13247 53 2
14779 8034 138 26 12761 8636 105 30
8101 3764 146 30 19594 7900 30 3
22353 19865 81 10 22351 22130 36 4
16847 22352 45 0 15425 8637 40 0
2887 14779 170 7 7899 8034 5 0
8101 8636 144 30 3764 19566 56 25
19595 22351 43 2 19594 7896 18 0
7900 12761 63 3 22353 22130 19 3
21845 3763 64 25 19865 13247 89 25
3764 8637 22 0 14779 19566 137 3
2887 22351 55 22 8636 19595 84 20
8034 22352 41 3 7900 7896 57 3
12761 22353 38 5 13247 19594 90 3
15425 21845 13 0 3763 22130 123 28
8101 7899 82 0 16847 19865 55 20
