9164 13084 46 24 16884 14140 179 50
22567 11285 42 0 6016 22529 125 20
13089 9367 48 40 19743 10793 142 35
10092 16192 57 23 9164 9892 92 26
11285 22529 52 0 10793 13089 33 20
9892 16884 168 30 22567 19743 99 5
6016 9367 42 20 14140 16192 82 0
13084 16884 156 35 22529 10092 78 20
6016 22567 100 43 9164 19743 133 50
16192 9367 97 43 11285 10092 68 0
10793 9892 128 23 13084 14140 97 20
13089 11285 77 40 16884 9164 131 30
19743 16192 186 58 22529 13084 70 0
9892 6016 133 40 9367 10793 78 20
10092 22567 48 20 13089 14140 88 20
22529 9164 107 20 9367 9892 73 26
16192 10793 95 23 22567 16884 149 25
14140 10092 154 40 11285 19743 93 55
6016 13089 113 40 9892 13084 56 23
10793 9164 66 20 10092 19743 107 50
14140 6016 182 65 16884 22529 82 20
13084 22567 28 2 9367 11285 90 20
19743 13089 91 25 16192 6016 115 43
