19824 6448 104 33 11526 8703 38 30
21590 16553 1 0 22032 9637 41 0
18393 14901 22 2 8956 16302 90 25
9768 15284 52 21 21602 22089 27 13
6448 22491 47 22 21590 19824 71 3
8956 18393 76 27 11526 22032 44 0
8703 16302 72 30 9768 22089 68 10
15284 14901 41 2 9637 22491 52 20
21602 8956 71 28 16553 6448 66 20
11526 18393 19 2 9768 21590 33 0
22089 22032 50 13 9637 19824 105 20
8703 21602 16 3 22491 14901 22 2
16302 21590 51 20 16553 15284 34 0
22089 9637 63 10 6448 8956 85 40
14901 19824 161 35 18393 9768 16 0
16553 11526 36 0 15284 8703 84 10
21602 22491 21 5 16302 22032 98 22
19824 9768 120 43 8956 21590 85 20
15284 9637 53 20 8703 18393 46 10
22491 11526 47 2 22089 16553 47 10
22032 6448 80 23 14901 16302 58 2
21590 8703 18 10 18393 21602 31 5
9768 8956 61 20 22491 15284 59 2
14901 16553 44 2 19824 22089 163 38
9637 11526 54 20 16302 21602 83 23
22032 18393 40 0 6448 9768 119 20
