6600 21900 79 23 6662 7841 73 20
7229 7924 110 23 8807 19686 36 1
19685 19394 68 25 8801 21903 61 2
9983 7841 87 20 6662 19687 4 0
21903 19394 145 23 21900 8807 71 21
19686 7229 97 6 6600 9983 15 2
8801 19685 73 2 19687 7924 56 0
19686 9983 5 0 19394 6662 82 25
8807 6600 59 21 19685 21900 59 20
21903 7924 59 3 7229 19687 83 3
7841 8807 53 21 8801 19686 59 0
6662 7229 45 0 19394 19687 59 0
7841 21900 100 40 7924 19685 65 0
9983 8801 36 0 6600 21903 42 3
19394 7229 144 20 19685 7841 78 20
7924 8807 83 3 9983 6662 14 0
19687 8801 63 0 21900 19686 45 20
8807 21903 84 3 7841 6600 42 2
21900 8801 80 20 7229 9983 86 23
19686 6662 6 0 21903 19685 90 3
19687 6600 33 3 7924 19394 127 20
