6699 17127 136 20 22239 21475 71 40
18535 10238 147 49 20052 20037 72 25
11270 14779 112 44 18082 13603 154 39
21606 7897 88 20 8962 20287 32 0
7290 8101 151 45 18167 12886 34 0
20053 10430 46 0 17240 14188 211 55
10273 20037 160 49 20050 6699 70 20
13603 7897 70 9 22239 18082 142 20
17127 18535 188 43 8962 12886 47 20
20053 21475 62 20 10238 11270 103 29
14779 10273 137 50 10430 8101 170 40
20050 18167 10 0 14188 20287 125 29
7290 17240 50 20 21606 20052 79 20
12886 22239 42 0 20037 20053 95 25
18082 10238 108 40 8101 8962 196 55
21475 14188 141 35 18535 14779 95 40
20287 11270 50 20 7290 10273 125 47
17240 10430 60 0 7897 6699 100 24
20052 20050 11 3 13603 17127 191 47
21606 18082 106 40 18167 20053 19 2
10238 22239 134 50 20287 10273 63 24
8962 6699 155 40 14188 7290 164 30
21475 8101 138 20 7897 20052 60 3
18535 18167 84 25 10430 13603 84 39
12886 17240 84 20 11270 20050 67 4
17127 21606 144 43 20037 14779 106 25
20287 20053 29 0 6699 20052 77 3
10273 8962 142 0 18167 21475 47 2
20050 7290 65 20 18082 18535 117 45
13603 20037 140 44 8101 17240 88 0
10430 12886 45 0 10238 21606 120 40
14188 11270 154 40 7897 17127 95 23
22239 8962 108 0 14779 20050 57 20
20037 18082 132 45 21475 20287 42 0
8101 21606 165 45 6699 18535 127 20
17127 18167 119 23 17240 10238 70 25
14779 7897 89 20 20053 7290 77 30
12886 13603 145 44 10273 14188 182 59
20052 10430 55 3 11270 22239 111 44
