15461 18625 155 41 15477 22295 27 2
9743 14584 143 35 18291 20679 113 42
17062 12841 119 23 14254 13910 45 3
18421 11980 98 30 18445 2844 78 0
14436 17460 177 35 20098 10246 89 22
15186 16817 71 3 21329 201 128 24
22295 18291 134 23 13910 20679 42 0
15461 18421 172 46 9743 12841 106 9
11980 17062 92 0 18625 14436 146 25
16817 20098 16 0 14254 18445 60 12
10246 21329 155 24 201 2844 76 22
14584 17460 131 35 15477 15186 57 1
12841 20679 40 6 11980 18625 90 25
17062 18421 107 20 20098 18291 58 2
201 18445 5 0 14436 15461 156 36
15477 10246 79 0 16817 9743 6 0
15186 2844 68 0 14254 22295 71 2
14584 21329 146 34 17460 13910 98 1
201 20098 0 0 20679 11980 41 0
18291 14436 130 40 12841 15477 122 23
2844 15461 70 21 17062 16817 71 0
13910 18625 131 28 10246 15186 72 1
21329 14254 175 44 14584 18421 99 35
18445 9743 9 0 17460 22295 106 20
20679 15477 50 20 2844 17062 170 55
15186 18291 88 23 11980 15461 62 0
13910 14436 139 28 18421 16817 152 20
17460 14254 136 25 18625 201 133 40
22295 9743 23 3 21329 20098 90 22
12841 10246 159 23 18445 14584 130 25
