17703 7034 181 43 18813 5017 143 46
40 12377 86 40 22096 8699 117 20
20188 5518 101 44 20189 21503 133 49
13965 18978 67 20 10132 19462 164 40
22984 16008 91 45 18366 130 122 40
18843 12923 110 45 8942 18221 112 2
18813 10820 202 53 12377 20188 92 44
5518 13965 110 40 8699 7034 212 43
21503 18978 125 44 130 22096 93 45
22984 8942 172 45 20189 10132 111 40
19462 10820 102 20 5017 18843 120 40
18221 17703 170 45 40 16008 91 28
18366 18813 155 46 12923 13965 117 50
18978 22096 101 40 20189 22984 191 44
18843 8699 113 20 130 10132 80 40
7034 16008 198 48 20188 19462 213 24
5017 12923 120 48 5518 40 63 40
17703 18366 144 40 8942 12377 134 45
21503 8699 155 49 10820 18221 129 55
22096 20188 86 44 18843 13965 208 45
18978 18813 232 46 16008 5518 136 55
20189 19462 134 24 18366 40 141 40
21503 22984 207 52 12923 17703 66 26
10820 130 152 45 7034 8942 202 52
12377 5017 103 43 18221 10132 127 25
20188 18366 200 44 8699 18978 116 40
40 18843 104 40 18813 22984 180 43
17703 20189 101 24 13965 10820 147 50
16008 8942 198 56 5017 21503 111 44
10132 12923 88 40 7034 22096 114 43
18221 130 95 25 19462 5518 103 40
12377 20189 155 40 18978 18843 114 40
