7553 5218 59 23 11825 9513 10 3
4153 8624 13 3 4628 15157 12 0
21798 4625 56 22 22616 4947 7 3
11825 25 47 23 5498 15157 16 0
21798 22616 65 0 7553 4628 30 0
25 5218 70 43 4947 4153 23 3
5498 9513 20 0 4625 8624 59 3
25 4153 19 3 21798 11825 44 3
5218 5498 154 20 22616 4628 12 0
15157 4947 49 23 9513 7553 36 3
8624 21798 53 3 4625 5218 107 40
7553 4947 34 3 4153 5498 30 3
25 22616 45 20 9513 8624 44 3
4628 4625 60 22 15157 11825 27 23
9513 4153 45 3 5498 21798 47 0
4625 7553 87 0 4628 25 33 20
4947 11825 76 23 8624 22616 24 3
15157 25 57 40 5218 21798 125 23
