3591 10588 94 25 406 5118 82 31
3592 19448 94 25 5095 3658 204 64
10106 5155 71 22 5119 11191 99 41
16498 10265 199 52 19838 5439 103 40
14867 6387 45 20 5248 7951 122 23
11203 12427 41 2 9905 3505 140 21
18118 5119 99 40 10588 3658 171 48
5439 16498 126 24 5155 3592 68 24
3591 10106 106 22 19448 19838 120 40
5095 7951 151 43 12427 406 76 22
18118 10265 138 46 9905 14867 156 41
11191 5248 32 20 5118 11203 60 3
3505 3591 104 42 6387 5439 133 20
10588 12427 118 23 3658 5155 189 28
10106 9905 53 21 7951 16498 176 24
406 3592 64 20 11203 18118 51 20
19838 11191 66 25 14867 3505 92 20
5118 5095 82 22 5119 6387 53 0
5248 10265 100 27 12427 19448 144 27
5439 3658 155 44 10106 11203 59 0
16498 9905 165 45 11191 406 94 25
3505 5095 78 0 10588 14867 125 44
5118 7951 121 23 19838 3592 96 24
5155 19448 115 20 18118 6387 77 25
5119 5248 92 0 10265 3591 110 46
11203 16498 94 34 10588 5095 149 40
5439 14867 127 20 12427 5118 66 12
5155 19838 69 20 3658 9905 135 40
3592 5119 83 20 3505 5248 67 0
11191 18118 49 25 7951 3591 158 45
6387 406 63 0 10265 10106 129 24
19448 10588 136 25 9905 5439 137 21
3658 3505 162 40 16498 5118 154 26
14867 11203 116 20 3591 5155 65 42
5248 10106 57 0 5095 18118 74 5
3592 12427 61 2 6387 11191 112 0
406 19838 106 24 19448 5119 168 50
7951 10588 185 23 10265 5155 81 20
