10862 5628 153 53 13053 11093 123 4
16458 12597 157 68 20741 16597 164 20
15725 9527 208 64 15758 16377 120 48
21438 6299 216 60 6272 7079 205 60
18094 16832 120 0 16311 12302 84 4
19696 6407 95 20 21879 3033 169 24
3708 16320 243 58 14361 4707 125 24
20716 12115 149 0 17113 19746 255 50
12928 7161 129 40 4545 15703 125 40
16458 12596 77 20 9527 10862 154 37
5628 16597 107 32 15725 16311 190 48
16377 21438 210 36 6407 20741 87 25
12302 15758 75 0 6272 14361 207 54
20716 18094 128 44 6299 11093 175 27
13053 4545 239 28 19696 17113 113 20
19746 12597 165 56 12928 3708 194 53
12115 16832 68 27 7161 7079 196 25
15703 12596 76 0 16320 21879 130 23
3033 20741 102 20 4707 15758 176 40
16597 12302 141 25 16377 20716 132 28
6299 4545 182 20 5628 16458 214 50
15725 12928 236 65 6407 10862 79 48
7079 19696 209 20 3708 18094 150 40
13053 6272 251 52 16832 16320 77 33
21879 16311 131 40 12597 21438 140 32
9527 15703 141 40 12115 3033 154 25
11093 4707 149 55 19746 7161 220 69
14361 17113 175 25 12596 5628 105 28
12928 6299 226 65 16597 19696 203 30
15758 6407 50 20 16320 4545 167 0
16377 21879 176 60 18094 13053 134 28
10862 6272 220 24 12597 15703 135 52
16458 3708 244 100 16832 20716 149 32
17113 9527 220 64 21438 7161 138 34
12302 19746 157 35 20741 15725 141 0
7079 14361 166 37 11093 3033 200 57
4707 16311 243 50 12596 12115 198 5
16320 10862 154 36 16377 19696 186 28
5628 20716 169 20 12597 15758 115 4
7161 16597 153 20 6407 13053 145 24
4545 15725 146 45 3708 21438 174 40
11093 16458 267 73 15703 17113 148 52
4707 7079 174 65 21879 12302 151 24
16311 14361 120 37 9527 6299 246 48
3033 16832 124 23 12596 12928 127 28
20741 6272 151 36 18094 12115 110 24
19746 16377 256 84 16597 4545 143 40
