11333 11335 18 10 11334 11336 41 10
16235 22549 36 20 16401 16400 29 0
21611 11337 77 23 22535 11332 42 10
16235 11334 38 20 22549 11335 34 5
11337 22535 92 20 11336 16401 44 0
11332 16400 60 18 11333 21611 19 10
11334 11335 35 2 16401 11337 117 23
11336 11332 68 10 21611 22549 13 0
16400 11333 37 10 22535 16235 55 20
16401 11334 55 10 11332 21611 24 0
11337 11336 125 43 16400 16235 78 20
11335 22535 17 0 22549 11333 35 10
16400 11336 74 20 11332 11334 18 10
22535 21611 3 0 11335 16235 89 20
22549 16401 33 0 11337 11333 112 23
