11285 14140 96 3 22567 9892 41 0
6016 9367 74 20 16192 22529 103 23
10092 13089 79 40 10793 9164 104 20
9892 13084 16 0 19743 16884 196 27
22567 13089 58 0 6016 16192 135 43
14140 9164 162 62 9367 13084 40 0
22529 19743 158 47 11285 10793 47 20
9367 10092 63 20 16884 22567 132 25
10793 13084 30 0 6016 11285 125 20
16192 9164 165 27 19743 14140 104 29
9892 13089 36 0 10092 22529 115 20
16884 11285 135 25 9164 6016 94 20
10092 19743 95 24 13089 14140 85 26
16192 9367 107 23 10793 9892 26 20
22529 22567 59 0 13084 16884 126 30
6016 10793 66 20 14140 10092 135 38
9367 16884 142 30 13089 19743 116 47
9164 22567 122 24 22529 9892 43 0
11285 16192 153 23 13084 10092 56 22
19743 10793 104 23 22567 6016 102 20
13084 11285 37 0 13089 9367 52 0
16884 22529 95 10 14140 16192 192 41
9892 6016 75 20 9164 13084 87 24
