18798 10577 30 20 13783 19897 79 20
11085 22008 40 2 9256 15372 60 20
13227 19587 10 0 11419 21235 22 20
127 9256 21 3 8811 10577 59 20
15372 13783 46 0 13227 11419 45 20
19897 127 62 22 19587 11085 11 2
22008 8811 59 20 18798 21235 44 20
13783 13227 19 0 127 11085 23 5
18798 15372 40 20 10577 19587 19 0
8811 11419 89 40 22008 19897 59 0
21235 13227 21 0 9256 18798 59 20
11085 13783 37 3 19587 8811 73 20
10577 127 37 3 22008 11419 64 20
21235 9256 48 20 15372 19897 79 0
11085 18798 35 3 11419 127 41 22
9256 22008 28 0 13783 19587 12 2
19897 8811 85 20 15372 13227 14 0
10577 13783 20 4 21235 11085 52 3
