7532 9849 93 2 18464 12381 28 2
13435 13737 96 22 18463 13399 73 25
21485 22093 12 2 16309 21487 47 3
9849 12381 100 2 18463 13435 42 2
22093 16309 60 2 13737 13399 134 23
7532 18464 50 2 21487 21485 25 3
16309 13737 97 20 13435 9849 75 2
22093 18463 58 3 21485 7532 36 5
13399 12381 107 20 21487 18464 32 3
7532 22093 19 2 13737 9849 194 20
12381 13435 10 3 13399 21485 148 28
18463 21487 39 3 18464 16309 109 15
12381 21485 12 2 13737 22093 117 22
21487 13399 89 28 9849 18463 80 20
13435 18464 42 3 16309 7532 50 2
9849 21487 68 3 21485 13737 79 22
13399 16309 162 28 12381 7532 36 2
18464 18463 76 0 22093 13435 24 5
