6272 12126 103 27 6209 8886 87 40
18244 16556 37 0 21927 13329 30 10
18030 20020 35 0 11918 16555 43 3
21337 21927 27 0 12126 6209 16 2
16555 6272 190 25 13329 11918 8 0
18244 8886 81 20 21337 18030 99 21
16556 6209 38 0 20020 16555 12 4
12126 13329 25 0 11918 21337 31 1
18244 18030 33 20 16556 6272 158 45
8886 21927 53 30 20020 13329 20 0
6209 21337 59 20 11918 16556 41 20
12126 8886 54 22 16555 18244 53 3
21927 20020 40 10 18030 6272 115 25
11918 12126 82 2 8886 16556 59 20
13329 18244 31 0 6209 18030 91 44
16555 21337 91 13 6272 21927 64 30
20020 11918 75 0 12126 18244 52 2
