17181 14638 42 0 11717 15471 0 0
10016 14066 89 20 14757 18954 50 3
7693 22134 68 25 15004 16734 81 23
14066 14757 78 3 11717 17181 32 0
16734 10016 82 20 14638 7693 28 0
18954 15471 6 2 22134 15004 89 44
7693 16734 10 10 11717 14066 14 0
22134 17181 36 0 10016 18954 83 22
15004 14757 58 2 15471 14638 38 20
16734 22134 20 0 17181 14066 20 0
15471 15004 19 2 10016 11717 99 20
18954 14638 40 2 14757 7693 123 33
15471 10016 79 22 14066 16734 6 0
14757 17181 72 23 15004 7693 131 24
14638 11717 57 0 18954 22134 20 0
