19739 21792 14 0 15549 18483 91 5
18484 19592 95 26 19737 18900 119 23
11719 15550 85 4 21685 19574 48 2
19738 19741 34 3 19779 20485 100 14
21888 15553 47 0 19736 19733 16 3
21889 15546 120 29 19734 14637 47 20
21792 15549 46 23 18484 21685 92 20
18483 18900 175 50 19741 11719 42 3
15550 20485 51 3 19739 21888 22 0
15546 19734 71 0 19574 15553 46 5
19733 19779 40 3 19592 21889 32 3
14637 19736 137 30 19738 19737 30 3
18484 15549 141 43 19741 15550 19 0
18900 21685 132 28 15553 19734 13 2
20485 19592 31 0 21792 15546 123 27
14637 18483 167 30 19733 19574 25 3
21888 19779 24 0 11719 19737 62 3
19738 19736 38 3 21889 19739 24 0
21685 19734 42 3 19741 19592 29 3
15553 14637 178 40 15550 21792 26 3
19737 19733 45 3 15549 11719 150 23
19574 19739 17 3 19779 18484 120 40
21888 19738 22 0 18483 15546 99 49
19736 21889 33 3 18900 20485 121 23
19592 11719 44 5 14637 15549 163 45
19737 19741 51 3 15553 19739 70 2
15550 19733 43 3 19734 19738 30 3
19574 21792 25 3 18900 21888 63 25
15546 19779 132 48 21685 19736 28 3
18483 18484 122 0 20485 21889 45 3
