14374 6448 131 40 20143 22013 16 0
19137 9768 48 20 21821 15284 21 2
15284 18380 72 20 18280 11200 43 4
21821 20143 38 0 11200 18380 124 27
6448 9768 78 40 19137 14374 90 0
22013 11200 52 2 18280 9768 82 20
15284 18280 42 2 14374 20143 147 45
22013 18380 93 25 19137 6448 65 20
18280 21821 15 4 18380 6448 181 40
11200 19137 29 0 9768 14374 111 0
22013 21821 24 2 20143 15284 55 20
14374 22013 88 20 18380 21821 91 27
9768 20143 75 20 6448 18280 71 22
15284 19137 36 2 11200 14374 133 22
15284 11200 62 4 6448 22013 55 20
20143 18280 109 22 21821 19137 35 2
18380 20143 149 45 9768 15284 46 2
