20285 18959 98 0 21621 15492 43 0
22832 11574 66 0 20681 16118 62 2
21632 20948 27 3 18203 22317 103 40
11183 9507 35 0 21238 22774 14 3
21217 15492 21 0 16118 22832 33 0
18203 11574 147 25 22317 21621 16 0
21238 20681 40 23 20285 21632 43 2
22774 11183 55 0 18959 21217 18 0
9507 22832 30 0 20948 22317 15 0
15492 21238 0 0 20681 18203 133 25
11183 20285 76 20 22774 11574 33 0
16118 18959 26 2 9507 21632 7 3
21621 21217 28 2 20948 20681 58 2
11183 18203 84 20 22832 20285 58 20
15492 21632 35 23 11574 9507 72 0
22774 16118 55 0 20948 21621 29 0
22317 21217 92 20 21238 18959 64 20
18203 9507 63 20 20681 11183 93 3
21632 22774 69 28 15492 22832 51 20
22317 20285 56 0 21217 16118 58 20
18959 20948 58 0 11574 21238 73 20
21621 20681 72 3 15492 11183 44 0
