9027 12719 24 0 17637 7525 138 38
6285 11684 73 20 9792 288 141 20
14199 17637 46 10 4982 8905 15 3
288 11684 133 20 9027 4982 26 0
9792 12719 52 0 14199 8905 6 3
7525 4982 39 4 6285 9792 30 0
9027 17637 65 30 7525 14199 63 28
12719 8905 64 3 6285 288 108 20
11684 9792 103 20 17637 12719 36 10
4982 14199 46 0 288 7525 174 20
8905 6285 8 3 11684 9027 100 20
14199 288 53 0 17637 6285 74 10
8905 9792 42 23 7525 9027 128 44
4982 11684 86 20 12719 14199 19 0
7525 6285 74 0 11684 17637 78 30
8905 9027 34 3 12719 4982 17 0
288 17637 83 10 9792 7525 104 44
