13484 16451 41 2 7299 9876 29 0
20118 6424 12 0 8548 21499 22 2
10548 7742 26 2 21939 8563 47 20
13480 12217 10 0 22149 20119 17 0
16451 8548 35 0 21499 13484 27 2
9876 10548 18 0 6424 7742 60 0
20119 21939 7 0 7299 22149 100 0
12217 20118 21 0 8563 13480 20 2
7742 21499 43 4 13484 10548 16 2
21939 22149 5 0 16451 6424 36 0
12217 20119 33 0 20118 9876 14 0
8563 7299 27 2 13480 8548 9 0
6424 22149 14 0 13484 7742 36 4
20118 20119 23 0 16451 10548 35 0
21499 7299 9 2 12217 8563 32 2
9876 13480 21 0 8548 21939 10 0
22149 13484 16 2 10548 20118 5 0
8563 6424 11 2 20119 7299 28 0
8548 12217 14 0 7742 16451 39 2
21499 13480 10 2 21939 9876 22 20
12217 7299 31 2 8548 13480 28 0
10548 6424 6 2 20119 21939 27 10
22149 21499 25 0 20118 8563 11 4
16451 13484 86 22 7742 9876 41 2
