252 636 186 26 654 10847 55 4
22872 15982 0 0 6402 20793 33 2
21950 15374 36 0 22762 8413 81 20
6402 252 27 2 15982 636 112 25
15374 10847 135 24 22872 21950 0 0
22762 654 70 0 8413 20793 69 21
10847 6402 51 2 15374 15982 60 2
20793 21950 25 0 252 654 46 21
636 22762 72 0 8413 22872 82 21
654 20793 19 0 6402 15374 61 6
636 8413 220 45 10847 15982 70 0
22872 252 101 21 21950 22762 74 0
20793 15374 37 0 636 10847 121 20
8413 6402 83 21 252 21950 83 21
15982 654 64 0 22762 22872 32 0
21950 8413 65 21 20793 636 112 0
15374 22872 118 0 15982 252 72 11
10847 22762 101 0 654 6402 36 2
