11892 18317 6 0 18385 19916 101 20
15052 20357 54 10 22127 19803 39 0
16465 16312 124 47 16271 22158 58 2
10276 9944 72 20 11774 12585 99 13
20324 22238 30 0 20397 14384 56 20
20865 20358 9 0 17986 19388 116 23
11172 18145 198 52 22126 22128 33 2
22158 18385 63 20 14447 15052 46 22
16271 12585 72 5 20357 18317 28 20
9944 20397 115 2 11892 16465 80 25
14384 11774 129 30 16312 19388 96 3
22128 20324 27 3 20358 10276 98 20
20865 14447 36 3 11172 19916 182 54
17986 22126 78 0 22127 22238 72 28
19803 9944 76 2 18385 18145 34 3
19388 11892 81 23 12585 22158 19 3
20397 20357 15 0 22128 11774 74 3
15052 16271 53 2 14384 11172 153 49
19916 10276 80 25 16465 22126 107 22
18317 17986 60 20 20324 14447 23 5
22238 16312 104 43 19803 20865 55 0
11774 22127 95 2 18145 20358 27 10
19388 16271 137 25 9944 22128 64 3
11172 18385 121 54 10276 20397 97 20
12585 22126 86 3 15052 20324 48 25
19916 14384 126 45 19803 17986 43 0
16465 22127 130 25 18317 20865 64 22
20357 22158 65 0 20358 22238 96 23
18145 16312 129 47 11892 14447 18 3
20397 11774 75 0 22126 16271 80 5
22128 17986 67 23 12585 18385 81 28
19388 11172 182 52 22127 20324 41 5
18317 19803 75 20 22158 10276 86 24
14384 11892 71 20 20357 20865 51 2
22238 16465 98 0 18145 15052 22 0
20358 19916 63 20 16312 9944 66 6
14447 12585 16 9 19388 20397 91 23
