130 20153 178 35 21428 16008 116 40
13181 5518 91 32 18438 17703 225 45
16700 18221 141 40 18978 18813 137 23
14212 16008 222 50 10820 13181 112 50
5518 18221 68 40 20153 21428 186 36
17703 16700 70 10 10820 130 39 20
14212 18978 102 0 18813 18438 165 50
10820 17703 99 20 18221 20153 181 64
18438 13181 250 75 21428 16700 75 25
130 14212 261 70 5518 18978 98 40
18813 21428 147 26 16008 16700 139 40
18221 10820 138 40 5518 14212 200 55
16008 20153 227 74 18978 18438 105 43
17703 13181 158 45 130 18813 91 43
16700 5518 95 40 18221 16008 175 44
18438 130 129 40 18813 10820 115 45
21428 18978 86 20 14212 17703 224 70
13181 18813 105 45 20153 5518 173 56
16008 18438 228 20 17703 18221 141 60
20153 14212 277 82 16700 130 85 40
18978 10820 74 40 13181 21428 132 40
