12231 20689 70 20 11272 8272 85 10
10621 19932 13 2 17012 535 13 2
13414 21931 9 2 22444 18638 53 0
4366 535 23 2 6518 11272 85 10
18638 21931 3 0 12231 8272 46 10
17012 6518 15 2 20689 22444 20 0
19932 13414 32 2 10621 4366 40 5
535 20689 19 10 12231 21931 66 0
11272 17012 10 2 18638 13414 5 0
8272 22444 58 10 4366 19932 42 2
6518 12231 86 20 13414 10621 51 5
22444 17012 65 12 535 8272 32 10
4366 18638 15 2 20689 10621 40 5
21931 11272 39 12 19932 6518 35 0
8272 20689 3 0 535 13414 66 5
6518 4366 27 2 17012 12231 96 20
10621 11272 51 10 21931 22444 51 12
19932 535 24 12 18638 12231 87 20
