16832 17796 86 20 12359 12302 157 22
17594 13266 155 32 16029 15725 55 20
15930 16029 57 20 10862 18458 147 14
12302 17796 127 25 10862 13266 167 40
16832 17594 45 22 18458 15930 62 0
15725 10862 152 49 12359 17594 17 2
18458 12302 123 0 12359 13266 107 25
17796 15725 64 20 16029 16832 79 20
15930 10862 139 29 16832 15725 146 40
16029 12302 119 0 12359 15930 39 0
13266 18458 168 30 17796 17594 41 2
15725 18458 99 20 12302 10862 178 60
13266 16029 107 30 15930 16832 122 40
17594 15930 80 2 17796 12359 19 0
15725 12359 95 40 18458 17796 23 0
12302 16832 201 40 17594 16029 43 2
10862 12359 114 45 13266 12302 247 45
