15569 12991 147 40 21726 15884 37 10
14841 3050 165 40 22818 16384 23 10
14532 18850 40 2 21535 21794 21 0
21629 22818 5 0 21726 15569 54 0
21535 14532 15 0 14841 12991 188 48
21629 15884 39 2 21794 3050 103 20
18850 15569 84 22 16384 14532 11 0
21629 21535 74 22 15884 22818 17 10
21794 14841 109 23 21726 16384 3 0
3050 22818 82 35 18850 12991 183 25
16384 21629 41 2 15884 21535 42 10
14532 21726 21 0 3050 18850 110 10
12991 21794 63 20 15569 14841 149 34
22818 21726 17 0 15884 14532 96 14
16384 14841 93 23 12991 21629 68 22
3050 21535 127 20 15569 21794 32 0
18850 15884 61 16 21629 14841 131 27
