22647 17980 42 3 17884 17852 59 0
16081 22707 93 20 6899 3981 101 10
14896 17853 0 0 22222 15060 57 0
22701 16187 39 0 16076 16044 25 0
16075 22726 69 24 17878 22755 13 0
22705 17882 56 2 15059 15239 66 0
15352 6899 93 25 17980 14896 3 0
17853 22701 11 0 17852 16081 16 0
16044 22647 82 0 22707 22726 56 0
22222 15059 66 0 16187 16075 50 0
17878 17884 1 0 22705 15352 15 0
3981 15060 74 0 17882 16076 12 0
22755 17852 17 0 15239 16044 70 2
15059 17980 75 40 22707 22701 54 20
17853 22222 78 20 22726 22705 107 10
15352 16081 9 0 16075 15060 111 40
17884 16187 11 2 6899 17882 57 20
22755 16076 56 10 22647 14896 67 2
15239 17878 20 2 3981 22701 77 45
17852 22222 49 20 22707 15352 33 20
17882 17980 40 0 16044 16075 44 0
15060 22705 85 20 6899 22647 85 3
17853 22755 27 0 3981 17884 53 7
16076 15059 88 10 16081 17878 10 0
22726 15239 13 2 14896 16187 42 0
22647 17882 40 0 22701 22222 99 20
17980 22707 39 3 22705 22755 56 0
16075 6899 107 25 17853 16076 32 0
16044 17884 31 3 14896 16081 10 3
16187 17852 48 0 15060 17878 79 22
22726 3981 86 25 15352 15059 72 20
15239 22707 34 3 17980 17853 13 0
