19921 21501 146 45 9993 2827 47 0
21490 19410 135 54 21910 16328 224 45
9021 7083 68 25 3587 17346 127 30
9990 6183 9 0 4622 20765 0 0
9993 21490 53 25 19410 2827 106 20
21910 9021 101 5 17346 21501 139 40
9990 3587 66 20 19921 6183 78 25
16328 20765 74 2 7083 4622 37 0
9021 17346 78 25 19410 9993 91 20
21501 6183 106 20 21490 9990 77 20
2827 16328 304 0 20765 3587 86 0
4622 21910 85 25 19921 7083 121 25
6183 17346 84 25 21501 21490 161 48
2827 9990 76 0 16328 9021 59 0
19410 19921 157 54 7083 20765 83 25
4622 3587 84 23 9993 21910 111 20
17346 2827 103 25 6183 16328 77 25
20765 19921 68 25 21490 9021 49 25
3587 19410 160 49 21501 4622 63 20
7083 21910 132 25 9990 9993 4 0
