18069 13900 80 0 11841 22534 105 40
15296 15773 43 0 10021 753 104 40
22972 17621 100 51 13661 18308 123 30
11454 772 50 20 208 11444 131 31
22199 673 87 2 327 7021 127 20
18984 9121 84 0 12517 3641 25 0
15773 18069 8 0 13900 13661 96 47
11444 15296 90 24 18308 11841 119 14
7021 22199 23 2 22534 753 121 40
673 17621 195 53 9121 772 95 20
208 3641 54 0 22972 12517 89 20
327 11454 117 25 10021 18984 95 40
15773 11444 109 24 22199 18069 71 2
13900 7021 61 3 15296 9121 41 0
772 3641 108 20 13661 753 116 45
10021 11454 54 20 673 22972 91 25
17621 11841 145 25 18984 208 101 40
22534 327 111 35 18308 12517 61 34
772 13661 68 20 9121 22199 90 22
18069 22972 88 20 15296 7021 70 0
11444 13900 155 47 17621 10021 135 48
753 208 61 20 18984 327 171 25
11841 12517 79 20 15773 11454 22 0
22534 18308 64 10 3641 673 76 20
22199 10021 49 0 18069 17621 121 20
13661 18984 105 20 7021 11444 93 24
327 22972 101 30 11841 772 127 40
3641 22534 60 0 11454 15296 24 0
12517 673 61 24 753 13900 95 8
9121 18308 42 10 208 15773 80 0
7021 11841 128 20 772 10021 123 40
11444 18984 164 44 22972 22534 101 40
12517 15296 25 0 673 13661 95 44
753 9121 123 25 11454 18069 47 0
17621 327 129 23 3641 15773 43 0
18308 208 121 30 13900 22199 49 3
