15135 10984 95 20 12767 16647 62 20
21920 10246 16 0 11794 13968 59 0
10111 17460 63 10 14254 11980 42 10
21579 22821 46 20 18625 21329 97 20
14835 8499 80 20 11365 14584 39 23
10111 12241 21 2 15477 21920 18 0
21579 17460 87 20 11794 15135 71 0
12767 18625 104 25 11365 14835 55 23
13968 14254 63 20 22821 10984 47 0
8499 15477 23 0 21329 10246 122 24
11980 14584 87 24 16647 12241 47 0
11365 11794 84 27 22821 10111 26 2
13968 18625 66 22 8499 15135 51 10
12241 14254 39 0 21329 14835 133 24
17460 21920 42 0 10984 14584 74 20
11980 12767 67 20 10246 21579 94 25
22821 16647 34 2 15477 14835 73 20
11794 10984 121 40 8499 12241 22 0
15135 21329 69 10 21920 11980 41 0
14584 13968 53 20 12767 10111 53 0
21579 11365 98 25 14254 15477 32 10
18625 10246 69 20 16647 17460 105 20
22821 12767 83 20 21920 8499 8 0
14835 10111 112 28 10984 21579 124 25
16647 21329 108 20 13968 11365 74 22
15477 11794 75 25 11980 18625 102 40
10246 15135 70 10 14584 14254 144 24
12241 11365 8 2 17460 22821 60 10
