17496 10096 13 0 16367 6102 102 0
8812 17746 2 0 21226 6101 44 1
17497 11697 87 25 7040 11304 58 20
6101 16367 55 20 6102 21226 55 21
17497 8812 25 0 10096 11697 373 30
17746 11304 66 20 7040 17496 46 10
11697 21226 101 21 17497 16367 65 0
17496 6102 13 2 8812 7040 69 3
11304 10096 88 45 17746 6101 81 0
17496 21226 69 21 11697 8812 136 20
6102 17746 98 3 11304 17497 50 20
7040 6101 14 0 16367 10096 150 30
6102 11697 84 3 21226 17746 89 21
10096 17497 39 0 6101 17496 105 0
16367 7040 115 20 11304 8812 73 20
6101 6102 39 3 11697 17496 100 20
21226 11304 84 22 10096 7040 83 10
8812 16367 73 0 17746 17497 99 0
