16714 14001 32 3 8777 18474 61 6
20853 13647 24 3 14009 21427 25 2
21340 21791 76 20 13998 17776 12 2
12326 17775 10 0 14003 14010 78 20
20852 18472 8 2 15835 13999 24 4
20854 14000 2 0 14007 14759 7 2
10210 20282 40 20 16297 10280 10 0
15834 17290 16 10 14005 16714 151 23
21340 14010 86 20 13647 18474 69 0
18472 17775 26 10 21791 14001 63 20
14007 8777 2 2 20852 20853 2 0
17776 16297 28 3 15835 20854 2 0
14000 14009 8 0 17290 14003 55 0
21427 14759 54 22 13999 20282 14 0
12326 13998 2 0 10210 15834 57 30
14005 14001 54 23 14010 10280 87 30
20853 18472 5 2 17776 16714 63 5
16297 14009 23 0 17775 21340 52 20
20854 20852 10 0 14003 21791 91 0
17290 15835 2 0 14759 10210 56 0
15834 13999 35 0 14000 13647 11 0
18474 14005 123 32 14007 13998 3 0
10280 8777 44 12 21427 12326 2 1
20282 14003 10 2 16714 21340 125 43
21791 20853 49 20 16297 14010 91 20
14001 13647 20 3 14759 20852 12 2
13999 10210 94 0 17775 14005 61 20
13998 17290 9 0 21427 18472 20 0
18474 10280 110 20 14000 17776 7 2
14009 20854 10 0 8777 15834 2 0
15835 14007 8 2 12326 20282 15 0
14759 21340 85 20 14005 20853 45 20
13998 16714 49 0 13647 16297 28 3
13999 21791 34 0 10280 17290 31 4
14010 21427 123 40 20854 10210 45 0
14003 14007 10 0 14001 15834 29 10
20282 14000 35 0 18472 8777 75 0
17776 20852 7 2 14009 12326 27 0
17775 18474 137 32 20853 15835 20 0
