13459 3491 92 20 18840 22111 207 56
16267 16031 83 5 22712 18799 57 20
22557 22648 54 0 14316 18841 104 20
16205 22829 198 32 16353 19769 124 45
16448 20025 154 44 19767 15013 110 23
16503 18589 84 20 19995 16195 212 48
18840 16031 94 34 16267 22557 145 40
18841 18799 127 20 22829 22111 149 20
22712 14316 160 20 3491 20025 184 50
15013 19995 111 25 16195 16205 165 47
13459 19769 73 40 16448 16503 103 30
18589 19767 120 43 16353 22648 161 50
22829 18840 145 40 16031 20025 101 29
14316 16195 113 23 22111 16267 134 45
22557 19995 182 45 18799 19769 75 20
3491 16448 120 30 18589 16353 168 45
22648 16503 92 20 15013 22712 106 20
18841 19767 106 43 16205 13459 143 40
19769 22111 120 40 20025 16267 175 44
16195 3491 169 55 22829 22557 180 40
16503 16353 107 10 18799 14316 58 0
16031 16205 229 75 22648 16448 54 20
22712 19995 130 30 19767 13459 132 43
18840 15013 131 29 18841 18589 124 43
22111 16353 141 50 16503 22557 159 30
20025 22648 99 40 16195 18799 155 29
19769 19767 104 23 16031 3491 173 60
19995 16267 157 25 16448 18841 100 23
14316 22829 164 45 15013 13459 86 40
16205 22712 112 20 18589 18840 167 48
