201 5661 23 0 18291 7156 77 28
202 6174 93 45 14855 10523 93 20
14254 17460 71 20 18625 2844 123 60
9695 8499 39 15 15461 9743 52 21
12889 11365 54 2 10984 18538 61 0
22265 22821 55 0 11794 16647 70 20
12841 22076 49 6 20679 10523 128 20
17460 9695 61 10 5661 6174 39 0
2844 201 64 20 10984 9743 77 0
8499 14855 44 0 12889 7156 25 22
18625 18538 85 25 12841 22821 50 3
15461 14254 91 41 11365 22265 27 2
20679 18291 112 40 16647 202 45 0
11794 12889 116 20 22076 9743 29 23
201 8499 37 0 12841 17460 141 27
22265 18538 23 0 5661 14855 70 22
10984 16647 55 20 7156 14254 74 22
11794 18625 177 5 10523 9695 41 0
22076 11365 55 0 2844 18291 122 35
6174 20679 106 20 22821 15461 51 20
7156 12841 142 34 202 22265 33 20
10523 17460 108 0 16647 12889 90 40
9743 18291 70 25 18538 14254 38 20
2844 5661 55 2 8499 20679 66 20
22076 202 138 10 22821 9695 38 0
15461 10984 105 21 18625 14855 92 40
11365 11794 46 20 6174 201 99 20
9743 5661 76 0 16647 12841 128 29
12889 22265 51 20 9695 2844 72 25
7156 15461 80 31 18538 22076 54 6
14855 20679 25 0 17460 11794 111 25
202 18625 150 45 11365 8499 35 2
22821 10523 76 0 14254 201 98 20
6174 10984 81 20 18291 12841 121 37
