22240 12737 189 44 14669 13364 2 2
14054 5484 100 43 4809 17222 119 25
4654 7230 72 0 13357 18516 113 24
5485 13510 130 16 16096 13371 75 20
22612 12736 96 20 21302 13359 61 5
4957 12737 120 44 8863 6996 120 28
18516 22240 35 0 4809 5485 140 42
5484 7230 47 20 13371 13364 88 22
8863 17222 103 20 13359 14669 68 23
6996 22612 70 23 14054 13510 122 20
21302 4957 71 25 13357 16096 87 24
4654 4809 126 0 12736 8863 118 45
7230 5485 127 24 22612 17222 108 20
13371 14054 110 20 22240 4957 168 29
13364 13510 74 0 4654 21302 114 22
12736 5484 86 20 12737 13357 139 44
6996 16096 74 23 13359 18516 69 23
4957 5485 122 40 14669 4654 63 0
17222 22240 141 20 13510 12736 85 20
13357 4809 83 34 13371 6996 145 43
13359 12737 136 43 7230 14054 122 20
18516 14669 2 0 5484 21302 65 26
16096 8863 100 20 13364 22612 54 22
13510 13359 39 0 4809 4957 59 10
14669 12736 62 20 7230 6996 99 23
16096 4654 49 20 17222 5484 150 43
18516 13371 70 0 12737 22612 127 20
13364 13357 69 22 5485 14054 198 56
8863 21302 59 0 22240 7230 87 20
