17298 18153 53 1 6055 7245 100 20
12956 12589 76 0 5276 7571 99 0
6040 13406 47 21 10560 4410 9 0
15202 10331 37 20 5273 8644 198 50
5436 12956 2 0 17298 3565 98 30
6055 7571 96 20 10560 7245 35 0
13406 5276 27 20 15202 8644 229 70
4410 10331 33 20 12589 5436 91 20
3565 5273 103 20 6040 18153 44 20
10560 8644 231 50 12956 7245 15 5
6055 5276 39 5 5436 13406 56 20
7571 15202 94 20 3565 6040 115 25
17298 5273 14 0 12589 4410 136 40
10331 12956 20 6 18153 6055 150 47
7245 5436 51 20 15202 6040 35 20
3565 13406 108 50 5273 12589 78 20
5276 10560 13 0 10331 17298 18 0
8644 4410 212 45 18153 7571 115 40
6040 5273 41 0 12956 6055 54 7
7245 3565 108 20 10331 5276 0 0
13406 15202 37 0 7571 17298 46 0
18153 12589 68 40 5436 10560 61 0
8644 6055 203 50 4410 3565 187 55
7245 10331 80 20 13406 12956 81 20
7571 10560 137 20 5273 5436 4 0
4410 18153 123 40 5276 15202 7 0
12589 17298 48 20 8644 6040 199 50
