16884 11285 11 0 10092 13089 61 20
10793 9367 31 0 9892 22529 21 0
19743 22567 89 20 14140 13084 81 20
16192 6016 67 7 16884 9164 157 49
9892 10793 32 20 14140 19743 140 40
6016 10092 85 40 13084 22529 36 0
13089 16192 72 43 22567 9367 12 10
9164 13084 34 4 11285 9892 28 0
16192 10092 48 25 6016 14140 91 23
22567 16884 82 20 10793 9164 84 14
22529 19743 89 20 13089 11285 71 0
9367 14140 58 20 13084 16884 150 25
22529 16192 77 0 19743 9892 24 1
11285 9367 52 10 6016 22567 65 20
13089 9164 44 20 10092 10793 28 0
22567 13084 9 0 16884 22529 97 20
11285 10092 42 20 16192 10793 75 23
14140 9892 91 20 6016 13089 58 20
9164 19743 100 40 9367 16884 112 25
9892 6016 51 0 10092 22567 71 20
22529 14140 98 40 9164 11285 60 4
10793 13089 12 0 13084 16192 105 23
19743 10092 159 24 9367 6016 54 20
