13092 20323 113 35 5906 5907 58 7
20298 16180 104 20 16303 8856 67 6
5905 10123 93 5 5893 22551 103 25
7678 13092 97 33 20323 20298 94 0
5907 22551 38 2 5893 16303 119 11
16180 8856 51 25 5906 5905 91 5
7678 5893 115 20 10123 13092 43 0
20298 5907 47 2 5905 22551 51 0
20323 16303 64 2 10123 8856 54 2
16180 5906 124 25 7678 20298 41 10
5905 5907 114 24 20323 10123 65 0
16180 16303 48 2 5893 13092 106 5
8856 5906 87 0 22551 7678 72 20
16303 20298 61 2 5905 20323 105 40
8856 7678 85 23 5907 5893 138 25
22551 10123 50 0 13092 16180 140 50
5906 7678 85 3 16303 5905 89 22
5907 20323 110 43 22551 16180 88 25
10123 5893 69 0 20298 5906 86 0
13092 5907 34 0 8856 5905 149 24
