22253 22376 10 2 13226 15369 29 0
20032 16847 92 30 8636 7288 145 39
20107 17287 47 5 22074 8637 47 20
11413 7900 48 3 17245 16479 4 0
17238 17240 51 0 7899 16849 60 20
11412 17221 22 20 11175 20032 119 40
8637 7288 82 25 7900 13226 25 2
17238 22253 44 22 17240 8636 104 20
11412 11413 47 0 15369 17287 69 3
16847 7899 74 10 20107 11175 57 40
16849 22074 37 0 17221 17245 68 3
16479 11413 12 0 22376 20032 120 21
15369 16847 74 3 17287 17240 58 25
8636 11175 112 40 16849 7900 57 3
17245 17238 51 0 8637 11412 45 0
22074 22376 56 21 7899 22253 38 9
13226 16479 78 20 17221 20107 43 20
17287 7288 124 30 11175 17238 60 20
8637 17245 78 2 22253 20032 74 12
22376 17221 34 1 7900 16847 63 0
7899 8636 82 6 16479 11412 19 0
16849 20107 69 20 7288 15369 68 3
17240 22074 57 20 11413 13226 61 20
7900 7899 40 3 20032 17287 151 20
15369 8637 29 3 8636 17221 96 29
16847 17238 101 30 11413 22253 27 2
7288 11175 41 20 22074 16479 90 22
20107 17245 51 22 17240 22376 57 20
13226 11412 76 30 16847 16849 75 30
17221 7899 16 0 7288 11413 98 10
11175 17240 90 20 22376 8637 44 14
17287 13226 95 40 17245 8636 113 24
20032 22074 142 40 17238 15369 73 3
22253 20107 58 22 11412 7900 61 3
16479 16847 63 12 17287 16849 110 0
