13273 13276 107 0 22471 21507 142 44
9600 21508 29 0 22117 5285 16 2
18457 5325 91 29 5363 19024 60 3
13641 22471 50 4 5285 9600 64 0
21508 5363 30 3 13276 19024 40 0
21507 22117 93 20 18457 13641 92 6
5325 5363 18 5 13273 5285 45 0
18457 22117 64 25 13276 22471 118 4
9600 21507 5 0 19024 5325 7 0
13641 13273 23 0 21508 18457 140 49
5285 22471 121 26 19024 21507 7 0
5325 13276 92 3 21508 13641 49 0
22117 9600 27 0 5363 13273 37 0
5285 5325 31 5 13276 18457 138 32
19024 13273 24 0 13641 22117 65 10
21507 21508 76 40 22471 5363 93 20
18457 19024 32 6 9600 13276 51 0
