4998 8367 23 0 14493 16944 43 0
16481 16278 70 20 6949 6286 47 0
22025 21776 74 20 8625 21964 40 2
14493 6286 130 45 16944 16278 44 20
16481 21964 57 20 8625 4998 38 2
6949 22025 49 0 8367 21776 110 20
16278 6286 4 0 21964 4998 43 0
16944 8367 52 20 21776 16481 115 25
22025 8625 31 2 6949 14493 72 0
6286 21964 88 20 8367 16481 75 20
21776 6949 88 30 14493 4998 91 22
16944 8625 71 22 16278 22025 24 2
21776 14493 157 20 6286 16481 107 25
8625 6949 40 12 21964 16944 61 20
4998 16278 33 2 22025 8367 34 0
