22168 15365 29 0 15562 13439 95 20
9044 12599 193 50 22293 3093 30 10
10428 14126 118 14 14876 7878 43 2
3963 6727 11 0 5627 18127 158 23
22167 15562 103 20 12721 13439 84 20
22293 15365 41 10 3093 14126 70 3
22168 7878 53 23 12599 6727 173 50
18127 22167 192 48 10428 5627 64 20
9044 14876 9 0 12721 3963 35 3
13439 22293 51 0 3093 22168 87 20
15365 22167 45 24 18127 7878 131 25
5627 12599 243 55 14876 15562 55 20
9044 12721 34 3 6727 10428 39 0
3963 22168 16 0 14126 22167 148 29
13439 18127 179 25 22293 14876 53 20
3093 5627 124 20 7878 12721 30 0
14126 15562 131 6 6727 9044 51 30
3963 10428 28 0 15365 12599 209 50
14876 3093 82 20 22167 22168 117 40
13439 5627 134 23 14126 9044 61 0
12599 12721 210 46 15365 18127 68 0
7878 3963 47 23 15562 22293 17 2
6727 13439 27 3 10428 3093 78 20
