16606 21357 117 40 10771 10333 67 24
18603 8509 131 43 14464 13474 67 20
16776 11349 245 27 9791 6378 8 0
8645 21324 192 45 10353 17334 29 21
14133 11208 115 40 8468 21437 185 31
21441 11319 61 33 9242 20153 266 54
6378 18603 94 40 9791 16606 57 20
13474 8645 90 25 16776 21324 3 0
10333 11208 112 20 17334 11349 137 25
8468 14464 130 46 11319 10353 46 11
21357 20153 149 52 9242 21437 107 26
14133 10771 51 4 21441 8509 89 26
11208 6378 63 7 18603 8645 154 25
9791 10333 76 22 21324 8468 179 40
16606 9242 136 43 14464 16776 87 3
21441 10771 70 23 21437 10353 112 22
17334 11319 71 15 8509 21357 144 26
11349 13474 115 40 20153 14133 179 44
10333 8468 150 29 18603 9242 96 26
21324 21437 87 1 6378 14464 116 44
11319 16776 96 13 11208 10771 35 0
8509 10353 118 27 11349 20153 158 44
14133 9791 38 20 8645 21357 161 50
17334 16606 115 20 13474 21441 70 43
21437 16776 130 2 10333 11319 68 20
10771 21324 80 1 11349 18603 63 20
10353 9242 108 2 6378 14133 48 0
8509 8468 156 20 8645 16606 111 30
20153 9791 123 24 14464 17334 134 45
21357 13474 84 20 11208 21441 104 45
