18457 5363 111 20 9600 19024 4 3
21507 5285 2 0 5325 13273 40 0
13641 21508 32 20 22471 13276 161 34
5285 13273 36 0 9600 5363 19 3
5325 13641 11 3 19024 21508 46 23
13276 18457 154 10 21507 22471 117 44
13641 9600 14 0 5363 5325 90 21
22471 19024 134 27 13276 13273 47 10
5285 21508 65 20 21507 18457 98 20
13273 9600 60 0 13276 13641 15 0
18457 22471 104 24 5285 5325 29 21
5363 19024 55 3 21508 21507 47 20
18457 5325 50 41 13273 13641 32 0
9600 21507 30 20 21508 22471 105 44
19024 13276 60 13 5363 5285 53 3
