21349 21651 8 0 16441 17652 88 20
22042 16410 128 20 18700 17258 20 2
21658 22020 31 0 10918 18859 107 0
22227 21905 37 20 3954 18710 128 40
21904 17652 18 0 18700 22042 102 20
18859 21658 58 0 17258 21651 10 0
3954 21905 51 0 16410 10918 141 21
21904 22020 6 2 18710 16441 144 20
21349 22042 116 20 22227 18859 38 2
17652 21658 59 20 21905 16410 87 0
16441 10918 100 26 17258 18710 75 20
18700 21349 17 3 21651 22020 61 13
3954 22227 38 20 18859 21904 32 0
22042 16441 115 40 21905 10918 98 21
18710 18700 78 20 21658 21349 65 0
16410 21651 86 20 21904 22227 50 0
17652 17258 40 20 22020 3954 106 29
18859 18700 45 2 21905 16441 63 0
10918 21658 159 40 21349 21904 37 0
21651 18710 88 20 22042 3954 120 40
16410 22227 78 0 22020 17652 41 22
17258 21904 44 20 21905 21349 41 0
16441 3954 91 20 21658 22042 118 40
18710 18859 69 0 17652 16410 86 24
10918 17258 95 21 22227 18700 55 1
22020 21905 97 22 21651 21658 60 0
