6051 9371 84 24 13368 14212 79 20
22518 8500 57 23 8365 15580 94 25
16798 10539 72 22 11453 4174 7 0
9371 15580 61 24 6051 22518 90 40
4174 8500 79 20 10539 14212 135 40
13368 11453 24 0 8365 16798 72 25
10539 22518 80 40 14212 6051 98 20
4174 13368 14 0 15580 11453 34 0
9371 8365 99 40 8500 16798 62 23
14212 11453 83 20 22518 13368 65 20
15580 10539 65 0 16798 9371 35 0
8500 8365 122 25 4174 6051 52 40
14212 22518 160 20 16798 15580 51 0
8365 13368 96 25 8500 10539 151 40
11453 6051 15 0 9371 4174 92 20
15580 14212 103 20 10539 8365 131 45
22518 4174 59 20 13368 9371 61 20
11453 16798 10 0 6051 8500 138 20
