12635 20424 19 0 22100 22446 92 40
14214 19514 23 12 18309 16532 160 44
13218 6038 46 0 7128 17835 33 0
16532 11201 102 24 12635 524 27 0
7128 6038 87 40 20424 14214 63 23
18309 11201 111 40 22446 13218 86 20
22100 19514 75 20 17835 524 4 3
18309 13218 59 20 16532 20424 110 20
12635 22100 71 25 19514 6038 99 22
17835 22446 61 0 524 7128 60 20
14214 18309 98 40 11201 22100 45 20
22446 16532 26 20 6038 17835 33 0
20424 7128 125 40 19514 11201 10 2
524 14214 47 22 13218 12635 53 0
22100 16532 126 44 11201 7128 43 20
17835 12635 17 0 20424 18309 102 40
19514 22446 91 20 14214 13218 67 25
524 18309 76 26 6038 20424 51 20
