22242 16397 154 25 19836 19468 38 0
21319 16366 28 20 19521 22381 13 0
19447 22151 46 10 19446 22150 38 10
16417 22242 173 50 21908 19521 3 0
19468 22150 10 0 19446 21319 149 50
16417 22151 161 40 16397 16366 70 0
19447 19836 130 16 21908 22381 23 0
19468 19446 29 0 16366 16417 204 50
22381 16397 88 27 22242 22150 66 30
19836 21908 136 36 22151 19521 41 10
21319 16417 174 43 19447 22242 28 0
16366 19446 77 29 22150 19836 131 24
19521 19447 33 0 22151 19468 15 0
16397 21908 62 20 22381 21319 121 16
16366 19836 117 44 16417 19447 176 50
22381 22242 66 22 22151 19446 95 25
21908 21319 117 18 19468 16397 74 20
22150 22381 25 2 19521 16417 113 35
19836 22151 88 0 21319 19468 40 20
16397 19521 105 25 19446 19447 57 0
22150 16366 51 20 22242 21908 24 0
