16700 11205 59 20 12414 10949 40 20
21428 21378 15 0 20807 4243 15 0
12331 20841 113 20 21429 11995 24 0
17022 8490 15 2 20203 4654 56 21
18 21580 51 0 10870 7486 44 20
11205 14903 50 0 20841 21428 97 0
12414 20203 70 40 12331 4243 147 20
18 17022 26 0 21580 16700 99 0
10870 20807 20 0 8490 14903 125 45
21378 7486 14 0 21429 4654 72 0
10949 20203 100 20 11995 18 23 0
12331 10870 95 25 16700 21428 83 20
11205 21429 95 0 21580 8490 88 25
7486 10949 137 18 20807 20841 8 0
21378 12414 18 0 14903 17022 35 20
4243 11995 45 0 4654 10870 84 20
21428 21429 117 3 16700 20203 126 45
21378 14903 60 20 10949 12331 199 44
7486 11995 49 0 11205 17022 38 2
8490 20841 67 20 4243 18 13 0
4654 20807 59 0 21580 12414 114 0
21429 10949 140 24 17022 10870 37 20
4243 16700 72 20 14903 7486 88 20
20807 12331 91 2 18 11205 41 0
11995 21428 33 0 12414 8490 139 50
20841 21580 57 0 20203 21378 42 0
4654 16700 107 27 12331 11205 139 23
