8801 7258 105 26 19686 19926 24 0
19394 21892 62 5 19984 7259 93 0
19978 21900 77 20 9978 19687 80 30
7924 7229 179 43 21903 8807 36 2
19685 19926 46 8 19394 19984 88 20
21892 7258 58 22 9978 19978 67 21
21900 21903 123 3 7259 8801 111 6
19687 19686 101 13 8807 19685 24 0
7924 9978 151 41 7229 19394 146 23
19984 21900 89 20 21903 19978 29 3
21892 8807 45 3 8801 19685 90 6
7259 7924 87 20 19686 7229 93 3
7258 19926 107 28 21903 19687 64 13
8807 8801 98 1 19978 19394 107 20
19984 9978 89 21 7924 19686 116 23
19926 19687 51 13 21892 7259 25 5
7229 19685 125 25 7258 21900 187 50
19978 19686 45 3 21903 19394 55 3
9978 7259 131 21 8807 19984 73 21
21900 7229 169 43 19926 21892 50 0
19687 7258 126 25 8801 7924 68 1
7259 21903 98 0 19685 9978 85 20
19686 8807 69 3 21900 21892 61 3
19687 8801 82 11 7229 19984 88 20
19685 7924 107 20 19926 19978 33 0
19394 21900 123 40 7258 21903 94 7
