16320 12798 2 0 4008 20741 30 0
13670 7615 24 0 10973 10518 25 0
22857 13388 8 0 6976 22371 46 22
15703 18094 93 40 18519 10902 25 0
10973 7615 6 0 12798 20741 32 3
22371 16320 53 5 10518 22857 15 0
13388 15703 80 40 4008 18094 43 20
10902 6976 48 0 18519 13670 22 0
7615 20741 80 3 22371 22857 29 2
18094 10518 65 20 15703 10973 86 22
18519 4008 46 20 13670 6976 27 0
12798 10902 36 0 13388 16320 70 0
10518 15703 78 20 20741 22857 40 3
10973 4008 58 23 22371 18519 43 2
10902 13670 53 20 12798 13388 33 20
6976 18094 86 0 16320 7615 58 10
22857 18519 24 0 4008 10518 18 0
20741 10973 76 13 13388 10902 90 40
13670 16320 35 0 7615 15703 76 20
18094 22371 46 3 6976 12798 22 0
22857 4008 41 0 10902 10973 33 3
16320 18519 75 10 7615 13388 53 30
20741 22371 65 3 18094 13670 6 0
10518 12798 22 0 15703 6976 127 40
