8772 16151 141 31 16489 12389 50 0
19846 18364 23 0 14800 8690 12 2
6516 8772 2 0 6302 8690 98 26
19846 12389 96 0 16489 6516 89 2
6302 16151 143 45 18364 14800 4 0
14800 6302 85 20 16489 8690 48 4
6516 16151 91 10 8772 19846 35 0
18364 16489 44 2 12389 8772 27 0
8690 12389 36 2 19846 14800 14 0
6516 6302 103 22 16151 18364 117 23
14800 16489 42 0 18364 6516 30 0
8690 19846 37 2 12389 6302 110 24
8772 18364 38 0 16151 19846 113 25
12389 14800 58 0 6302 8772 98 24
16151 16489 134 23 8690 6516 42 2
