21532 19637 10 0 16337 19636 11 4
16492 20667 54 0 19450 19451 53 0
19480 12576 18 0 11322 12993 112 37
13710 18228 43 0 11506 19050 18 2
14579 17101 76 0 18187 18500 18 0
11323 21511 40 2 19560 18248 39 0
15145 14380 96 20 11505 14466 50 0
17556 16637 22 0 13626 19221 36 2
16337 11506 14 4 19451 12993 21 0
19637 14579 42 0 13710 20667 40 2
19560 12576 28 2 18500 19636 31 0
21532 11505 27 0 19050 19450 43 0
14466 11323 42 2 17556 11322 41 20
19221 19480 69 0 21511 18228 51 20
18248 18187 41 5 13626 14380 152 27
17101 16492 69 1 15145 16637 31 0
12993 19450 66 20 19637 18500 2 0
19636 11323 29 5 20667 11505 42 2
19451 14579 14 0 21511 19050 77 2
19221 16337 58 0 18187 14466 61 3
16637 18248 21 0 12576 13710 27 2
19480 17556 35 20 11506 15145 64 2
11322 13626 75 20 21532 17101 52 2
16492 18228 80 20 14380 19560 89 22
19050 18500 52 0 16337 20667 31 10
19637 19451 66 20 16637 18187 85 23
19450 15145 90 10 18248 19221 41 2
17101 21511 82 0 12993 17556 80 2
14466 12576 75 2 18228 13626 35 0
14380 13710 72 22 11323 21532 43 2
19636 11506 35 2 16492 11322 56 20
11505 19560 45 2 14579 19480 64 40
18248 19050 27 2 17101 19637 71 20
16637 19450 43 10 18228 16337 48 20
20667 14380 106 24 12576 17556 21 2
18500 11506 33 10 19221 21532 45 4
19636 19451 42 0 14466 19480 62 20
12993 13710 107 5 15145 19560 68 2
18187 11322 83 25 11505 21511 73 20
13626 16492 58 10 11323 14579 45 2
