7841 5094 183 48 21627 6666 202 48
13186 9974 178 33 20024 22187 182 27
7924 20077 181 32 5126 8813 106 36
6252 12863 120 47 7229 18527 194 40
9978 8807 81 22 4324 11142 81 40
5143 18139 137 20 14172 19394 150 37
5126 20077 170 31 7841 13186 146 28
22187 7924 114 30 6666 6252 177 44
9974 7229 233 61 5094 9978 89 23
19394 5143 136 20 20024 21627 94 0
8807 8813 123 30 14172 12863 138 32
18139 4324 148 40 11142 18527 146 53
5126 22187 82 10 5094 7229 142 23
6666 20077 113 40 5143 9978 182 20
8807 13186 140 23 19394 6252 127 12
18527 20024 219 60 7924 14172 96 31
11142 12863 58 20 9974 7841 242 60
21627 4324 142 25 18139 8813 184 56
9978 5126 146 28 5143 6252 198 32
5094 20024 157 23 20077 8807 64 2
22187 7841 162 43 18527 19394 232 56
8813 21627 220 56 7229 11142 81 0
4324 14172 171 48 9974 7924 187 44
12863 6666 75 32 13186 18139 166 24
7841 5143 98 10 22187 8807 115 29
21627 18527 172 40 20077 9978 149 28
6252 11142 98 7 14172 5094 238 39
7229 13186 130 25 7924 18139 111 23
20024 4324 69 10 12863 5126 98 26
6666 19394 145 29 8813 9974 229 40
11142 14172 178 65 20077 22187 132 20
18527 5094 232 35 13186 5143 164 44
12863 7924 121 43 9978 21627 139 25
8813 7841 190 44 6252 20024 95 20
19394 7229 135 30 4324 6666 167 37
18139 9974 192 60 8807 5126 141 9
