13498 10127 103 20 18775 21858 122 10
21806 5227 96 30 15583 3409 50 2
9960 16309 85 20 19815 11102 124 25
21858 13498 110 0 15583 21806 25 2
19815 10127 73 20 5227 11102 139 45
3409 9960 100 5 18775 16309 89 20
21806 11102 67 20 19815 13498 64 20
10127 15583 38 2 9960 18775 91 20
3409 21858 114 20 16309 5227 153 40
10127 18775 100 0 21806 19815 79 20
11102 15583 75 22 16309 3409 135 40
21858 5227 151 30 13498 9960 37 0
15583 16309 109 22 10127 21806 110 30
9960 19815 85 40 3409 13498 100 0
5227 18775 66 20 11102 21858 171 30
16309 19815 122 40 13498 15583 47 0
11102 3409 117 0 21858 10127 64 20
18775 21806 30 10 5227 9960 169 20
