17653 21852 23 0 20244 22261 79 24
12488 11241 120 45 13115 16139 74 8
6934 11166 158 40 10975 4936 31 20
11871 19772 61 20 12365 22348 99 45
3944 12866 3 0 16102 19735 113 50
22261 11166 103 20 11241 6934 70 40
4936 21852 30 0 12488 19772 137 45
10975 16139 95 23 12866 22348 61 0
12365 17653 23 20 19735 3944 37 20
11871 13115 19 2 20244 16102 54 0
12866 12488 98 25 19772 22261 70 24
3944 22348 66 0 11166 21852 128 40
11871 20244 63 11 16139 6934 121 23
13115 12365 0 0 4936 17653 6 0
16102 11241 74 20 19735 10975 97 45
11166 12866 122 25 21852 11871 54 20
6934 3944 60 20 19772 13115 60 20
22261 19735 100 24 16139 4936 90 26
12488 20244 86 5 10975 12365 89 27
22348 16102 154 45 17653 11241 21 0
19772 19735 119 45 11166 13115 115 20
22261 10975 83 24 3944 11871 94 33
4936 20244 24 0 11241 12866 55 20
12365 16139 130 33 21852 16102 97 45
22348 17653 80 20 6934 12488 119 5
