22182 21799 11 0 21581 5911 70 20
5470 20725 105 0 22054 17364 0 0
14913 21911 77 20 21997 11720 88 20
19851 20232 17 2 13948 22361 103 25
12032 15450 48 20 16699 22182 39 20
11720 21911 50 0 21581 5470 128 10
5911 19851 91 22 20232 14913 99 30
20725 13948 90 20 21799 12032 83 25
21997 22361 35 0 16699 22054 30 10
15450 21581 77 30 17364 20232 14 0
21911 20725 44 0 22182 19851 25 2
5470 22054 97 5 12032 14913 64 20
17364 16699 25 0 11720 21799 67 0
13948 5911 115 20 15450 21997 69 20
22361 14913 53 0 20725 21581 44 0
20232 11720 126 0 22182 22054 72 0
16699 5911 81 10 21911 13948 68 20
21997 17364 49 10 12032 19851 56 2
21799 15450 92 30 22361 5470 134 25
20232 21581 25 0 20725 16699 64 0
14913 22182 88 20 17364 13948 91 25
22361 12032 11 0 5911 11720 167 40
22054 21799 29 0 15450 21911 92 22
19851 21997 29 2 5470 22182 120 0
