8988 11142 26 2 8672 7196 120 45
22380 20097 62 9 7400 6093 66 24
22479 7196 83 40 21823 20097 81 22
8988 6093 34 0 22479 8672 136 40
7400 22380 79 20 11142 21823 10 0
7400 21823 55 23 20097 8988 67 0
7196 6093 72 20 22380 22479 45 20
11142 22380 53 20 8672 8988 82 25
6093 22479 46 20 11142 7400 64 23
21823 8672 83 25 20097 7196 85 0
8988 21823 11 0 6093 22380 111 20
20097 7400 99 23 7196 11142 77 40
8672 11142 80 5 21823 22479 53 20
7196 7400 122 43 6093 8672 99 25
22479 20097 100 22 22380 8988 48 20
