6220 20403 146 40 22556 8923 16 0
18015 14343 78 10 7330 417 115 28
15203 16750 55 0 19929 14246 76 25
16643 8103 142 45 16113 9884 86 22
7330 22556 73 0 417 20403 86 23
18015 14246 50 25 19929 6220 118 20
16643 8923 97 23 16750 16113 42 2
8103 9884 134 45 15203 14343 81 30
14246 417 135 43 20403 7330 114 20
19929 16750 33 20 16113 22556 70 2
8103 15203 106 30 18015 16643 142 25
14343 9884 52 20 8923 6220 100 41
16113 19929 93 2 14246 7330 78 20
20403 22556 92 20 8103 18015 89 20
6220 14343 189 21 16750 16643 76 43
9884 8923 90 40 417 15203 106 23
14246 16113 67 7 22556 18015 49 0
16643 20403 95 43 14343 19929 97 25
16750 7330 70 20 9884 15203 81 20
8923 417 106 20 6220 8103 212 50
22556 14246 52 20 14343 16643 134 25
20403 18015 98 25 9884 16750 86 40
417 6220 145 44 15203 16113 15 2
7330 19929 81 20 8923 8103 130 30
