19891 16163 53 20 21479 15661 60 20
21693 14714 37 2 21436 18140 127 44
19572 12218 145 50 17426 12209 76 25
19502 21479 167 30 21436 21693 86 40
15661 18140 105 24 19572 17426 106 20
19891 19502 134 50 14714 12218 37 2
16163 21436 55 20 18140 12209 119 40
17426 12218 70 0 21693 21479 121 40
19891 14714 49 22 16163 19572 31 0
15661 12209 67 27 19502 21693 154 30
17426 21436 28 0 19891 19572 125 40
16163 18140 124 32 12218 19502 165 55
12209 21479 137 40 14714 15661 30 2
21693 17426 54 20 19502 16163 147 30
18140 19572 176 44 21479 19891 120 40
12218 15661 71 25 21436 14714 45 2
12209 21693 72 25 17426 19891 46 0
