22533 21936 161 52 22030 16321 119 44
22031 16795 81 25 22813 22082 60 0
14863 9887 72 25 22740 19198 92 5
22676 22472 87 20 20799 16326 77 30
22675 22031 5 0 21936 16321 211 60
22030 22533 106 45 14863 22813 44 20
22740 16326 60 25 16795 20799 68 20
22082 22675 53 20 22472 9887 87 5
19198 16321 141 29 22813 22676 30 0
21936 22030 176 56 22740 16795 87 25
22472 20799 89 40 22031 14863 101 45
22082 16326 20 0 22675 19198 74 25
9887 16795 96 45 22533 22676 101 25
16321 22813 109 23 22472 22740 47 0
19198 22030 99 40 22675 20799 88 30
9887 22533 74 45 16326 22031 27 5
14863 22082 82 25 22676 21936 122 33
19198 22472 80 0 16795 22030 144 20
22740 22675 35 2 22031 22533 83 20
20799 22813 60 0 9887 21936 140 28
16326 14863 95 0 16321 22082 77 24
22676 22030 71 40 22031 22740 49 23
