13106 16734 176 75 13643 20804 12 0
16883 6079 34 0 19920 22308 58 4
20142 18965 88 24 18968 10136 76 30
18967 7048 32 3 11717 16355 67 24
15638 14638 77 20 12548 17768 60 0
6255 18966 22 0 14790 18964 24 0
13019 22055 23 20 22056 9028 9 0
22305 11254 29 0 19940 20803 66 6
18965 21564 0 0 16355 13643 43 0
16734 11717 96 20 22308 17768 57 0
6079 15638 69 20 20142 7048 74 11
14638 14790 73 0 13106 13019 100 40
9028 18968 15 10 11254 20804 69 20
18967 22056 2 0 20803 18966 2 0
18964 19920 54 14 21564 12548 13 2
10136 6255 84 0 19940 16883 64 2
22055 13106 100 25 15638 22305 76 20
16355 22308 53 20 11254 14638 116 40
18968 11717 27 0 13643 22056 35 0
18965 18964 0 0 13019 6079 31 0
20804 20803 6 0 7048 6255 73 23
22055 19920 66 14 10136 18967 69 30
12548 18966 1 0 16734 19940 85 24
17768 20142 107 24 22305 16883 61 20
9028 14790 49 0 21564 15638 68 20
18968 22308 27 0 7048 13019 128 28
20803 6079 8 0 13643 22055 65 0
11254 19920 62 4 18965 11717 55 0
22056 19940 47 0 18964 20142 72 4
18966 20804 10 0 14638 21564 42 2
12548 22305 19 1 10136 9028 83 5
16883 16355 150 29 16734 14790 70 24
13106 17768 150 20 6255 18967 18 0
22056 22308 7 0 15638 18965 66 20
20804 13019 77 25 11717 19940 116 30
20142 13643 116 24 19920 14638 95 34
7048 18964 44 23 11254 22055 54 0
16883 9028 58 0 18966 13106 92 25
14790 12548 53 2 6079 18968 17 0
21564 16734 58 20 22305 18967 15 0
17768 10136 115 30 20803 16355 19 0
22308 13643 55 0 6255 11254 68 20
