11191 11203 38 2 3591 19838 71 25
5118 5155 63 20 9905 406 10 0
14867 5095 109 10 16498 11203 38 10
19838 16498 153 34 5155 9905 86 20
3591 406 70 27 5118 5095 55 10
11191 3591 46 24 14867 19838 88 40
14867 11203 99 20 406 5155 39 0
16498 5118 45 14 5095 11191 25 2
9905 5095 54 10 5155 11191 68 22
16498 14867 174 34 5118 19838 17 0
3591 9905 48 22 406 11203 95 25
5095 3591 69 30 9905 14867 43 20
406 5118 66 25 19838 11191 23 2
5155 16498 143 14 11203 3591 18 2
19838 406 21 0 5095 16498 56 14
11203 5155 33 20 11191 5118 38 0
11203 9905 18 0 406 14867 106 45
