22941 19152 94 5 19087 20936 61 25
20237 19068 196 45 21071 19100 63 35
20925 17861 179 30 19092 21097 59 20
23015 21030 125 40 19131 19060 76 20
18026 17857 86 8 5843 19064 90 30
19101 19075 61 40 15996 15993 103 44
19147 21455 135 25 19106 20912 169 31
19088 20131 13 0 19067 19257 112 24
17713 19112 10 0 19211 19083 196 45
20972 21169 12 0 19043 22586 81 20
19256 19059 73 30 19048 21476 156 35
22973 21050 73 4 19139 19141 112 40
19044 19234 220 57 19148 19058 62 40
19093 21028 186 55 19098 17962 211 61
20965 19095 68 20 16000 20974 198 53
19052 19090 89 30 22903 22998 107 26
14270 13906 52 20 21073 20954 32 20
19096 17869 163 40 19084 22114 70 20
19105 22018 144 36 22226 17873 119 48
19081 22017 74 44 19121 19066 258 60
20691 19131 95 45 15993 20912 189 48
21455 19064 132 25 21030 20936 104 0
19147 19060 27 0 21097 19088 37 20
19100 19092 56 20 19075 19211 126 25
5843 19048 158 35 23015 22941 147 24
19068 19083 200 50 17857 20925 92 22
21050 19112 42 20 19106 20237 172 25
20972 19059 50 25 19101 19067 147 43
20974 20131 143 43 19043 19256 130 40
17861 19052 168 65 15996 19093 141 30
20954 19095 97 40 22973 19090 104 35
19139 19257 89 25 21071 19098 144 34
17873 20965 65 23 19152 19234 205 49
17713 21476 198 60 22226 19148 55 20
21169 19058 83 20 17962 19066 226 62
21073 19084 85 7 16000 19044 290 90
19141 19087 58 24 19105 22017 242 64
22114 13906 104 20 22903 19081 41 0
22018 22998 76 6 17869 20691 156 44
19121 21028 219 69 22586 18026 148 49
19096 19112 128 20 14270 19092 58 20
19083 19064 137 55 19059 19106 139 37
23015 20974 103 24 21455 21050 80 20
19256 20972 23 0 22941 17861 110 3
20954 19100 129 40 19067 19147 78 4
21030 19048 112 31 19098 19095 216 57
20936 17873 195 49 19088 19131 50 20
19211 21476 92 20 17857 19101 216 50
19066 15996 101 28 19090 19234 208 47
19084 20912 147 24 21169 19257 36 0
19058 19105 178 44 20925 20965 78 40
19141 17713 126 40 19081 5843 179 50
21097 22226 126 20 22903 21073 42 25
17962 21071 186 70 19044 19052 144 20
22586 20691 118 40 19087 14270 211 59
22018 19152 51 20 21028 19139 159 50
17869 19075 121 45 13906 19121 176 44
19060 15993 116 28 22973 19096 169 24
22998 16000 112 6 19093 19148 165 30
19068 22114 152 40 18026 20131 154 49
20954 20237 110 45 22017 19043 169 45
19064 19092 70 20 21476 20974 109 20
22941 19131 93 23 21050 19100 55 20
17873 19066 139 39 19257 19106 163 24
19112 19098 205 56 20965 21455 127 30
19081 19088 64 5 19095 19084 98 4
19067 21030 114 24 20912 21073 72 24
19234 21071 206 62 17713 21169 75 20
19101 23015 192 54 19256 19087 78 20
20925 22903 60 20 19048 21028 185 65
13906 19139 77 23 19059 17861 233 75
19152 19052 88 20 15993 19147 136 50
21097 15996 141 40 19148 20691 121 40
20972 19093 81 0 19068 19096 209 50
19083 20936 96 50 22998 22226 208 73
19075 5843 175 30 22586 22973 81 20
22114 19141 69 40 19090 17962 267 65
22017 19044 184 25 19211 18026 178 49
19060 14270 92 14 20237 17869 107 40
16000 19105 193 60 20131 17857 137 50
19058 19043 148 41 19121 22018 171 44
19092 19067 75 8 19095 17873 186 51
20974 19106 181 55 19100 17713 207 50
19064 21073 79 28 21071 20925 100 20
20912 23015 150 44 13906 20965 32 0
19052 19098 201 70 19059 20954 82 45
19147 15996 86 0 21028 21030 163 49
15993 19081 120 24 19112 19093 189 35
19066 21097 222 56 19096 19152 90 40
21476 22973 124 20 19234 19068 245 77
17962 19087 227 74 19084 20972 41 0
19148 19256 30 0 21455 19075 56 0
19044 20237 154 5 19141 19083 182 45
19257 21050 63 20 22114 17857 86 45
19043 19090 55 0 20691 19105 125 60
19131 22903 95 50 17861 19211 164 15
19088 19121 200 44 22998 22941 67 23
19048 22586 168 55 17869 16000 172 49
5843 22226 191 69 20131 19101 170 55
20936 22017 112 45 19060 19058 115 25
18026 14270 181 34 22018 21169 45 0
19139 19081 120 43 19064 19147 72 20
19059 21071 79 20 17873 21097 164 46
19093 22973 224 54 21073 23015 69 22
19095 20925 108 20 15996 13906 40 0
19234 19084 217 44 19092 20954 83 20
19100 17962 178 30 19112 19256 101 40
20237 19148 91 40 19052 19067 149 32
19257 15993 62 23 19105 19068 259 73
19131 19043 147 30 21476 22114 93 44
20912 22941 134 23 19083 19096 154 55
19066 19088 120 56 21050 17713 132 30
19098 19211 243 65 19152 17869 112 40
17861 19101 249 75 19090 16000 100 30
17857 22903 197 70 19087 22018 98 4
19075 18026 185 54 19058 20972 102 40
20965 19121 192 64 14270 19139 111 53
20131 21455 112 30 22017 19048 144 47
20974 22586 128 23 20936 19044 205 75
21028 19060 81 20 20691 5843 135 55
19106 22998 204 52 21030 19141 127 44
21169 19064 67 22 22226 19059 126 25
