21585 6205 27 0 14799 17341 110 25
12272 13054 46 4 18370 6302 98 30
11279 6831 61 0 6704 19795 43 0
20217 6556 94 5 8651 21585 57 0
6704 17341 91 20 12272 18370 84 20
6302 14799 124 44 11279 8651 151 23
6556 13054 42 10 20217 19795 44 0
6205 8651 140 25 6831 12272 60 0
17341 6302 104 30 14799 6556 154 34
18370 20217 64 0 6205 11279 85 12
6831 6704 98 0 13054 21585 40 0
19795 18370 0 0 8651 14799 179 44
6831 6302 83 0 17341 20217 73 0
6205 6556 61 2 13054 6704 19 0
19795 11279 88 0 21585 12272 101 0
14799 18370 112 24 6556 6831 52 0
19795 21585 33 0 6302 6205 132 27
13054 8651 66 0 17341 11279 108 3
12272 6704 54 10 20217 14799 133 20
