13552 12430 117 5 13542 8204 105 20
20483 13140 102 20 13142 22418 33 0
22528 21988 22 0 13539 22527 46 20
18871 13141 35 0 21987 22419 41 20
13142 13552 96 20 20482 12430 71 0
13140 13542 92 0 21988 13539 108 20
18871 22419 48 20 22528 20483 63 20
20482 13141 59 10 22418 22527 54 0
8204 13539 148 20 21987 13142 17 0
22419 22528 37 0 13552 21988 134 25
22527 20482 135 10 13542 18871 116 40
20483 8204 79 0 13140 13141 46 0
22418 21987 36 0 12430 22528 9 0
22527 13542 60 0 22419 13142 27 0
13141 20483 31 0 21988 20482 29 0
12430 13140 97 30 21987 18871 64 20
22418 13539 139 20 13552 8204 168 35
13142 13542 105 24 13141 22528 27 0
12430 21987 41 0 22527 20483 71 5
18871 21988 38 0 13552 22418 95 20
22419 20482 55 0 8204 13140 56 0
13539 22528 87 40 13141 12430 29 0
13542 13552 191 49 20483 21987 56 10
21988 13142 7 0 8204 18871 122 20
20482 22418 81 0 13539 22419 103 20
22528 22527 73 20 13140 13552 183 40
