11240 5141 32 2 7242 4250 116 41
17034 22009 53 40 6974 6973 47 40
5395 10355 118 21 17035 11867 42 20
6973 17034 40 20 7242 11240 52 20
10355 6974 56 1 5141 5395 65 6
4250 11867 75 0 22009 17035 40 23
6974 7242 53 20 10355 6973 96 41
5395 11867 21 0 4250 17034 101 20
5141 22009 30 2 11240 17035 37 20
17034 10355 96 41 6973 4250 91 20
17035 6974 5 0 11867 11240 36 0
5141 7242 59 22 22009 5395 25 20
17035 4250 135 0 17034 6974 9 0
11240 5395 103 20 22009 10355 126 41
7242 6973 105 20 11867 5141 34 6
