19670 15008 86 0 5709 17477 80 20
9338 21497 43 0 18792 7393 196 48
18996 19069 97 22 8194 16270 43 20
12718 14253 28 12 18477 21496 142 40
16922 20257 28 0 11500 20124 70 2
2818 4991 119 30 21975 8479 114 40
10719 21524 167 58 10001 20096 130 25
21937 607 138 20 15308 21494 170 50
17394 18442 140 49 17477 6390 120 40
21496 5709 48 20 18996 18792 133 20
4991 19670 122 5 20124 19069 80 2
2818 18477 141 40 20096 20257 108 24
16922 607 74 0 12718 21524 168 29
8479 7393 97 20 17394 15308 84 40
11500 16270 41 0 21975 21497 198 43
21494 6390 110 24 9338 10001 95 25
10719 8194 59 25 18442 15008 123 27
14253 20124 26 3 21524 21937 199 30
16922 20096 146 27 21496 17394 67 25
18996 4991 125 31 7393 11500 101 27
607 8479 103 25 17477 9338 64 0
21494 18477 94 15 16270 19670 211 54
5709 2818 137 40 14253 8194 35 22
21497 12718 140 26 15308 15008 98 22
18442 10001 201 50 20257 21975 69 23
21937 18792 141 0 19069 10719 40 22
6390 16922 81 20 7393 19670 236 50
11500 21494 109 26 8479 5709 106 25
12718 9338 87 20 20124 18996 157 40
8194 17477 45 20 21524 20257 130 27
16270 21496 107 45 21937 4991 153 30
18792 10001 174 28 15008 18477 63 27
21975 15308 134 20 6390 10719 101 45
21497 18442 168 44 20096 14253 122 27
19069 17394 84 26 607 2818 127 32
9338 5709 33 0 4991 16922 62 10
20124 21494 120 40 8194 21496 140 50
20257 8479 106 27 10719 18996 157 50
7393 17477 96 2 10001 12718 126 44
18477 21937 148 25 21497 17394 121 26
15008 6390 62 22 16270 2818 245 56
21524 11500 122 37 19069 18442 123 28
19670 20096 223 47 607 21975 55 20
14253 15308 28 0 18792 16922 165 35
