3371 10392 30 0 9385 9295 20 2
20233 22519 59 20 3006 9384 72 2
9294 22186 138 0 10393 8088 30 0
21377 4995 7 0 8087 14639 46 3
9137 13475 77 0 22053 5361 106 5
14803 4785 12 0 12422 18657 98 20
22186 4780 39 0 8721 9385 62 0
14639 10393 32 3 10392 22519 40 3
4995 9137 40 0 9294 20233 60 10
13475 3371 59 12 9384 14803 68 1
5361 12422 41 5 21377 8721 0 0
3006 18657 86 20 22053 8088 34 3
9295 8087 41 2 4785 4780 79 2
9385 14639 10 0 13475 9294 22 20
8721 10392 75 0 9384 4995 99 21
12422 22053 21 3 3371 20233 71 10
8088 14803 82 0 4780 22519 21 3
9295 21377 14 2 18657 9137 53 0
5361 8087 127 27 22186 3006 68 0
4785 22053 81 15 10393 9385 2 0
13475 8088 49 0 8721 20233 60 10
4780 9384 38 1 14639 12422 21 3
22519 5361 86 27 4995 9295 44 2
4785 3006 26 2 21377 9294 18 0
10392 22186 40 0 9137 14803 26 0
8087 10393 26 10 18657 3371 66 20
9295 8721 13 2 14639 22053 42 2
4995 3006 25 7 4780 13475 6 0
9385 9384 27 1 8088 9137 48 0
20233 21377 64 10 14803 10393 29 0
9294 18657 67 20 10392 5361 109 20
22519 4785 86 15 3371 22186 28 0
12422 9385 55 0 8087 13475 42 2
