18200 6147 23 0 22189 18397 112 8
14172 7823 36 3 4443 22417 33 1
16736 20180 66 24 14568 22187 155 45
10602 6103 58 0 10435 6147 113 32
16736 22189 48 23 18397 7823 92 3
6103 14568 133 34 18200 14172 48 20
10602 10435 128 44 22187 4443 84 0
20180 18397 131 30 22417 7823 26 1
18200 10435 115 28 14172 4443 82 22
22187 22417 61 1 6147 6103 57 14
14568 20180 156 40 22189 10602 30 21
7823 16736 112 27 6103 10435 150 42
18397 22417 89 20 10602 14568 142 50
4443 22189 34 0 16736 22187 107 20
6147 14172 101 30 20180 18200 40 30
22189 14568 120 30 22417 10435 69 29
6147 10602 26 11 14172 16736 178 44
4443 18397 103 0 6103 20180 30 4
22187 10602 76 21 7823 18200 22 3
14172 6103 82 14 20180 22189 89 0
22417 18200 18 0 10435 16736 200 56
7823 4443 49 3 14568 6147 132 25
10435 22187 204 52 18397 14172 128 20
