21780 11986 113 47 16617 21848 139 28
17028 22952 76 0 16730 19957 27 0
18503 19717 19 0 17191 20145 37 0
17332 9778 81 0 13755 18570 116 20
12398 22306 95 20 17198 17977 47 10
19955 18838 129 40 18801 19956 55 23
16730 22304 19 2 14608 19782 109 20
11986 22952 114 40 19717 9778 145 50
17977 17191 47 20 21780 17332 42 0
19957 18570 82 24 21848 17198 52 0
18838 13755 103 43 19782 12398 161 24
22306 14608 98 25 16617 19956 131 26
20145 18801 36 0 17028 22304 19 0
18503 17198 18 0 19955 21780 131 44
18838 21848 70 23 22952 17977 108 25
19782 17332 69 1 19957 19717 75 25
20145 14608 48 20 18570 12398 216 44
17191 22304 7 0 9778 16617 221 44
13755 19955 155 45 11986 17028 84 3
18801 22306 86 20 16730 18503 55 2
19956 18570 59 2 21780 22952 183 49
16617 20145 108 20 17198 19782 125 0
11986 19957 93 2 14608 17191 81 25
21848 18801 99 40 19717 13755 105 40
17332 17028 37 0 22306 18838 44 20
9778 16730 51 0 19955 17977 131 40
19956 12398 154 28 22304 18503 28 0
22952 19782 199 49 17191 18801 39 20
19717 14608 70 10 18838 21780 89 24
19957 19955 95 22 20145 22306 74 0
9778 17198 136 0 19956 17028 35 2
12398 21848 117 45 17332 16730 61 2
17977 16617 143 20 13755 18503 47 0
22304 18838 57 20 18570 11986 203 27
