16302 10703 36 2 22032 18380 55 2
20143 13017 43 22 6448 18393 21 0
19824 9768 45 0 14374 14664 33 3
6448 16302 30 2 13017 10703 11 2
9768 18393 58 3 19824 18380 51 2
14664 20143 41 6 14374 22032 54 3
19824 6448 20 0 16302 9768 57 2
18393 14374 76 2 10703 22032 39 5
13017 14664 9 0 18380 20143 64 4
9768 14374 96 5 18393 16302 46 0
18380 10703 37 2 20143 19824 43 7
14664 22032 22 2 13017 6448 36 0
16302 14374 78 2 20143 9768 53 7
22032 13017 37 3 10703 19824 19 4
18393 18380 43 3 6448 14664 32 10
22032 20143 64 10 9768 13017 49 22
10703 18393 19 2 14664 16302 41 2
18380 6448 50 2 14374 19824 49 2
