4625 11825 19 0 21798 15157 17 2
4947 4153 41 0 8624 5498 5 0
7553 25 38 2 4628 5218 71 3
9513 8624 19 3 11825 21798 22 2
4628 15157 36 2 5498 4153 27 2
4947 5218 106 20 9513 4625 11 0
5498 7553 48 23 11825 25 99 20
21798 5218 95 25 4628 4947 20 3
8624 25 63 23 4153 4625 39 22
15157 9513 27 3 7553 4628 61 3
5218 4625 96 23 4153 11825 29 3
8624 4947 40 3 15157 7553 16 3
9513 21798 33 2 25 5498 29 0
4628 11825 15 0 4625 4947 36 23
8624 15157 31 3 25 5218 109 23
4153 21798 68 4 7553 9513 15 2
5498 4628 43 20 5218 8624 103 25
