11344 4266 54 2 19563 6974 20 20
6973 5141 57 21 3638 22015 120 20
5395 7242 106 20 13709 17035 69 20
14906 19563 47 0 17034 22015 47 0
17035 5395 46 0 11344 6973 13 0
3638 17034 48 0 4266 7242 82 25
14906 6974 63 0 5141 13709 85 43
22015 19563 24 0 3638 5395 68 20
6974 11344 25 2 7242 14906 58 0
4266 13709 62 20 5141 17035 34 0
6973 3638 88 21 17034 6974 29 0
22015 14906 101 0 17035 4266 92 2
13709 7242 134 23 19563 6973 22 21
5141 17034 31 20 5395 11344 88 0
17035 19563 18 0 6974 3638 99 20
22015 5141 31 0 7242 17034 17 0
6973 5395 17 0 4266 14906 73 2
11344 22015 131 0 13709 3638 135 40
