20368 21534 47 0 19505 14473 44 20
13356 18373 112 10 15385 7854 1 0
20367 21781 89 20 20383 14525 88 25
20405 19505 50 30 20366 13356 84 30
20368 20383 30 0 14525 7854 36 20
15385 20366 2 0 14473 20367 133 40
18373 21534 41 0 21781 20405 68 20
14525 14473 57 2 13356 15385 131 25
20383 19505 28 0 20405 18373 45 10
7854 20368 29 0 20366 21781 65 20
20367 14525 37 0 21534 19505 32 0
21781 7854 37 20 14473 20405 57 0
21534 20366 8 0 15385 20383 14 0
20367 13356 175 50 18373 20368 74 0
19505 15385 11 0 21781 20383 85 0
14525 18373 96 25 14473 20366 67 20
7854 13356 149 30 21534 20367 58 20
20405 15385 41 10 20368 14525 77 20
