3805 21933 97 3 7462 3231 13 0
14563 22033 50 20 22251 4042 49 2
11109 11138 123 40 21764 2939 6 0
7462 20175 19 0 21506 3543 45 20
21933 14563 47 25 2939 3805 114 25
3231 20175 35 20 21764 22033 36 20
22251 21506 25 0 3543 4042 73 20
14563 11138 149 50 11109 20175 38 2
4042 21933 43 0 21764 7462 56 20
3805 3543 130 43 11138 22033 76 24
2939 21506 45 3 3231 22251 39 22
4042 11109 69 20 20175 21933 34 2
3231 11138 115 40 22251 14563 46 20
21764 3805 105 23 3543 2939 48 22
21506 7462 60 22 22033 11109 91 24
20175 21764 42 5 3805 22251 66 2
22033 7462 22 0 14563 2939 70 28
11109 3543 76 20 21933 3231 27 20
4042 21506 92 0 11138 3805 172 43
22033 22251 22 2 21933 11109 49 20
3543 21764 69 40 21506 14563 31 0
2939 3231 93 2 20175 4042 78 5
7462 21933 7 0 11138 21764 123 45
