11618 10645 110 45 9895 8511 15 0
11617 19925 90 21 8492 10644 73 26
21859 15555 95 25 11193 11729 69 25
10644 11617 55 20 11618 9895 54 3
11193 8492 90 40 10645 21859 119 45
8511 11729 41 20 15555 19925 104 47
21859 11193 53 20 10644 9895 97 26
11729 8492 47 2 8511 11617 52 0
19925 11618 66 41 10645 15555 66 0
9895 11193 52 20 8492 8511 25 0
10644 10645 122 40 11729 15555 53 0
11617 11618 67 21 19925 21859 87 20
8492 9895 67 20 15555 10644 142 61
19925 11729 51 21 11193 11618 69 23
10645 8511 47 20 11617 21859 40 0
