22365 14725 212 45 22532 3123 31 0
22366 3736 13 0 22690 15858 87 20
17015 3101 214 49 22474 17115 27 0
516 21944 108 22 15006 3839 149 50
16389 22944 55 20 3830 13093 203 43
22367 506 74 24 20012 14226 66 20
3101 22473 83 20 22365 22690 106 5
22474 15006 191 53 22532 15858 3 0
14725 3839 159 25 22944 3736 29 10
17015 22366 133 20 14226 21944 64 22
13093 22367 136 23 17115 506 70 20
22473 16389 59 20 3123 516 121 25
3830 3101 124 45 20012 14725 137 50
22474 3736 22 0 14226 15006 202 65
506 22690 204 50 21944 22532 21 3
15858 17015 69 20 22367 16389 78 0
516 22365 115 20 22944 20012 134 38
13093 3123 216 43 3839 22366 40 0
21944 3830 131 28 22473 17115 34 0
22532 22367 4 0 16389 3101 120 25
3736 22365 36 0 516 17015 208 48
3839 20012 138 34 22474 22690 142 38
3830 22366 97 25 15006 506 169 49
22944 17115 72 20 3123 14226 114 40
15858 13093 110 26 14725 22473 162 35
3101 20012 164 35 3736 21944 9 3
16389 22365 66 20 506 22474 123 27
15006 3123 196 70 22690 17015 204 59
14226 22532 28 0 3839 3830 132 7
22473 22944 85 23 22366 22367 54 0
17115 516 67 0 15858 14725 143 30
21944 15006 163 40 22365 13093 123 23
3123 22474 86 3 3736 3830 107 20
20012 22532 118 38 17015 22473 125 24
506 15858 73 20 3101 22944 119 45
17115 3839 116 5 22366 16389 104 20
22690 14226 149 55 13093 516 200 29
14725 22474 138 43 22367 15006 99 25
