12488 15458 101 2 19735 20719 65 20
16740 22050 13 10 7149 11241 123 25
22261 12441 46 2 9848 9533 113 20
16102 19772 45 22 14498 13747 76 20
21480 10975 11 3 6037 5387 37 2
20205 12866 27 0 17036 20204 148 14
19735 3944 54 0 22050 18241 37 0
20719 22261 105 26 19772 7149 0 0
16102 9848 81 22 12488 10975 76 24
6037 15458 18 3 20205 16740 59 3
20204 13747 126 2 11241 3944 22 0
12866 5387 46 3 18241 9533 159 43
14498 12441 28 0 21480 17036 104 15
16102 19735 91 28 22261 20205 167 27
22050 13747 53 10 20719 9848 96 0
11241 12488 89 24 6037 12866 53 3
3944 19772 64 20 15458 21480 52 3
7149 5387 135 28 12441 20204 79 2
10975 14498 48 0 18241 16740 77 0
17036 6037 86 24 9533 19735 88 20
13747 12866 15 0 22261 15458 79 6
20204 21480 69 4 16102 22050 57 2
18241 20719 54 5 12441 11241 27 10
9533 7149 141 45 3944 10975 54 20
16740 12488 90 4 19772 17036 89 52
9848 14498 107 0 5387 20205 57 3
20204 18241 116 10 22261 6037 77 27
15458 11241 67 22 9533 16102 87 12
19772 12441 119 22 10975 22050 79 10
7149 20205 85 13 13747 12488 138 20
21480 9848 100 2 16740 19735 70 25
3944 20719 118 10 12866 14498 44 3
17036 16102 114 32 5387 22261 106 25
