18071 6455 46 0 4454 20000 8 0
22336 10064 11 0 16335 21962 105 22
8080 14785 68 0 8790 22058 18 0
21962 9840 119 40 20000 18071 31 2
4454 16335 38 0 8790 8080 82 10
14785 9840 110 40 6455 22336 20 0
10064 8790 23 2 18071 22058 65 0
4454 6455 58 0 21962 22336 39 0
14785 20000 22 3 8080 10064 68 0
22058 4454 69 0 9840 16335 70 20
10064 18071 58 3 6455 14785 35 20
21962 8080 78 20 22058 9840 126 20
16335 22336 34 2 8790 20000 21 2
9840 4454 86 20 14785 10064 68 20
16335 8790 0 0 21962 6455 58 20
22058 8080 70 0 22336 18071 66 0
20000 21962 87 20 4454 14785 80 20
