12398 19717 62 2 17332 18570 86 31
17977 22306 21 2 21848 19955 41 20
16617 22304 158 25 11986 19782 80 35
16730 19956 5 2 18801 13755 66 0
18838 9778 104 15 14608 17028 63 20
19957 17198 22 2 22304 20145 31 2
16617 21848 113 20 18570 18801 106 40
11986 14608 90 15 19955 12398 78 50
17198 9778 90 10 16730 17332 25 2
20145 13755 58 20 17977 18838 52 2
19782 22306 95 23 19717 19957 60 6
17028 18570 94 20 19956 17198 43 0
18801 17332 21 0 14608 17977 30 0
22306 18838 27 0 16617 16730 94 22
19955 20145 77 25 19956 19717 85 14
12398 13755 57 20 9778 19782 73 30
17028 11986 43 0 19957 21848 40 5
22304 16730 29 5 19717 17977 43 10
17198 16617 134 20 13755 14608 54 5
17332 19956 27 0 22306 11986 84 12
18838 12398 128 28 21848 22304 25 0
9778 19957 48 0 18570 19955 58 25
20145 18801 37 0 19782 17028 56 20
19717 11986 79 21 17198 18838 56 13
19957 17977 15 2 12398 16617 180 40
14608 18570 109 20 20145 16730 12 2
22306 22304 45 2 18801 9778 41 20
19955 17028 74 0 13755 17332 35 0
19956 21848 43 20 19782 14608 88 20
