11794 18421 52 22 16647 18625 48 20
15477 6174 12 0 7613 18420 87 20
16817 10369 50 0 9695 15058 0 0
14254 11365 76 20 14624 3666 0 0
18538 11794 55 3 6174 7613 54 2
10369 9695 63 20 18625 15477 70 0
15058 18421 20 0 14624 14254 22 20
3666 16817 12 0 18420 18538 35 20
6174 11365 56 0 16647 9695 7 4
15058 14254 54 20 7613 18625 46 20
15477 3666 6 0 14624 11794 67 3
11365 10369 48 0 18421 16817 46 20
18420 16647 77 5 18538 15058 24 0
18625 9695 37 10 3666 7613 71 3
11365 16817 25 0 15477 11794 39 3
18538 6174 67 24 14254 18421 85 20
16647 14624 22 0 10369 18420 79 40
15058 7613 31 3 3666 11365 25 12
9695 15477 12 0 18421 18538 38 0
11794 18420 94 35 14254 10369 103 40
18625 14624 55 20 16817 6174 62 20
7613 15477 43 3 15058 16647 20 0
