8245 4466 65 20 18489 21782 29 12
3565 9725 33 2 15943 20340 101 20
18224 19411 114 43 14875 18524 117 40
18153 1 111 30 18438 3615 121 25
6032 8245 42 0 15943 20613 68 0
18524 18489 98 35 9725 14875 74 20
20340 18153 65 10 19411 1 154 40
6032 18438 206 40 4466 3565 131 35
21782 20613 89 10 3615 18224 143 20
1 15943 114 0 14875 19411 101 20
18524 8245 136 25 3565 18153 220 50
18438 9725 231 52 18224 20613 74 30
20340 21782 38 0 6032 18489 58 0
4466 18524 93 25 3615 15943 79 24
19411 9725 58 20 8245 18438 183 30
18153 14875 111 10 21782 6032 42 0
3565 18489 108 15 20613 1 85 20
4466 3615 5 0 20340 18224 122 40
18438 21782 229 52 18524 15943 97 20
1 6032 127 40 9725 8245 92 0
18489 19411 59 20 3615 3565 100 20
20613 14875 99 10 18153 4466 49 10
8245 20340 33 0 18224 18524 111 25
19411 3615 90 20 9725 6032 63 20
1 3565 165 60 21782 4466 61 0
15943 18224 100 40 18489 18153 44 0
20613 18438 243 60 14875 20340 57 20
