12377 12923 101 45 6762 8942 71 24
40 5518 34 20 20151 15668 30 0
21503 20188 169 48 18813 22984 144 43
13251 10132 59 0 13965 9650 42 0
17703 18978 81 20 21691 18843 108 10
19462 22096 65 20 18366 5017 40 3
12923 40 63 20 5518 22984 114 40
9650 18813 116 4 20151 8942 106 20
15668 21691 12 0 10132 20188 128 24
5017 17703 120 0 13251 6762 23 2
18978 13965 147 40 18366 21503 142 59
18843 19462 140 40 22096 12377 79 40
22984 21691 83 20 9650 5518 8 0
10132 18813 124 8 5017 12923 85 25
40 6762 24 2 20188 18366 210 29
12377 20151 43 20 13965 17703 104 40
18843 13251 116 22 21503 19462 117 24
8942 15668 74 25 22096 18978 82 40
6762 18366 111 20 18813 5518 132 48
20188 9650 119 49 17703 12923 97 44
13965 5017 72 28 40 18843 144 22
15668 22984 104 20 13251 12377 40 22
19462 20151 69 20 18978 10132 93 20
8942 22096 92 40 21691 21503 70 6
5518 5017 92 43 20188 13965 76 24
18366 18843 119 25 15668 9650 95 25
18978 18813 109 0 12377 40 45 0
22984 8942 131 40 17703 19462 150 44
12923 20151 76 25 21691 13251 37 2
21503 22096 109 44 6762 10132 39 0
