15583 16309 135 22 8136 18463 97 25
10127 20218 124 20 13399 18464 65 3
15504 9849 118 2 21858 13498 89 3
19815 7532 125 23 18775 22093 57 0
21806 9960 52 0 12381 13737 171 23
3409 13435 107 27 21485 11102 101 10
5227 15583 84 25 21487 18464 100 13
20218 22093 61 0 13498 15504 55 2
12381 10127 135 28 7532 8136 52 2
21858 19815 118 20 21806 13435 18 3
11102 21487 76 35 18463 13399 118 25
21485 9849 136 40 13737 18775 117 0
3409 16309 179 49 5227 9960 95 20
22093 21858 103 10 15583 20218 45 3
21487 15504 66 12 10127 21806 55 3
13737 8136 92 0 11102 13399 146 28
12381 18775 62 23 13435 5227 112 22
9960 7532 140 23 9849 18463 164 20
19815 13498 65 23 21485 3409 99 20
16309 22093 192 35 18464 13737 90 3
11102 12381 63 23 15504 15583 79 5
9960 21858 142 20 18775 21487 56 10
13435 7532 48 5 13399 13498 124 0
21806 21485 37 0 20218 16309 132 20
18463 5227 158 40 19815 10127 144 45
18464 3409 88 3 8136 9849 132 30
15504 13737 140 22 21487 13435 53 13
13498 18775 80 23 15583 21806 81 15
22093 11102 100 10 10127 9960 159 25
9849 13399 62 5 16309 19815 135 40
3409 18463 174 24 20218 12381 35 3
18464 8136 90 23 21858 21485 85 30
5227 21806 77 30 7532 11102 96 28
13435 15583 64 6 9849 10127 201 45
13498 21487 84 13 16309 12381 125 28
18775 18464 91 23 18463 15504 102 22
13737 21858 101 20 7532 3409 115 23
8136 20218 94 20 9960 19815 119 20
13399 21485 128 38 22093 5227 146 30
