8203 4798 43 20 21899 4707 116 25
12597 12973 154 40 9377 4812 29 0
13466 21375 40 21 5683 13053 121 34
4798 9377 37 0 4812 8203 45 20
13053 12597 203 40 5683 21899 35 5
21375 12973 157 41 13466 4707 151 40
4812 5683 46 0 8203 13053 72 24
12973 4798 98 20 12597 21375 74 41
21899 13466 47 25 4707 9377 134 35
4812 12597 88 0 21375 8203 72 1
13053 21899 157 20 9377 12973 73 20
4707 4798 90 20 13466 5683 72 25
9377 21899 78 20 21375 4812 67 20
5683 8203 75 25 12973 13466 99 20
13053 4707 138 40 4798 12597 69 20
