16687 14195 21 2 14129 15171 142 44
20167 20422 19 0 18365 19793 104 47
12499 1622 153 45 20355 8380 125 44
22650 21239 36 25 21303 20167 2 0
20422 1622 26 0 16687 15171 149 22
21239 14129 60 20 18365 12499 137 32
19793 20355 152 24 14195 21303 2 0
8380 15171 135 19 20167 22650 25 0
1622 19793 93 6 12499 21303 85 20
14195 20422 8 0 21239 8380 72 40
22650 18365 61 30 20355 16687 128 24
1622 20167 42 20 14129 14195 53 20
16687 8380 19 10 21239 20355 161 20
22650 21303 70 0 20422 14129 73 20
15171 18365 189 52 19793 12499 83 7
1622 20355 44 0 20167 21239 139 29
14195 12499 125 40 20422 22650 56 24
14129 16687 102 26 8380 19793 94 20
21303 18365 40 0 15171 14195 178 50
19793 22650 59 25 1622 21239 181 30
12499 20167 168 60 21303 16687 34 4
20355 14129 85 2 15171 20422 136 40
8380 21303 30 20 18365 1622 34 12
