8811 9386 282 55 12926 21171 198 58
16176 19564 100 34 21813 13227 129 43
13539 19897 186 30 19587 11563 30 20
20325 19567 49 20 19991 16272 143 25
17294 20410 192 44 20313 21354 46 20
16412 21330 158 52 13472 12791 169 40
8130 10143 85 5 7172 12977 243 40
6832 8565 63 35 13542 21235 80 20
9045 20336 118 24 18227 21932 133 40
21138 18270 225 74 21127 13552 152 20
20325 16176 151 24 13539 8811 108 27
13227 12926 85 23 16272 17294 105 25
21354 19587 83 20 21330 19564 151 29
12791 10143 196 40 20410 19567 78 20
13542 9386 161 40 11563 8130 47 20
21235 18227 144 40 19991 20313 100 20
20336 21813 232 51 13472 21127 162 24
18270 16412 181 65 21171 21932 99 40
8565 19897 187 60 7172 21138 229 69
13552 9045 93 45 6832 12977 10 0
12926 21354 180 40 16176 10143 109 46
21330 13539 195 26 17294 13542 91 24
20325 12791 214 55 9386 21235 64 23
20336 20313 134 49 19564 8130 48 0
8811 11563 133 3 18270 13227 143 26
7172 13472 229 70 18227 19567 114 25
16272 19587 55 0 8565 13552 94 10
21813 21138 95 20 16412 9045 159 40
12977 19991 143 45 21171 21127 99 43
21932 20410 152 40 19897 6832 63 25
8130 12926 125 25 12791 13539 160 20
10143 20336 132 48 17294 20325 177 47
20313 18270 252 45 21330 9386 169 61
19567 8565 127 50 19564 11563 80 20
21235 21813 101 45 13552 7172 214 50
19991 21354 163 0 13227 9045 52 20
13542 21932 142 40 21138 12977 119 44
18227 6832 169 50 19587 16176 95 20
19897 21171 201 63 13472 16272 114 10
16412 21127 124 40 20410 8811 138 3
9386 13539 83 23 19567 20336 93 29
13552 17294 102 24 19564 12791 115 30
12926 7172 222 65 18270 19991 179 70
21932 8565 176 40 10143 13227 111 53
21138 8130 120 44 21354 21235 68 20
19587 13472 102 24 9045 13542 142 45
21127 21330 154 23 16176 19897 117 49
16272 8811 171 23 6832 21813 138 5
11563 18227 173 45 20410 21171 168 38
12977 20325 175 50 20313 16412 106 40
10143 19564 152 35 13539 18270 204 65
12791 19991 162 45 20336 21138 154 45
13227 7172 225 70 9386 19587 78 26
21932 13552 150 20 21354 13472 36 20
21127 6832 68 0 19567 12926 112 15
8811 17294 136 43 19897 18227 221 50
11563 20313 120 40 9045 16272 154 25
12977 20410 150 40 21235 21330 91 43
21171 13542 71 23 21813 20325 218 50
8130 16176 125 40 8565 16412 183 50
