14417 4345 84 30 3791 9784 132 20
22177 8381 121 32 14969 7593 78 20
18233 21452 38 20 4475 21366 33 0
14969 8381 140 40 8375 14417 74 0
7593 21366 18 0 4475 9784 93 0
8375 3791 132 23 21452 22177 2 0
4345 9784 116 25 18233 8381 143 40
21366 3791 79 23 8375 4475 98 0
4345 18233 72 20 22177 14417 29 0
21452 14969 36 10 9784 7593 120 20
8381 14417 156 28 21366 22177 38 2
7593 3791 60 23 8375 18233 99 3
21452 4475 27 20 4345 14969 116 45
22177 8375 95 1 9784 18233 86 5
21366 14969 27 0 3791 4345 175 48
14417 4475 62 20 8381 21452 67 40
7593 8375 97 2 21366 4345 90 20
