14803 14639 63 22 20789 8500 26 0
9137 11453 123 0 13334 20731 82 23
4326 9681 97 20 19167 13475 93 20
21377 22519 22 3 21464 22053 7 0
17126 9384 56 20 9385 6496 43 20
9372 16568 20 0 5919 15740 74 5
20789 5361 56 22 4326 20731 102 22
9137 22053 15 0 14639 13475 115 22
8500 19167 130 45 11453 22519 41 3
9681 21464 22 0 9384 15740 98 26
5919 9385 0 0 14803 21377 69 20
6496 5361 110 20 9372 13334 60 20
14639 17126 17 3 16568 4326 34 22
20789 19167 68 22 9384 22053 78 20
21377 5919 0 0 15740 8500 190 43
11453 14803 73 20 6496 13475 83 0
20731 22519 21 3 9372 9385 9 0
5361 16568 19 2 21464 9137 3 0
13334 21377 41 20 17126 9681 23 0
15740 6496 101 23 19167 14639 77 23
8500 4326 59 0 9384 9372 111 40
22053 5919 50 0 5361 11453 61 25
9385 20789 27 3 9681 9137 11 0
16568 13334 41 22 22519 14803 54 23
13475 21464 105 20 20731 17126 63 3
9384 14639 67 23 5361 21377 41 0
9137 5919 18 0 6496 4326 115 20
22519 15740 165 26 11453 20789 22 3
22053 9681 116 23 16568 20731 59 5
9385 21464 27 20 13334 8500 136 43
19167 9372 47 20 17126 14803 72 20
13475 9384 121 20 20789 5919 9 3
