10016 18954 136 40 14947 8531 52 23
14946 22134 31 2 14938 12459 82 20
13019 12303 59 20 14757 8487 137 26
10803 15719 28 2 21518 14936 26 0
17155 15471 104 44 16355 14670 66 20
7689 15004 99 38 12294 14638 149 45
17181 14066 100 22 21522 7693 85 24
16734 14937 127 29 11717 14944 62 28
14939 14941 13 3 14033 22415 106 22
8531 20225 129 30 15770 14757 84 23
8487 12459 120 43 15471 21518 51 20
17155 15719 51 26 15004 14946 129 20
16355 10016 127 27 10803 7689 33 6
14938 14936 18 0 7693 14937 107 27
12294 16734 134 40 14066 14939 81 20
22415 14947 45 28 22134 14670 34 22
20225 14033 94 16 17181 13019 183 50
18954 11717 135 28 14638 21522 118 20
15770 12303 67 0 14941 14944 22 0
14938 8531 83 23 10803 15471 31 3
14937 12294 88 5 8487 17155 114 47
7693 7689 97 44 14757 22415 191 48
14670 17181 126 40 14946 16734 81 24
14638 14939 100 28 21518 22134 33 5
15004 21522 144 40 14941 10016 93 5
13019 15770 58 7 15719 18954 72 22
12303 11717 141 48 14936 16355 95 24
14033 14947 8 3 12459 14066 101 24
14944 8487 77 7 20225 7689 158 39
17181 14638 135 40 22415 10803 104 26
14937 14757 105 25 14946 14941 26 0
15471 14939 40 23 15770 7693 72 24
17155 14938 85 24 18954 12303 82 20
21522 14936 51 20 16734 14947 106 24
12459 14944 34 4 13019 15004 239 50
22134 16355 126 40 8531 14033 76 22
14670 12294 93 0 15719 10016 66 23
11717 21518 78 24 14066 20225 152 35
7689 14941 42 4 15471 17181 101 20
14757 10803 103 23 14939 17155 64 23
22415 13019 143 25 16734 14938 112 24
16355 15770 73 24 14937 14638 134 35
10016 14946 88 23 12303 7693 144 47
8487 15719 62 6 22134 11717 125 32
21518 21522 109 40 14670 14033 46 3
14066 15004 156 20 14936 8531 56 20
12459 20225 110 15 12294 18954 144 25
14947 14938 29 3 14944 10803 9 0
