9386 17348 68 5 18871 13142 27 0
22418 21683 140 20 13140 18121 133 5
13552 12430 165 25 16272 22419 58 25
20483 17011 76 40 20482 13141 85 20
8204 22527 95 20 13539 22528 130 40
21988 21171 121 39 13542 21743 132 38
13142 17385 70 5 21987 22419 17 0
20483 17348 75 45 21683 16272 127 30
18121 18871 106 13 13539 13552 90 40
13140 8204 111 45 13542 20482 133 12
22528 21987 30 20 9386 21171 174 59
13141 22418 32 0 21988 17385 71 20
21743 22527 47 10 17011 12430 98 44
13142 13140 66 40 18121 20483 123 20
17348 20482 131 45 13552 21171 156 53
22528 13542 91 44 16272 13141 111 10
22419 21988 8 0 22527 21683 54 10
17011 18871 96 24 17385 8204 111 25
21987 22418 27 0 13539 12430 130 20
21743 16272 87 30 9386 18121 130 20
21683 13552 138 20 13141 22528 54 20
22527 17385 134 20 17348 13542 86 36
8204 20483 144 40 12430 21988 40 0
22419 13539 70 20 20482 9386 73 40
18871 13140 100 10 21743 21987 43 10
21171 17011 177 59 22418 13142 33 0
18121 13141 128 8 12430 17348 121 20
17385 21683 98 5 8204 9386 90 26
13542 13552 180 44 20483 21987 101 20
20482 13539 141 20 13142 21743 15 0
13140 16272 153 40 21171 22527 102 27
22528 22419 71 20 22418 18871 57 5
21988 18121 87 0 21987 17011 88 20
12430 13542 122 40 21683 13142 60 20
21171 13539 160 47 17385 20483 141 45
13141 21743 20 10 22419 8204 82 25
17348 22528 130 45 17011 13140 92 24
13552 9386 60 25 22527 22418 35 0
16272 20482 126 40 18871 21988 58 25
