21229 21301 211 57 14179 7760 194 70
7759 19834 100 8 9330 21370 145 20
21312 18282 76 0 22152 20345 206 50
19745 18225 127 20 17610 7676 66 21
22153 22196 94 25 11487 16864 20 0
7198 11970 101 5 13648 15117 70 20
22318 19834 42 20 18282 14179 233 50
21312 18225 160 40 7759 21301 23 8
21229 11487 167 50 9330 22152 164 52
7760 21370 59 0 13648 19745 305 0
17610 22318 45 22 15117 22153 77 0
11970 16864 125 20 7676 20345 68 24
22196 22152 147 53 7198 21301 94 20
11487 18282 51 20 19745 7759 164 44
13648 18225 109 25 19834 21229 121 50
14179 21312 139 50 7676 22153 123 40
15117 20345 132 26 22196 9330 99 21
21370 7198 133 20 16864 22318 75 21
7760 17610 64 20 11970 22152 87 32
21301 22153 83 24 19834 19745 66 25
15117 7676 86 21 18282 21229 172 70
9330 13648 120 25 16864 21312 91 3
11487 14179 158 50 21370 17610 105 0
20345 7760 121 52 18225 7198 104 35
11970 7759 293 73 22318 22196 93 23
22153 13648 86 15 21301 18282 173 47
22152 16864 150 32 19745 15117 131 0
19834 7676 111 41 7760 11487 61 25
14179 9330 173 30 18225 11970 116 30
20345 7198 137 24 7759 17610 86 24
21370 21229 176 50 22196 21312 62 20
22318 19745 83 0 11487 13648 50 0
