14917 20319 19 0 19299 18253 117 20
12997 11546 88 25 11770 13125 46 40
3526 9324 56 20 22427 16287 31 1
21786 20406 40 0 542 19298 27 0
13125 12997 26 20 20320 19299 49 0
22427 18253 155 20 11546 16287 38 7
21786 542 44 0 20319 9324 32 0
20320 19298 63 20 3526 14917 56 21
11770 19299 34 0 16287 20406 39 21
12997 22427 15 0 18253 21786 82 20
3526 20320 86 5 542 11546 26 0
14917 19298 32 0 9324 11770 63 20
20319 13125 59 20 20406 22427 24 0
542 3526 76 3 19299 12997 5 0
21786 20320 26 0 18253 11770 150 40
20406 11546 74 20 9324 14917 25 0
13125 16287 37 21 19298 20319 53 0
11770 542 22 0 18253 3526 112 0
20406 9324 50 20 20320 12997 21 0
19298 19299 40 10 11546 22427 76 30
16287 14917 86 21 13125 21786 77 40
20319 18253 76 22 12997 3526 67 25
