16433 21231 83 20 21739 9339 60 0
9567 12076 106 20 9487 15341 60 0
11545 13189 64 23 8161 15342 66 10
12693 12695 19 11 22503 20229 7 0
17520 21231 157 39 5039 10274 31 20
16433 21739 85 0 11545 9487 67 14
12693 22503 23 1 9567 8161 118 15
12076 15341 43 2 20229 5039 15 0
10274 12695 17 0 13189 9339 75 20
9487 17520 99 24 15342 12693 33 0
16433 8161 69 30 21231 12076 55 20
22503 10274 60 20 15341 11545 73 23
15342 5039 39 0 12695 21739 46 0
20229 9567 87 25 17520 9339 100 29
13189 10274 56 20 12076 12693 50 0
5039 22503 28 20 15342 16433 141 20
11545 21231 69 0 12695 9567 114 25
13189 15341 53 0 17520 21739 152 31
9339 20229 36 20 8161 9487 106 24
9567 15342 116 5 10274 16433 108 40
12076 17520 155 31 21739 22503 21 0
20229 9487 29 0 21231 13189 70 0
9339 5039 83 40 12693 11545 50 30
12695 8161 18 0 15341 16433 110 30
