22977 21078 128 30 23073 23059 50 0
21178 17800 39 20 23061 21036 140 25
16050 19194 31 10 19193 17801 151 50
21084 21083 45 2 16055 19188 88 0
22660 16786 215 40 16062 16043 59 20
23069 16049 157 40 21085 18066 59 21
20858 17731 186 24 21086 22374 26 0
22708 21069 36 20 16058 14391 82 20
23055 18613 136 40 16051 17799 3 0
21077 23060 100 20 21342 23072 82 2
17742 17730 90 23 17893 16041 78 0
16053 17728 106 25 17729 16056 37 0
21222 19192 45 4 21223 21081 44 0
16054 16052 2 0 21078 19191 92 10
23061 17801 115 20 18066 16062 32 0
20858 23073 86 23 21178 22660 46 40
21036 22374 132 30 21083 19194 32 0
21085 23055 124 20 17731 17800 103 4
23072 19188 107 20 22708 16050 40 20
23059 17742 48 10 23069 19193 187 40
23060 16049 107 20 22977 16053 97 34
16041 17729 94 40 18613 21223 92 5
16043 16055 138 20 14391 17799 47 22
16052 21222 68 20 17728 21086 127 45
17730 16056 27 0 21069 16786 88 20
19192 16051 62 24 21077 16058 122 40
21342 17893 92 0 21081 19191 48 0
21084 21036 165 25 16054 21085 59 0
23055 20858 173 43 17742 23061 63 0
22660 19193 199 59 21083 16053 100 33
18066 23072 54 30 18613 22374 97 21
23059 17800 101 23 16049 22708 106 20
16055 16041 110 0 21222 23060 82 22
19188 22977 162 24 17799 21178 27 2
14391 21223 86 40 16786 21077 201 40
17728 21081 119 20 23069 17731 122 44
16062 21342 42 0 16058 21078 125 30
16051 16050 23 2 16052 21084 85 22
23073 17893 27 2 16056 16043 73 10
17730 19192 202 25 19194 19191 72 23
17801 17729 72 20 21069 21086 28 2
16041 22660 108 24 16054 23059 3 0
17800 22977 124 31 23072 21222 39 2
21223 16049 87 11 19188 23061 107 0
19193 22708 114 20 23055 17728 158 45
21078 14391 105 32 16053 17742 45 20
16058 21083 88 20 18613 21085 81 20
22374 16062 44 1 16056 16052 49 20
17893 16050 76 0 19192 23060 161 27
19194 16055 104 27 20858 21342 93 25
19191 21178 123 40 18066 21069 11 1
17731 16043 105 24 17801 21084 78 2
17799 23069 102 20 17729 17730 114 23
21081 16054 32 2 16051 16786 95 22
23073 21086 48 10 21036 21077 198 40
21078 17728 118 22 21085 21223 69 1
22977 16062 135 4 23055 21083 66 23
16053 19192 106 33 23059 18613 80 20
23072 16058 50 0 16055 17742 94 20
19194 18066 33 0 19188 21222 106 12
17731 21342 97 22 16050 23061 96 0
21069 16052 61 20 23060 20858 176 45
16043 16054 90 40 22374 17730 93 3
19191 23073 26 10 17800 16051 92 22
21178 21084 76 22 16041 14391 87 20
17799 19193 107 7 16786 17893 121 30
16056 22708 45 10 21086 23069 51 20
21081 22660 67 24 17801 21036 133 29
17729 21077 130 40 16049 21078 91 22
21222 23059 45 2 16050 23055 108 20
23061 21085 107 20 16052 23072 106 30
17728 19188 129 20 19192 20858 121 25
21223 16053 42 0 16043 16051 120 24
17742 18613 65 20 16062 21178 49 22
14391 19194 121 22 17893 17731 84 20
23060 17799 83 20 22708 23073 10 0
21083 18066 58 41 17730 21081 101 20
22374 17729 70 21 22660 16055 150 49
16786 17801 130 45 21342 23069 63 2
21036 16058 166 29 16049 16041 117 20
21077 21069 158 30 21084 22977 74 2
19193 16056 174 40 17800 16054 118 43
21086 23061 56 0 19191 23055 125 20
