10265 12427 25 0 5439 6387 58 0
10588 10106 62 10 5119 3658 74 20
3505 3591 87 20 16498 3592 94 20
10588 3658 153 16 10106 10265 13 0
5119 16498 56 2 12427 3591 29 4
6387 3505 35 0 3592 5439 48 10
16498 10265 89 6 5119 10588 99 0
10106 12427 12 0 3592 3505 55 1
5439 3591 43 12 3658 6387 162 40
12427 3592 45 12 10588 10265 64 20
3658 3505 164 40 6387 5119 24 0
10106 5439 21 2 3591 16498 80 12
3658 3592 195 26 12427 5119 23 2
3591 10588 59 22 3505 5439 87 10
10265 6387 66 20 16498 10106 98 16
3592 5119 37 11 5439 10588 36 0
3505 16498 102 34 10265 3658 178 56
6387 12427 112 2 3591 10106 39 24
