7288 14556 174 60 11117 20075 97 43
13603 9205 147 21 19706 7231 123 49
10273 19566 73 20 18555 3558 180 28
14779 16917 191 45 12761 11873 114 52
16232 17287 146 38 8962 18535 127 26
21305 3764 145 48 14188 22161 186 30
3558 10273 142 29 20075 13603 220 44
18555 7288 158 54 7231 16917 125 20
12761 17287 132 28 11117 19706 137 30
22161 16232 196 29 9205 19566 134 47
14556 11873 107 49 14188 18535 233 49
21305 14779 121 28 3764 8962 162 43
13603 18555 178 42 7288 12761 145 48
22161 10273 137 24 16917 17287 188 45
14188 11117 155 40 7231 16232 159 48
14779 18535 145 49 20075 9205 123 30
19706 3764 193 62 19566 14556 121 35
11873 3558 109 25 8962 21305 132 34
18555 14188 188 28 22161 11117 120 20
7231 13603 217 59 17287 14779 117 40
3764 19566 100 20 18535 16917 123 20
8962 9205 163 27 10273 14556 125 55
12761 20075 118 46 21305 16232 217 53
11873 19706 136 43 3558 7288 145 25
19566 14188 148 25 13603 14779 229 60
16917 8962 109 43 9205 11117 132 24
17287 21305 167 44 14556 18555 91 0
18535 7231 194 51 3558 12761 91 20
19706 20075 118 25 11873 22161 110 23
16232 7288 175 45 10273 3764 101 48
16917 13603 181 64 14556 21305 182 55
9205 3558 163 32 17287 14188 116 0
20075 7231 68 20 19566 8962 117 23
16232 19706 145 50 14779 18555 124 26
11117 10273 77 32 3764 11873 153 37
18535 12761 118 43 7288 22161 166 50
