10136 10538 98 20 20332 21914 79 45
10812 10137 5 2 15819 11729 51 9
15465 15004 163 33 8603 11618 53 20
15358 22415 68 2 11617 10016 131 11
17768 5954 96 10 14109 7043 80 40
8487 10035 63 20 5291 11231 46 2
21914 10538 47 40 8603 11729 14 0
20332 11617 48 5 10812 15465 67 8
10016 7043 118 40 15819 11618 86 26
22415 10136 76 5 5291 14109 18 0
15004 10137 103 25 5954 11231 115 33
10035 15358 99 24 8487 17768 60 0
10016 11618 129 25 11729 20332 91 45
7043 8603 55 20 10136 11617 75 8
11231 15819 120 43 14109 15465 89 40
5954 10035 131 30 10538 15358 101 24
22415 8487 51 0 15004 10812 105 20
21914 5291 76 13 10137 17768 49 0
11729 10016 128 40 11231 10136 78 23
20332 14109 95 25 15358 8603 89 24
15465 8487 84 30 10538 7043 27 0
11618 10137 51 21 10035 22415 65 4
17768 15819 106 20 11617 15004 144 23
10812 5291 47 13 21914 5954 57 2
10136 11729 39 0 15465 15358 72 25
11231 20332 167 50 7043 22415 76 20
14109 11617 30 0 10137 8487 49 2
10538 10812 66 20 11618 17768 56 22
15004 10016 199 47 10035 21914 103 40
8603 15819 64 25 5954 5291 64 12
