15471 8531 38 30 7693 14757 115 30
16734 15004 140 28 17181 8487 141 40
22134 22415 48 25 13019 14066 36 20
7693 18954 119 48 15004 14757 146 48
8531 22134 51 23 13019 8487 74 20
18954 15471 75 30 22415 16734 69 25
17181 14757 124 43 14066 22134 44 20
8487 15004 124 23 13019 22415 86 20
14066 16734 93 40 7693 8531 95 44
18954 17181 133 40 15471 13019 23 0
15004 7693 191 49 22134 16734 85 20
8487 15471 63 20 14066 18954 67 40
22415 17181 150 45 14757 8531 126 43
22134 13019 61 40 16734 15471 55 30
8487 22415 116 25 17181 7693 71 44
8531 14066 82 40 15004 18954 175 40
14757 13019 92 43 8487 7693 126 44
