16687 8380 63 0 22650 20355 32 22
20167 12499 24 20 14129 18365 75 18
14195 21303 16 0 20422 19793 115 23
15171 1622 118 30 21239 20167 115 20
16687 20422 47 30 8380 18365 78 30
22650 14195 6 2 1622 14129 51 40
20355 19793 116 28 12499 15171 211 55
21303 8380 95 25 21239 14129 78 40
1622 20167 73 40 20355 16687 38 2
14195 12499 22 0 21303 15171 95 20
18365 19793 83 21 22650 21239 145 45
1622 12499 95 40 8380 20422 69 0
19793 14129 122 20 18365 16687 45 12
20355 21239 140 10 14195 20422 49 0
21303 22650 4 2 15171 20167 158 70
14129 20355 27 24 19793 1622 123 23
16687 22650 37 4 12499 21303 66 20
15171 18365 176 45 8380 14195 39 0
20422 21239 137 25 20167 22650 43 22
18365 21303 31 0 1622 20355 91 25
20422 15171 128 35 14129 16687 78 22
20167 8380 68 0 19793 14195 66 20
21239 1622 175 35 12499 16687 65 4
