9792 14199 98 24 19968 7547 29 3
12719 13051 10 2 8895 288 101 20
4982 14257 55 3 11684 7525 144 47
19968 9792 84 6 288 12719 110 24
7547 8895 23 0 14257 11684 92 23
13051 4982 3 0 7525 14199 40 0
11684 8895 52 0 9792 288 132 40
14199 12719 52 0 14257 7525 60 3
13051 19968 35 2 7547 4982 31 3
14199 14257 71 2 8895 9792 80 44
19968 11684 108 23 7525 13051 105 32
288 7547 76 4 12719 4982 29 3
7525 9792 171 31 8895 13051 32 20
7547 14257 56 23 14199 288 138 24
4982 11684 70 0 12719 19968 24 2
288 7525 207 51 9792 7547 79 4
11684 12719 30 0 13051 14199 28 0
14257 8895 15 3 4982 19968 45 3
