22120 14624 56 20 22265 15135 5 0
10984 19728 41 0 12767 201 83 20
12889 10523 9 0 15461 202 9 0
20679 14584 4 0 21579 15058 28 0
22265 19728 65 0 3666 10984 19 2
202 201 0 0 15461 22120 73 41
20679 12767 111 40 12889 15135 26 0
14584 3666 47 20 14624 10523 8 0
15058 22120 75 20 19728 21579 89 20
201 22265 15 0 12889 20679 16 0
3666 15461 40 1 12767 14584 71 40
10984 21579 60 20 202 14624 2 2
15135 15058 15 0 10523 201 22 0
22120 19728 158 40 14584 12889 34 20
3666 14624 45 0 20679 202 20 20
10984 15135 56 10 15058 15461 30 1
10523 12767 63 20 21579 22265 61 20
201 12889 20 0 14624 14584 93 20
15135 15461 47 3 19728 3666 79 26
15058 202 34 2 22265 12767 89 20
10523 20679 3 0 22120 10984 111 20
21579 12889 57 20 201 3666 44 0
