22068 14954 112 48 18174 3537 94 51
13246 6518 70 10 8793 16501 164 43
19932 8971 79 45 15455 9864 140 56
22138 21945 55 0 18505 11329 245 61
19366 17994 22 0 13295 8149 135 47
11272 13377 190 20 12014 20430 90 24
535 22444 106 24 14596 13414 138 36
15455 14954 151 40 22068 13246 73 31
8793 19932 90 43 3537 11329 233 61
18505 13295 136 29 16501 9864 183 49
17994 12014 54 0 18174 22138 78 6
8971 19366 99 25 20430 535 140 20
21945 13377 139 40 13414 22444 116 28
6518 14596 152 44 8149 11272 168 43
13295 11329 182 48 14954 13246 101 33
22068 16501 150 28 19932 22138 45 0
3537 19366 133 45 12014 15455 187 40
535 18505 106 23 13377 18174 144 14
9864 21945 189 48 14596 11272 152 29
13414 6518 131 40 17994 8971 136 25
8149 20430 193 45 22444 8793 53 20
16501 12014 228 48 11329 22068 179 61
13246 18174 126 40 19932 19366 78 20
15455 14596 103 4 13295 13377 123 45
14954 535 147 40 21945 6518 103 40
22444 3537 138 25 8971 22138 67 25
8149 13414 128 43 9864 20430 247 45
18505 11272 182 49 17994 8793 89 28
11329 14596 237 72 19366 22068 128 45
16501 18174 124 27 21945 15455 95 40
22444 19932 125 44 12014 13295 125 23
13377 8971 165 45 14954 8149 144 43
20430 3537 192 50 6518 18505 134 46
22138 13414 59 0 11272 13246 194 31
9864 8793 157 31 535 17994 74 5
