10405 22176 5 5 22714 22393 7 4
22853 22713 4 2 22852 18514 2 2
22745 5175 4 0 22744 22135 2 0
22170 21338 4 2 22709 22853 4 2
22852 22744 1 0 22135 10405 17 0
22709 22714 0 0 18514 22745 13 0
22713 21338 8 0 5175 22176 7 0
22745 22393 4 2 22170 22852 0 0
10405 22713 7 0 21338 22709 9 0
22135 22170 0 0 22176 18514 17 0
22744 5175 7 0 22393 22853 6 2
22714 22170 0 0 22713 22135 0 0
22853 22176 5 2 10405 22745 4 0
18514 21338 35 22 22393 22744 2 0
22709 22852 4 0 22714 5175 23 20
22393 10405 2 0 22713 22745 4 0
22135 22714 0 0 21338 22853 9 2
22744 22709 0 0 22176 22852 0 0
18514 22170 40 20 5175 10405 27 20
