22345 12789 107 0 17630 22880 69 5
7078 22346 89 40 21689 11536 82 20
12494 12758 113 27 18151 20910 64 0
17700 15534 174 22 7135 20726 43 0
11536 15343 105 25 16209 12789 102 43
22345 17630 65 0 7078 20910 43 20
21689 7135 59 20 20726 12494 74 3
16209 17700 78 24 18151 22346 95 30
12758 15343 197 40 15534 22880 128 34
21689 12494 24 2 11536 17630 109 20
22346 22345 72 40 12789 7135 74 22
20910 20726 77 20 15343 16209 153 53
22880 7078 43 0 15534 18151 185 35
17700 11536 91 40 12758 22345 168 25
17630 12494 60 7 22346 15343 155 32
22880 18151 90 10 20726 21689 69 20
7135 16209 68 23 12758 7078 129 25
20910 15534 177 31 17700 12789 71 40
18151 21689 80 20 15343 22345 186 25
20726 12758 140 40 22346 17630 90 20
12789 7078 112 40 12494 17700 64 23
20910 11536 82 0 22880 7135 47 0
15534 21689 176 53 16209 17630 84 44
