10656 22046 68 2 13460 7880 67 23
5094 19715 35 4 15201 7247 52 2
20404 7247 82 20 9203 8922 14 0
5094 10656 67 26 22046 20404 51 0
8922 15201 32 0 9203 13460 61 20
19715 9203 38 0 10656 7880 22 3
20404 7880 17 0 15201 13460 68 23
19715 8922 21 0 22046 5094 39 4
7880 9203 30 2 7247 5094 76 20
13460 20404 21 0 19715 22046 25 0
10656 15201 17 2 8922 7247 46 20
7880 19715 29 3 8922 10656 17 3
22046 13460 77 20 7247 9203 43 0
5094 15201 70 24 20404 10656 53 3
9203 22046 22 0 15201 19715 19 0
13460 8922 68 3 7880 5094 50 10
7247 7880 75 30 15201 20404 48 0
