19208 17257 60 5 19181 11047 151 40
19170 19178 76 0 20907 22897 108 33
22907 22848 81 37 19153 19182 95 4
20908 19180 78 2 22894 19177 82 20
19908 20685 86 15 22666 19213 161 40
22900 19207 108 23 19183 20826 23 0
22657 19154 55 20 19209 22719 113 20
19185 19184 78 6 22847 19217 20 2
19178 20908 116 4 22848 11047 119 14
22894 17257 116 20 20907 20685 129 0
19181 22666 3 0 19207 19153 128 28
22657 19908 52 0 19170 22900 96 2
20826 19154 94 20 22897 19185 50 10
19184 19180 68 5 22907 19183 62 0
19182 19177 84 20 19209 22847 134 0
19213 19217 77 4 22719 19208 84 40
19153 22657 65 24 20685 20908 69 5
22848 19185 64 5 19207 19170 199 36
20826 19181 54 0 19180 19908 58 25
22847 22900 70 0 19154 20907 62 0
19182 19183 103 0 19213 17257 147 13
22719 22666 86 24 19177 19178 51 20
11047 22907 142 33 19217 22897 35 0
19184 19209 60 2 19208 22894 107 6
20907 19153 94 11 19908 19185 136 25
19207 22847 70 21 20908 19213 151 34
22900 22719 108 44 17257 22848 111 28
11047 19182 233 44 20826 19170 92 0
19183 19208 76 0 22657 19177 72 0
22897 19181 64 5 20685 19184 56 3
19217 19209 120 7 19180 19178 69 0
22907 19154 102 3 22666 22894 100 48
19153 19170 10 0 17257 22847 139 9
22719 20907 85 20 11047 19207 166 45
22897 22900 64 4 19208 19182 129 24
19213 20826 134 14 19177 19184 33 0
19178 22894 92 20 19183 19181 141 0
20685 19209 94 5 19185 22907 41 3
22848 22666 87 12 19180 22657 14 0
19217 20908 109 2 19154 19908 118 25
