13269 12397 50 22 13523 22320 57 12
12448 13265 82 20 12453 18629 35 0
13581 12394 28 0 17072 12393 42 0
14676 18630 12 10 14675 18260 4 2
13512 14679 18 2 13580 17203 5 0
12393 13523 8 2 22320 12448 109 30
18629 17072 57 0 14675 12397 54 20
18630 13581 10 0 14679 13265 20 0
17203 12394 6 0 12453 14676 58 20
13512 13580 37 2 18260 13269 20 12
22320 14679 46 0 13523 14675 17 2
12448 17203 54 20 17072 18630 29 0
13265 12394 29 0 12397 13580 49 20
12393 12453 64 0 13512 18260 32 2
14676 18629 52 10 13269 13581 28 0
14675 12448 34 20 12394 13580 11 0
18630 17203 35 0 12397 12393 74 20
12453 13269 77 20 14679 17072 8 0
18260 22320 26 2 18629 13581 52 10
13265 13523 40 0 14676 13512 21 2
13269 14675 17 0 17203 12393 26 0
18260 12397 56 22 14679 12448 73 20
13580 13523 20 0 13581 12453 56 0
18629 13512 63 2 12394 18630 24 0
22320 17072 30 0 13265 14676 29 0
