19398 14762 7 2 7788 18515 0 0
17320 10802 4 2 4641 19420 20 4
10095 22614 17 15 22495 16840 54 2
10802 19420 10 10 13073 7788 32 2
14762 18515 11 0 16840 4641 17 10
13073 22495 12 2 17320 19398 17 2
19420 10095 15 2 22614 14762 14 2
22495 4641 10 2 16840 13073 8 2
17320 10095 47 15 10802 18515 30 2
7788 19398 34 2 16840 22614 41 0
10802 22495 42 0 14762 19420 35 0
18515 17320 12 0 22614 13073 23 4
19398 4641 26 2 10095 7788 3 0
18515 16840 9 0 19420 22495 21 0
13073 17320 21 2 10095 14762 26 0
22614 19398 36 4 4641 10802 42 4
7788 16840 31 0 22495 17320 29 2
