21656 18735 61 20 22681 14029 148 20
12989 22734 103 20 15811 19967 185 35
22646 12201 103 0 17106 14872 59 0
17019 21850 51 20 21953 22947 110 0
11808 18268 107 20 11226 15637 223 50
20669 12817 44 3 18833 15141 149 28
12201 18735 60 8 22646 22734 108 39
21850 21953 61 0 12989 21656 20 10
18268 17106 42 20 19967 22947 142 20
15637 12817 208 53 20669 17019 143 43
15811 11808 132 20 18833 14029 133 29
14872 15141 112 5 22681 11226 59 0
17106 21850 30 20 18735 18268 45 20
19967 21656 42 20 15637 20669 260 73
14029 22646 141 20 12817 12989 51 15
15141 22947 92 9 14872 11808 139 5
18833 21953 178 40 22734 22681 61 2
12201 11226 87 5 17019 15811 42 0
18268 21850 74 26 20669 22646 90 23
12817 14872 95 20 21656 11808 96 20
22734 15637 181 35 17106 14029 115 20
15141 18735 98 0 15811 21953 73 22
11226 17019 91 20 19967 18833 137 34
22947 22681 30 4 12201 12989 145 0
14029 22734 186 20 21850 14872 53 25
21953 20669 58 0 11808 22646 131 20
11226 19967 61 0 18735 12817 24 2
21656 18833 60 24 18268 12201 82 20
12989 17106 78 25 17019 15141 143 25
22947 15811 144 35 15637 22681 188 50
14029 20669 127 8 21953 11226 53 0
11808 19967 77 0 21850 12201 95 20
22734 17019 149 20 15141 18268 72 20
14872 12989 137 30 18735 15637 228 20
22646 21656 81 25 22947 18833 138 38
22681 15811 135 45 12817 17106 58 27
