21474 20336 120 29 21978 21327 21 0
19990 21870 91 25 22201 22038 60 20
8130 21965 22 20 9511 22332 36 20
21813 19991 100 25 22674 12167 8 0
22038 21978 71 0 21327 22201 40 0
22332 19990 98 20 20336 9511 92 40
21965 12167 110 10 21870 22674 76 20
19991 21474 90 49 21813 8130 52 20
9511 22201 42 10 20336 21327 77 25
12167 22332 61 20 19990 22038 39 10
21978 21474 101 26 21965 19991 121 25
21813 22674 61 20 8130 21870 113 20
12167 22201 47 0 22332 21327 52 20
20336 19991 95 20 21965 22038 73 10
22674 8130 36 24 19990 21978 111 20
9511 21870 84 40 21474 21813 111 49
22201 20336 92 20 19991 12167 107 25
21327 21965 75 20 8130 19990 10 2
22332 21978 61 20 21870 21813 120 40
22038 22674 81 0 21474 9511 86 23
