15005 8648 120 23 11235 8899 124 43
9788 14469 107 25 16277 21824 32 20
16244 14723 112 30 14167 21592 39 30
9788 15005 99 20 8648 14469 130 35
21592 11235 91 27 14167 16277 55 30
8899 14723 65 20 21824 16244 74 0
21592 9788 88 0 14469 11235 197 43
8899 8648 117 0 14723 16277 56 15
21824 14167 19 0 15005 16244 78 24
11235 14723 68 13 14469 8899 221 70
16244 14167 100 30 9788 8648 72 20
16277 21592 81 40 21824 15005 66 0
14167 14469 84 30 16244 8899 129 20
8648 11235 140 27 21592 21824 17 0
16277 15005 135 24 14723 9788 37 0
