22298 20105 41 0 18809 22310 20 0
18960 16413 46 20 19721 16415 52 22
18808 21908 52 24 22775 22260 7 0
19552 22845 29 0 19486 16424 24 20
22309 19721 83 2 19555 22298 27 0
22260 18808 19 0 16413 18809 26 0
16424 18960 34 0 19486 22775 16 0
21908 22310 91 16 19555 19552 45 4
22309 20105 72 20 16415 22845 43 20
19486 18809 20 0 19721 22775 15 0
22298 16413 54 40 16424 21908 91 8
19552 22309 16 0 18960 18808 21 0
22310 22845 29 0 22260 16415 30 0
19555 19486 21 0 20105 16413 64 20
16424 18809 51 20 21908 22309 88 18
22310 22775 42 0 22845 19721 55 2
20105 22260 65 20 19552 18960 29 2
16415 19555 25 0 18808 22298 51 22
16413 19486 91 40 22309 22310 52 0
19721 22260 86 20 20105 16424 64 20
16415 22298 32 20 22775 19552 45 0
22845 19555 22 0 18809 18960 84 0
21908 19486 157 64 18808 19721 86 0
