3734 9256 37 20 22008 18798 42 20
8811 10526 76 20 11085 15373 38 2
13227 127 66 40 19897 19587 57 20
6832 21235 45 0 11419 8514 22 0
18798 3734 19 0 15373 8811 51 20
10526 19897 57 20 19587 9256 73 20
22008 8514 32 0 127 21235 40 21
11419 6832 88 32 11085 13227 38 0
15373 3734 34 20 9256 19897 90 40
19587 8811 70 20 21235 8514 27 0
11085 11419 120 56 13227 22008 115 40
18798 127 52 20 10526 6832 68 25
21235 19587 111 20 9256 15373 73 40
22008 19897 119 40 8811 11419 90 52
6832 11085 78 25 3734 127 50 21
8514 13227 86 20 10526 18798 174 0
15373 19587 96 20 11419 22008 110 32
9256 8811 142 40 127 6832 67 40
13227 10526 32 0 21235 3734 44 0
19897 11085 85 0 8514 18798 36 0
