4324 8696 143 20 6603 7110 108 22
13532 12863 71 4 11142 6420 43 20
5143 6252 175 44 13206 9925 63 32
6458 4175 97 20 5094 6189 152 38
7196 20307 95 27 6661 5445 99 20
8813 8672 154 0 7400 7247 152 54
6420 9925 180 32 13206 4324 111 20
11142 5094 130 48 7110 5143 101 40
13532 6661 98 27 4175 6252 158 26
8696 8672 131 20 8813 20307 84 20
5445 6458 121 40 12863 7400 145 44
6189 7247 147 45 7196 6603 126 20
5143 5094 181 48 4324 6661 128 23
9925 11142 156 52 4175 8696 74 22
6420 5445 61 20 8672 6458 175 24
6603 6189 81 20 13532 8813 135 22
7400 7196 152 44 6252 7110 145 44
12863 13206 94 40 7247 20307 167 50
9925 5094 154 31 5445 8672 80 24
6458 8813 151 40 4324 11142 136 45
6252 8696 192 48 6420 6189 96 20
6661 6603 71 29 13206 7400 104 40
20307 12863 40 0 7110 4175 118 25
7247 7196 230 63 5143 13532 82 20
8813 6252 168 24 5094 5445 67 8
8672 13206 100 4 6189 11142 99 40
9925 7110 208 56 6458 6603 96 40
6661 4175 63 28 7247 6420 146 20
7196 5143 217 43 8696 12863 64 40
20307 4324 160 20 7400 13532 142 44
7110 13206 176 45 5445 8813 141 20
6252 7247 202 58 11142 6458 66 20
6189 6661 105 13 12863 9925 143 56
8672 4324 193 44 4175 7196 122 25
6603 6420 111 22 20307 5143 91 20
5094 7400 136 47 8696 13532 126 48
