7083 2901 84 30 15680 22733 30 0
21724 9076 38 0 12828 20434 119 7
21836 21734 46 4 21501 8569 124 6
9581 3587 74 20 2827 16447 16 0
3916 11588 29 0 13735 22377 193 37
11528 12010 67 20 5270 19921 108 2
8569 21724 102 20 7083 22733 94 27
2827 2901 113 0 9076 21734 35 25
13735 16447 33 0 12828 21501 141 44
11588 9581 31 20 19921 11528 150 40
20434 3916 104 30 5270 3587 91 22
21836 15680 66 0 12010 22377 165 50
21501 7083 96 20 9076 2827 28 0
19921 2901 109 20 16447 21724 68 2
12828 3916 88 31 11528 8569 134 41
12010 15680 25 0 3587 11588 108 20
20434 9581 110 40 21734 22377 158 50
22733 5270 60 3 13735 21836 141 20
19921 21501 121 23 2901 3916 39 0
16447 11528 137 0 15680 9076 29 5
9581 12828 110 41 12010 7083 91 25
21734 13735 67 5 21724 3587 102 20
22733 21836 52 23 20434 11588 165 40
22377 5270 184 48 8569 2827 77 21
16447 9076 59 0 3916 12010 61 0
21724 21501 88 20 15680 9581 133 30
3587 7083 110 20 21836 19921 91 41
21734 12828 103 41 11588 5270 81 22
8569 20434 83 41 2901 13735 67 0
22377 2827 143 45 22733 11528 114 22
