12126 21346 57 0 15930 19887 108 20
5628 21438 166 55 12973 16555 85 20
3781 7615 130 20 4546 4720 94 0
17121 19452 122 2 7797 21233 118 20
5681 3708 132 40 16311 21323 61 12
19918 20778 63 10 8886 20316 157 12
12820 6221 100 20 11312 16251 57 11
22629 21899 93 4 11503 11338 69 20
9527 12928 209 49 5628 21816 118 40
21438 7615 140 55 21323 15930 161 42
20778 12973 28 0 17121 12126 58 3
7797 3781 144 20 6221 5681 16 0
12820 21899 126 25 4720 20316 66 0
19887 8886 104 23 12928 11312 127 40
4546 16555 169 40 21816 22629 120 24
11503 21233 128 0 16311 16251 148 34
19452 11338 94 31 3708 21346 178 64
21438 19918 93 20 21899 9527 120 24
6221 4720 43 3 19887 17121 75 13
15930 5628 136 45 20316 4546 90 20
16251 12126 22 3 3781 21816 190 45
11312 16311 120 15 21346 20778 33 20
9527 11503 206 68 5681 8886 136 26
16555 21323 179 48 11338 7797 92 27
3708 12820 154 32 21233 22629 108 2
12928 19918 85 35 19452 12973 117 40
7615 21816 161 20 20778 21899 95 0
6221 16311 131 27 8886 5628 145 32
17121 11503 61 26 16555 21346 92 40
11338 4546 63 1 12126 12820 74 23
16251 15930 44 20 7797 12928 202 55
19452 5681 101 27 11312 21438 85 0
21233 19887 106 10 7615 19918 49 10
22629 21323 105 28 4720 12973 105 20
20316 3781 161 4 9527 3708 184 44
12928 16311 172 45 16555 12820 113 20
16251 8886 113 3 21899 17121 71 0
20778 5681 61 0 21233 5628 120 25
12973 4546 138 20 11503 6221 130 22
21346 22629 79 24 3781 21438 105 15
21323 9527 211 76 19887 19452 153 34
20316 7797 162 26 7615 11312 123 21
12126 4720 88 10 19918 3708 145 34
21816 15930 181 45 11338 6221 58 1
