12398 5628 158 37 8565 16311 142 45
19587 21932 132 20 11986 14637 210 58
12857 4885 174 48 5911 7161 176 20
14503 19746 256 80 6272 19572 181 44
16911 18270 216 74 12926 12597 152 40
9527 21330 181 40 20325 16930 159 48
18140 14361 165 40 19857 10354 96 5
13472 17977 106 20 21733 12395 207 48
6832 16377 97 12 4921 13109 226 53
6272 5628 206 64 21932 5911 165 40
7161 14503 170 65 12926 16311 187 40
14637 12597 165 45 12398 16930 232 35
10354 11986 204 68 19572 9527 173 44
12395 20325 170 23 18270 8565 244 95
19857 4921 158 55 12857 21733 195 51
4885 13109 153 26 21330 17977 156 32
16377 14361 256 70 13472 19587 40 0
6832 18140 29 0 19746 16911 280 79
16311 21932 224 28 19572 16930 220 60
8565 5911 257 55 14503 14637 211 65
10354 12857 44 10 12597 20325 185 43
18270 12398 264 70 11986 17977 102 23
21733 4885 117 28 14361 9527 258 74
19746 21330 202 48 4921 13472 154 45
16377 7161 239 52 16911 12395 190 52
19857 12926 110 40 5628 6832 97 28
13109 6272 198 67 18140 19587 65 20
17977 19572 97 3 8565 12857 260 78
12597 14361 183 60 11986 14503 127 30
4885 4921 124 0 21932 10354 130 45
16311 18270 211 50 9527 19746 185 64
5911 13472 111 45 16930 6832 79 5
12926 12395 188 45 6272 21330 178 55
19587 21733 106 20 12398 16911 193 50
5628 14637 207 42 18140 16377 151 28
13109 20325 198 46 7161 19857 144 65
9527 8565 202 65 12597 21932 101 20
5911 18270 242 70 14361 4921 225 74
6832 6272 165 22 12857 16311 242 57
16930 11986 239 58 4885 12926 88 20
19572 21733 226 27 21330 16377 125 27
14637 19857 160 40 12395 19746 230 75
20325 18140 177 27 14503 12398 208 65
16911 13472 206 34 13109 5628 180 51
7161 10354 199 55 17977 19587 24 0
16930 8565 162 60 4921 6272 202 24
21932 12926 137 40 16377 12857 272 64
12395 19572 88 45 14361 6832 144 45
21330 12597 103 43 16311 19857 189 24
21733 11986 257 43 20325 5911 149 43
19587 14503 206 45 5628 4885 144 28
19746 12398 232 45 10354 13109 71 3
17977 9527 165 45 14637 16911 170 50
13472 18140 108 20 18270 7161 256 70
12398 5628 158 37 8565 16311 142 45
19587 21932 132 20 11986 14637 210 58
12857 4885 174 48 5911 7161 176 20
14503 19746 256 80 6272 19572 181 44
16911 18270 216 74 12926 12597 152 40
9527 21330 181 40 20325 16930 159 48
18140 14361 165 40 19857 10354 96 5
13472 17977 106 20 21733 12395 207 48
6832 16377 97 12 4921 13109 226 53
6272 5628 206 64 21932 5911 165 40
7161 14503 170 65 12926 16311 187 40
14637 12597 165 45 12398 16930 232 35
10354 11986 204 68 19572 9527 173 44
12395 20325 170 23 18270 8565 244 95
19857 4921 158 55 12857 21733 195 51
4885 13109 153 26 21330 17977 156 32
16377 14361 256 70 13472 19587 40 0
6832 18140 29 0 19746 16911 280 79
16311 21932 224 28 19572 16930 220 60
8565 5911 257 55 14503 14637 211 65
10354 12857 44 10 12597 20325 185 43
18270 12398 264 70 11986 17977 102 23
21733 4885 117 28 14361 9527 258 74
19746 21330 202 48 4921 13472 154 45
16377 7161 239 52 16911 12395 190 52
19857 12926 110 40 5628 6832 97 28
13109 6272 198 67 18140 19587 65 20
17977 19572 97 3 8565 12857 260 78
12597 14361 183 60 11986 14503 127 30
4885 4921 124 0 21932 10354 130 45
16311 18270 211 50 9527 19746 185 64
5911 13472 111 45 16930 6832 79 5
12926 12395 188 45 6272 21330 178 55
19587 21733 106 20 12398 16911 193 50
5628 14637 207 42 18140 16377 151 28
13109 20325 198 46 7161 19857 144 65
9527 8565 202 65 12597 21932 101 20
5911 18270 242 70 14361 4921 225 74
6832 6272 165 22 12857 16311 242 57
16930 11986 239 58 4885 12926 88 20
19572 21733 226 27 21330 16377 125 27
14637 19857 160 40 12395 19746 230 75
20325 18140 177 27 14503 12398 208 65
16911 13472 206 34 13109 5628 180 51
7161 10354 199 55 17977 19587 24 0
16930 8565 162 60 4921 6272 202 24
21932 12926 137 40 16377 12857 272 64
12395 19572 88 45 14361 6832 144 45
21330 12597 103 43 16311 19857 189 24
21733 11986 257 43 20325 5911 149 43
19587 14503 206 45 5628 4885 144 28
19746 12398 232 45 10354 13109 71 3
17977 9527 165 45 14637 16911 170 50
13472 18140 108 20 18270 7161 256 70
12398 5628 158 37 8565 16311 142 45
19587 21932 132 20 11986 14637 210 58
12857 4885 174 48 5911 7161 176 20
14503 19746 256 80 6272 19572 181 44
16911 18270 216 74 12926 12597 152 40
9527 21330 181 40 20325 16930 159 48
18140 14361 165 40 19857 10354 96 5
13472 17977 106 20 21733 12395 207 48
6832 16377 97 12 4921 13109 226 53
6272 5628 206 64 21932 5911 165 40
7161 14503 170 65 12926 16311 187 40
14637 12597 165 45 12398 16930 232 35
10354 11986 204 68 19572 9527 173 44
12395 20325 170 23 18270 8565 244 95
19857 4921 158 55 12857 21733 195 51
4885 13109 153 26 21330 17977 156 32
16377 14361 256 70 13472 19587 40 0
6832 18140 29 0 19746 16911 280 79
16311 21932 224 28 19572 16930 220 60
8565 5911 257 55 14503 14637 211 65
10354 12857 44 10 12597 20325 185 43
18270 12398 264 70 11986 17977 102 23
21733 4885 117 28 14361 9527 258 74
19746 21330 202 48 4921 13472 154 45
16377 7161 239 52 16911 12395 190 52
19857 12926 110 40 5628 6832 97 28
13109 6272 198 67 18140 19587 65 20
17977 19572 97 3 8565 12857 260 78
12597 14361 183 60 11986 14503 127 30
4885 4921 124 0 21932 10354 130 45
16311 18270 211 50 9527 19746 185 64
5911 13472 111 45 16930 6832 79 5
12926 12395 188 45 6272 21330 178 55
19587 21733 106 20 12398 16911 193 50
5628 14637 207 42 18140 16377 151 28
13109 20325 198 46 7161 19857 144 65
9527 8565 202 65 12597 21932 101 20
5911 18270 242 70 14361 4921 225 74
6832 6272 165 22 12857 16311 242 57
16930 11986 239 58 4885 12926 88 20
19572 21733 226 27 21330 16377 125 27
14637 19857 160 40 12395 19746 230 75
20325 18140 177 27 14503 12398 208 65
16911 13472 206 34 13109 5628 180 51
7161 10354 199 55 17977 19587 24 0
16930 8565 162 60 4921 6272 202 24
21932 12926 137 40 16377 12857 272 64
12395 19572 88 45 14361 6832 144 45
21330 12597 103 43 16311 19857 189 24
21733 11986 257 43 20325 5911 149 43
19587 14503 206 45 5628 4885 144 28
19746 12398 232 45 10354 13109 71 3
17977 9527 165 45 14637 16911 170 50
13472 18140 108 20 18270 7161 256 70
