13416 21948 22 3 5126 8649 52 12
21746 14375 21 5 13186 18050 54 12
10599 3738 47 10 21311 15071 51 20
19368 8887 31 3 7332 10069 23 0
14375 13186 69 6 21948 8649 21 4
15071 13416 19 0 18050 21746 26 0
10599 21311 34 0 7332 19368 119 8
5126 3738 88 20 10069 8887 7 2
21746 15071 20 0 14375 21948 29 5
8649 18050 65 2 21311 19368 108 26
7332 3738 44 0 13416 5126 52 30
13186 10069 45 3 8887 10599 14 0
19368 21948 115 23 21311 14375 64 0
8649 7332 18 4 3738 21746 34 10
13416 10069 47 22 15071 13186 46 5
5126 8887 5 0 18050 10599 61 0
21948 21746 27 3 3738 19368 125 16
15071 7332 21 4 13186 8649 80 4
18050 21311 91 10 10069 5126 28 12
14375 10599 33 0 8887 13416 43 20
19368 13186 80 0 3738 15071 41 12
10069 18050 95 2 21948 7332 29 4
8887 21311 55 0 21746 13416 59 20
10599 5126 50 0 8649 14375 22 4
