19853 19591 12 0 12670 17315 63 0
18884 6990 29 3 21323 22394 79 22
21432 16525 40 0 4546 18886 99 20
14363 11503 39 10 14361 12596 112 22
22394 19591 31 0 19853 21323 46 0
16525 18884 49 4 6990 21432 46 10
18886 14363 15 0 11503 12670 70 2
17315 12596 34 0 14361 4546 116 50
21432 22394 30 0 19591 6990 96 40
14363 19853 54 0 16525 11503 103 4
12670 14361 95 12 18884 4546 71 22
12596 21323 73 7 17315 18886 49 0
6990 16525 42 0 19591 11503 69 20
4546 19853 101 22 14363 18884 42 2
22394 18886 36 2 14361 17315 128 30
12596 12670 56 0 21323 21432 77 22
19591 4546 119 20 11503 18884 46 2
18886 14361 165 37 6990 19853 51 20
21323 17315 99 20 21432 14363 22 1
16525 12670 78 2 22394 12596 37 0
