12999 11384 79 23 16754 18139 94 20
9978 16010 179 25 19687 21903 39 0
19984 20024 137 41 7924 17111 97 33
8807 7259 82 20 8824 17116 172 24
7229 21627 78 0 7258 21900 144 20
15523 20077 149 24 19394 7841 151 45
19687 16754 74 4 21903 19984 62 20
17111 12999 59 15 8807 9978 103 18
7259 21900 86 20 16010 7924 114 40
15523 11384 145 43 17116 7258 135 25
18139 20077 193 44 20024 21627 125 33
19394 7229 169 35 7841 8824 152 44
12999 19687 29 0 17111 7259 138 25
21900 8807 53 23 19984 15523 115 40
17116 16010 138 20 16754 21627 66 10
7924 8824 116 23 11384 20077 154 27
19394 21903 84 0 7229 18139 132 20
7258 7841 213 45 20024 9978 98 25
21627 17111 136 25 15523 16754 65 40
20077 17116 148 24 16010 12999 103 30
19984 11384 123 24 7259 7229 172 15
18139 21900 66 40 9978 8824 191 49
19687 19394 179 45 7258 20024 171 20
21903 7841 116 40 8807 7924 124 26
7259 12999 94 25 7229 15523 102 30
21627 9978 129 13 8824 19984 70 24
17111 19394 139 35 11384 16010 134 3
20024 17116 160 0 21900 21903 144 40
16754 7258 117 0 20077 8807 275 27
7841 7924 150 20 18139 19687 81 20
21627 19984 95 20 12999 19394 60 0
8824 15523 45 4 16010 20024 151 44
20077 7258 141 24 21903 7259 222 45
7841 18139 141 20 17116 17111 151 15
9978 16754 143 45 7924 7229 185 33
11384 8807 96 23 21900 19687 79 20
