20051 9045 33 0 20039 4705 0 0
13657 18270 72 0 9054 21921 14 0
21533 16802 35 20 21330 4745 45 4
6169 18227 148 35 21607 22539 10 10
20051 15226 28 0 20040 18270 73 0
4705 21921 8 0 4745 21533 62 0
9045 9054 37 0 18227 21607 155 40
20040 21330 69 24 22539 20039 72 0
16802 15226 22 0 6169 13657 30 3
18270 9054 85 5 4745 4705 10 0
21607 21330 87 24 21921 20051 30 0
16802 22539 30 20 15226 9045 21 0
18227 13657 126 30 20040 21533 11 0
4745 20039 12 0 6169 21607 18 0
22539 20051 7 0 9054 16802 29 20
13657 20040 8 0 4705 21330 73 24
21533 6169 24 1 18270 9045 108 0
21921 20039 12 0 15226 18227 169 40
22539 4745 27 0 13657 20051 13 0
18270 4705 95 20 16802 21607 32 0
9054 21533 35 10 20039 15226 26 0
21921 20040 10 0 9045 6169 45 3
21330 18270 120 40 18227 4745 118 35
