14849 13991 17 12 14846 15485 10 4
15487 15726 15 7 10062 13997 39 29
15783 12075 23 22 17286 20247 18 4
15726 20248 42 2 20246 14846 44 4
20247 15783 38 0 15487 15485 30 0
14849 17286 30 2 20248 13997 30 2
20246 10062 37 12 12075 13991 26 2
20247 15485 19 2 15726 14846 44 4
15783 13997 27 2 13991 20246 41 4
10062 15487 63 22 20248 17286 23 0
12075 15726 30 0 14849 15783 50 4
17286 15487 24 0 14846 13991 45 2
20247 20246 14 10 10062 14849 48 46
13997 12075 30 4 15485 20248 18 4
14846 14849 21 4 15783 10062 45 20
13991 20248 28 2 20247 15726 30 4
15485 17286 25 0 20246 15487 39 0
13997 14846 16 12 12075 20247 17 13
