18174 20430 97 43 13750 20027 28 0
13402 16501 13 3 21624 11992 44 20
12130 11130 29 2 22138 14596 106 0
12014 20045 45 20 13377 22331 58 20
20430 21624 83 20 11992 18174 122 47
14596 16501 163 23 13750 22138 35 0
12130 20045 26 0 20027 12014 96 20
13377 11130 58 2 13402 22331 7 0
14596 11992 82 24 22138 18174 106 40
12014 13750 54 0 20045 21624 56 20
11130 22331 5 0 20430 16501 165 3
13377 13402 28 20 20027 12130 29 0
11992 22138 77 20 20045 13750 69 0
18174 12014 125 48 16501 11130 105 25
21624 13377 76 20 20430 12130 82 20
20027 13402 9 0 22331 14596 123 5
13750 11992 80 20 11130 12014 129 22
16501 18174 180 46 12130 13377 58 20
22331 20027 17 0 21624 22138 92 20
20045 20430 96 24 14596 13402 51 0
