641 5125 171 25 14431 16484 38 4
10366 10022 18 4 9986 11204 84 20
21884 19441 27 0 21382 3888 133 28
6321 20723 88 20 12731 9987 37 20
16759 21498 132 24 6322 10130 72 40
13233 19442 82 23 21922 20022 138 20
21882 18619 68 24 16333 16391 142 40
450 17156 18 0 9110 19786 47 3
16724 10830 134 23 5467 12731 168 49
20723 14431 46 20 10022 21884 111 20
21382 9987 19 0 641 13233 117 2
19441 11204 24 2 21882 6322 64 24
3888 17156 112 47 16391 10130 251 43
5467 450 82 0 16484 9986 89 24
19442 18619 43 2 10366 16724 32 0
9110 10830 41 8 16759 21922 147 20
21498 6321 79 20 19786 20022 133 23
5125 12731 100 20 13233 16333 137 47
450 16391 80 40 20723 11204 60 23
16484 10022 120 44 10130 21382 89 23
19441 21922 45 4 17156 16724 101 40
21498 9987 51 0 10830 21882 97 27
9986 9110 66 20 18619 5125 40 0
3888 19442 134 41 6321 641 142 27
19786 5467 97 23 6322 21884 56 20
14431 16759 49 0 16333 10366 49 0
20022 21882 80 25 10022 450 101 24
16391 9986 143 5 21382 21922 82 20
16484 16724 67 20 20723 21498 55 0
12731 9110 99 20 11204 3888 94 27
18619 6322 53 40 6321 14431 144 45
10130 19441 39 0 10830 19442 92 29
16333 20022 176 20 21884 641 145 25
9987 10366 33 2 5125 19786 35 13
16759 5467 102 20 17156 13233 79 23
21922 450 81 24 18619 21498 83 0
6322 21382 48 20 19442 20723 55 6
3888 9986 112 20 20022 10830 112 28
21884 10366 73 0 21882 9110 90 0
17156 16333 85 40 9987 16484 69 23
11204 13233 57 3 16724 6321 49 2
10130 19786 103 26 14431 12731 98 45
5125 10022 115 34 16391 5467 91 20
450 641 137 45 19441 16759 62 4
