22525 17567 19 0 3507 13699 106 29
22190 21862 17 3 9410 4965 94 0
22269 22272 6 3 22273 13829 37 23
14422 22213 21 3 15094 3216 110 20
7006 19648 78 20 8728 13699 63 20
22525 3507 20 0 21862 22269 15 0
3216 22273 55 7 22190 17567 19 3
22213 9410 26 3 22272 8728 38 3
4965 15094 140 20 13829 7006 88 20
14422 3507 74 26 22273 19648 65 3
8728 22269 37 13 21862 3216 78 0
7006 22190 31 3 22525 22272 62 3
19648 22213 118 23 17567 4965 75 30
9410 13829 99 40 13699 14422 70 25
15094 8728 43 12 22269 22190 41 3
21862 22273 13 0 22213 7006 112 23
13699 22272 66 28 4965 14422 95 20
3216 22525 60 25 19648 13829 89 40
17567 3507 123 26 15094 9410 92 20
13699 22269 109 28 22190 22213 52 5
22273 8728 17 0 4965 22525 81 0
22272 15094 68 0 19648 21862 72 20
13829 3216 100 45 3507 9410 194 46
17567 7006 93 10 14422 22269 51 3
