6220 417 47 0 20403 16643 31 20
19929 8923 33 20 8103 9884 43 20
14246 16113 65 0 15203 14343 77 0
22556 7330 61 5 16750 18015 60 24
16643 9884 24 0 417 8103 75 20
19929 20403 53 20 14343 16113 93 6
14246 15203 37 5 7330 16750 51 0
22556 18015 119 24 6220 8923 79 30
8103 16113 78 20 14343 417 109 20
7330 19929 65 20 16750 20403 37 20
15203 16643 43 3 18015 8923 14 0
9884 14246 35 0 6220 22556 65 21
14343 8103 114 45 417 7330 50 20
8923 20403 93 43 16643 16750 14 3
9884 6220 121 20 16113 15203 32 6
18015 19929 50 4 22556 14246 54 5
7330 14343 117 40 8923 16643 36 23
16113 16750 53 6 8103 6220 144 45
18015 14246 89 39 20403 9884 57 20
417 15203 34 0 19929 22556 30 0
16113 6220 99 22 8923 7330 79 20
16750 14343 87 22 9884 18015 36 4
16643 417 58 2 14246 19929 55 5
20403 8103 68 25 15203 22556 19 0
