5971 8548 54 0 15109 13480 28 0
6559 12217 51 20 21499 20021 44 3
21939 13484 33 0 15324 20118 22 5
17077 10548 80 25 5604 21336 67 20
13601 16451 120 40 9876 11186 133 23
19800 6424 6 2 8563 22149 54 22
7299 7742 58 20 21379 5971 69 3
15324 6559 103 22 5604 8548 79 40
21499 17077 82 5 9876 20118 70 2
10548 13601 71 20 13484 15109 70 22
13480 6424 24 0 21939 21379 62 3
11186 8563 49 0 12217 7742 80 22
19800 20021 31 3 7299 16451 156 20
21336 13484 126 20 22149 5971 39 2
13601 21379 91 20 17077 15324 132 13
15109 5604 24 0 20118 7742 93 23
6559 9876 104 40 19800 21939 96 20
12217 7299 77 20 6424 21336 71 0
8563 16451 94 40 10548 21499 41 2
22149 8548 59 23 20021 11186 98 23
13480 20118 66 2 13601 6559 90 40
15109 15324 53 3 9876 7299 63 0
12217 21379 96 3 16451 5604 59 20
20021 8563 36 3 21336 21939 86 20
8548 19800 27 0 17077 13484 173 50
7742 13480 30 0 22149 21499 64 22
5971 11186 110 20 6424 10548 8 2
21379 21336 56 3 6559 15109 72 25
13601 21939 67 20 8548 7299 65 20
13484 9876 123 20 20021 13480 24 3
7742 17077 114 45 16451 6424 123 20
20118 22149 58 2 10548 12217 24 2
21499 15324 89 23 11186 19800 59 0
8563 5604 112 20 5971 13601 100 40
