19873 12882 39 0 354 6341 84 20
519 18996 39 0 9202 13621 46 20
17150 392 37 20 14691 22255 65 21
20369 11534 70 5 17430 4634 118 25
14169 19994 113 40 4924 6652 15 0
19876 6383 100 12 6010 12655 72 20
16774 4970 67 20 8094 5262 31 0
12838 1885 143 47 15317 17160 46 20
20447 10442 134 20 4419 17774 149 49
21317 354 43 4 9202 20369 69 0
11534 4924 86 40 19873 14691 87 40
22255 12655 23 0 13621 6652 121 20
4970 392 35 0 6341 18996 87 20
14169 1885 138 23 12882 519 81 14
4634 6010 166 5 10442 16774 52 0
17774 12838 137 48 5262 17150 38 3
17160 17430 84 40 20447 6383 100 23
8094 4419 81 44 19994 21317 162 45
15317 11534 139 40 19876 354 120 36
1885 14691 92 44 6341 13621 143 44
6010 4970 94 20 22255 19873 87 23
18996 20369 61 5 10442 12882 134 20
6652 519 86 0 392 12838 57 23
17160 4419 70 20 17150 9202 2 0
17430 19876 195 53 14169 8094 107 50
21317 12655 96 40 5262 20447 107 30
17774 15317 122 23 19994 16774 86 20
4634 13621 176 30 6383 4924 59 23
22255 20369 67 3 6341 519 107 30
392 10442 62 20 17160 11534 91 33
6652 354 37 0 4419 4970 25 4
6010 17430 74 20 18996 21317 100 29
17150 16774 40 20 20447 1885 203 43
4924 12838 56 24 12655 8094 97 47
6383 14169 81 24 17774 19873 122 45
19994 9202 102 25 19876 4634 145 53
5262 15317 108 23 14691 12882 70 21
519 6010 108 34 354 17160 42 20
6652 6341 81 0 16774 17430 22 0
1885 4419 126 23 11534 22255 90 28
10442 14169 89 22 4970 17150 47 20
9202 17774 87 5 4924 392 94 20
12882 19876 30 5 12838 20447 128 40
13621 19873 88 41 15317 21317 123 47
18996 14691 43 21 12655 4634 108 20
6383 5262 47 13 20369 19994 110 20
8094 6341 102 24 1885 6010 143 43
