22427 21786 0 0 11770 5390 6 0
9324 542 28 2 19299 3526 17 0
20320 14917 11 0 20406 19298 20 0
12997 18253 65 20 13125 20319 1 0
11770 3526 23 0 5390 19299 16 0
20406 22427 33 20 9324 19298 12 0
20320 21786 19 0 18253 20319 130 20
12997 13125 72 0 14917 542 88 3
19298 5390 47 0 9324 19299 32 10
20319 11770 14 0 20406 20320 52 1
21786 542 7 3 13125 14917 12 0
18253 22427 99 20 3526 12997 22 0
5390 9324 19 0 20320 20319 13 0
19298 11770 35 0 542 13125 31 2
12997 20406 20 0 21786 3526 33 0
19299 22427 10 0 14917 18253 102 20
20319 5390 9 0 542 19298 68 0
3526 20320 16 0 21786 13125 4 0
19299 20406 34 0 22427 12997 22 0
14917 9324 28 0 18253 11770 121 40
