21495 6458 37 0 8732 4156 40 0
7110 4175 57 2 10110 20307 35 0
13352 9988 11 3 4150 11418 68 20
10107 7130 47 22 4175 5913 38 7
4156 6458 65 0 9988 7110 59 7
11418 8732 29 2 10110 10107 22 20
20307 21495 41 20 7130 13352 48 4
5913 10110 87 3 4150 6458 118 41
7130 4175 134 2 9988 8732 11 0
21495 7110 90 20 5913 11418 23 2
20307 10107 39 20 4156 4150 149 40
13352 10110 24 0 7130 9988 44 2
4175 4150 90 25 11418 21495 53 10
10107 13352 29 2 6458 7110 41 0
8732 5913 22 2 20307 4156 62 20
10110 9988 74 2 10107 21495 84 20
7130 20307 19 2 6458 11418 40 21
5913 4156 131 22 13352 4175 41 4
7110 4150 117 20 8732 7130 35 4
