15524 7904 19 3 12106 15083 9 0
12926 20754 12 2 21127 21354 113 40
9626 12900 25 6 15084 10143 31 0
11339 22123 10 0 21462 14524 81 20
21822 15083 36 0 12927 12926 43 4
21127 12106 96 2 10143 9626 55 22
21354 20754 56 0 22123 15084 57 2
12927 14524 29 0 15524 12900 31 2
11339 21462 10 0 21822 7904 24 0
21354 9626 30 2 20754 15083 33 0
12927 22123 40 0 10143 12106 37 20
21822 21127 65 20 14524 15524 62 22
12900 12926 37 20 7904 21462 11 0
15084 21354 33 20 11339 12927 34 1
15083 10143 22 0 14524 20754 96 22
7904 12900 43 25 22123 21127 113 30
12926 15524 49 22 9626 11339 32 2
12106 15084 31 0 21462 21822 16 0
7904 14524 105 23 20754 12927 25 1
21127 10143 31 0 15083 11339 30 0
12106 21822 54 0 12900 21354 59 20
15524 22123 27 3 15084 12926 22 20
21462 12927 36 21 9626 21127 75 3
20754 11339 69 0 12900 12106 34 20
14524 15084 94 5 12926 7904 34 20
10143 21462 96 40 21354 15524 23 3
15083 9626 43 3 22123 21822 29 0
