18909 11279 86 0 18832 21457 11 0
16811 14491 88 29 9912 20694 101 7
19989 11161 69 10 18714 9934 84 10
21461 21673 70 15 18873 16885 29 5
14291 7783 43 0 12611 11468 204 70
22449 21530 26 0 4949 8411 78 0
18689 10391 138 40 17108 18687 62 0
20694 6073 180 45 18714 11279 56 0
9912 11161 85 25 16885 21457 31 20
21673 12611 115 35 18832 14491 101 49
9934 18909 64 15 7783 16811 61 0
21530 18689 64 20 14291 21461 70 0
6073 19989 163 10 22449 17108 84 0
18873 4949 24 10 10391 11468 78 40
18687 18714 55 0 8411 12611 158 50
11279 21673 58 2 9934 9912 81 20
18689 21457 137 43 14491 7783 100 34
20694 17108 124 25 21530 18909 46 0
16885 18832 27 0 11468 19989 62 20
22449 18873 50 2 18687 11161 63 0
16811 21461 83 5 4949 6073 88 0
10391 14291 124 4 8411 9912 73 40
21457 12611 164 30 9934 21530 51 0
19989 20694 144 20 7783 21673 16 0
11468 22449 55 20 18689 18714 64 20
17108 16811 63 0 11279 16885 106 25
11161 18909 39 0 21461 10391 112 20
8411 18832 40 0 6073 18873 175 2
18687 14491 103 29 14291 4949 46 23
12611 18689 58 20 19989 9912 114 20
21673 18714 60 5 16811 21530 54 1
11468 9934 152 20 21461 17108 79 0
7783 18832 3 0 10391 22449 84 4
18873 14291 80 13 21457 20694 119 8
16885 18687 36 2 18909 6073 96 40
14491 8411 175 32 11161 11279 141 0
4949 9934 79 10 21673 18689 91 22
