16887 22036 48 0 5206 16898 90 0
22297 22446 58 20 21463 13216 123 27
19761 21811 69 2 21669 21812 99 40
13274 10023 59 20 13218 13981 119 20
13216 5206 59 0 16887 21463 102 20
22036 21811 22 0 22446 19761 86 22
13218 16898 105 20 13981 22297 75 22
21669 13274 98 20 10023 21812 119 40
5206 16887 111 20 21811 22446 68 10
19761 13981 127 20 21463 13218 40 2
13216 10023 123 40 21812 16898 87 20
22297 13274 118 20 22036 21669 55 20
22446 13218 71 2 21811 16887 155 20
21812 13216 82 20 13981 5206 128 40
21463 22036 36 2 10023 21669 86 40
16898 22297 120 20 13274 19761 135 30
13981 21812 89 20 22446 16887 114 20
13218 21669 54 20 22036 13216 115 30
5206 10023 100 20 22297 19761 63 10
21811 21463 7 2 16898 13274 121 20
