21183 9686 35 22 15173 10219 184 49
17456 11127 109 20 22581 18009 57 1
11347 8678 64 25 12995 7482 111 24
20172 10458 28 2 13245 17005 104 22
12020 12961 83 22 19987 1002 157 41
9785 21184 75 20 12864 4327 22 20
19571 14750 90 30 14165 21915 53 10
12995 8678 86 28 21183 17456 19 3
18009 10219 53 20 10458 11347 69 20
15173 13245 190 50 12020 7482 24 3
20172 22581 71 10 12864 1002 155 41
17005 14165 56 3 21915 21184 33 3
9785 14750 99 23 12961 9686 43 40
4327 19987 83 40 11127 19571 116 20
18009 13245 129 41 12995 15173 97 24
10458 22581 52 3 21183 12020 28 3
12864 11347 116 20 17456 21915 86 3
10219 17005 46 23 1002 9785 184 44
21184 19571 111 30 12961 20172 94 20
8678 4327 82 20 14750 19987 42 3
7482 14165 37 12 9686 11127 115 40
13245 21915 151 23 18009 21183 83 23
17005 15173 69 2 11347 22581 128 20
9785 12020 64 23 19571 17456 124 30
19987 12995 69 44 10219 20172 122 25
1002 4327 151 56 9686 14165 70 23
11127 12864 123 20 8678 12961 58 20
10458 7482 22 4 14750 21184 32 3
19571 21183 100 25 17005 11347 76 23
21915 12995 83 7 22581 9785 47 3
17456 13245 132 20 14165 19987 95 22
9686 18009 99 40 8678 20172 41 10
10219 12864 83 25 14750 12020 14 3
7482 12961 33 22 4327 10458 93 22
11127 1002 154 37 21184 15173 140 26
