14401 7030 37 5 22266 20160 4 3
22190 17567 9 0 22525 20208 25 0
13699 9775 38 30 22273 8728 13 5
14401 20160 40 20 17567 20208 10 0
22266 22525 13 3 22273 9775 10 3
8728 22190 18 2 7030 13699 72 20
9775 20208 120 10 17567 22266 23 13
13699 8728 66 22 20160 22525 67 2
22273 14401 49 23 22190 7030 12 0
20208 22266 30 0 8728 22525 79 2
13699 22273 54 23 17567 14401 2 0
20160 7030 27 3 9775 22190 24 0
22525 17567 21 0 8728 14401 21 2
9775 22266 6 0 22190 13699 45 23
7030 22273 25 3 20208 20160 21 3
