16433 15341 72 2 12693 12076 18 0
8161 17520 77 24 13189 12695 23 0
21739 9339 29 20 11545 15342 5 0
9487 22503 27 0 21231 20229 31 2
9567 5039 69 0 10274 16433 98 20
12076 21739 53 0 9339 8161 84 40
20229 15342 85 26 12695 15341 107 25
17520 9567 132 20 21231 11545 41 0
12693 13189 42 1 10274 9487 27 2
5039 8161 91 20 22503 20229 31 2
11545 12695 17 0 16433 21231 84 0
15341 10274 130 28 21739 17520 96 26
9487 12693 54 22 9339 5039 72 30
15342 13189 95 0 22503 9567 107 23
12076 10274 33 3 12695 20229 9 2
11545 16433 84 5 9487 8161 37 0
22503 21739 28 0 9567 12693 110 23
15342 17520 105 28 5039 12076 36 30
9339 21231 71 20 15341 13189 33 20
12695 9487 23 0 9567 21739 126 23
10274 22503 48 0 11545 12076 35 10
20229 9339 32 20 17520 16433 139 4
12693 21231 43 2 8161 15342 118 24
15341 11545 92 12 13189 5039 59 10
