13381 21775 84 12 20380 3749 132 32
20124 14607 45 3 19876 18442 128 50
21587 15008 92 2 3796 21828 20 20
8702 8582 35 22 14575 16598 99 40
607 3583 39 13 4234 5233 53 23
5178 16922 2 0 9770 16791 28 10
20005 14607 40 3 965 13381 41 4
21775 14575 63 20 20124 21828 4 2
5233 21587 174 33 20380 16598 62 7
3796 3749 71 4 607 16791 18 0
18442 16922 77 25 3583 8702 101 22
20005 4234 50 3 15008 9770 11 4
19876 965 61 24 5178 8582 30 4
14575 607 39 20 21587 14607 166 36
8702 20380 47 3 20124 3796 31 20
13381 18442 108 14 16791 4234 37 2
21775 15008 54 0 16922 965 84 0
3583 5178 41 2 16598 21828 65 2
5233 19876 117 13 3749 20005 46 4
9770 20380 88 28 8582 607 20 0
15008 16791 11 0 14607 8702 125 22
5178 3796 29 2 14575 13381 88 2
16598 19876 93 9 4234 21775 43 0
3749 3583 57 0 965 21587 171 38
16922 20124 2 0 8582 20005 18 2
21828 9770 29 2 18442 5233 139 4
13381 16598 60 0 15008 607 10 0
21587 8702 178 32 21775 5178 70 0
4234 14575 68 0 20380 16922 87 3
16791 965 33 0 5233 20124 44 5
21828 8582 32 2 14607 3749 136 7
9770 3796 41 22 3583 19876 64 15
20005 14575 23 2 18442 21587 172 21
