22539 15878 9 0 12167 22674 54 20
21813 17294 177 40 9511 21965 108 40
22077 20336 95 48 8114 22008 113 20
21327 11563 118 40 13227 9402 46 0
19991 20754 97 45 22547 15083 121 25
10526 18738 108 23 16012 22287 40 20
14904 9403 55 20 12106 21870 156 25
15084 21514 81 24 16090 19990 51 20
20336 13227 135 48 21965 22539 49 2
15878 9402 17 0 20754 8114 99 0
22674 22547 27 22 10526 21813 84 20
22077 22287 103 43 9403 19991 93 25
9511 22008 124 20 21514 14904 85 40
21327 16012 85 20 12167 19990 65 20
16090 18738 158 43 21870 17294 44 7
11563 15084 92 44 15083 12106 72 20
21813 8114 93 20 9403 22539 12 3
13227 22674 123 43 22287 20754 79 40
14904 22547 29 0 9402 12167 15 0
20336 16090 143 33 15878 10526 45 0
21870 22008 142 24 15084 19991 58 0
21514 17294 125 50 16012 15083 143 25
12106 9511 138 40 21327 18738 150 48
21965 22077 104 23 19990 11563 81 20
22287 12167 37 20 20336 21813 101 48
10526 15084 45 20 8114 14904 121 40
17294 9403 84 17 13227 15878 78 23
15083 21327 128 40 22008 16090 125 25
19990 9402 58 20 18738 19991 180 40
22547 16012 6 3 22539 22077 93 23
9511 20754 112 20 11563 21870 96 20
22674 12106 110 40 21514 21965 68 24
22287 15878 66 20 14904 21327 85 20
8114 12167 73 20 18738 13227 145 43
17294 19990 130 47 22547 20336 84 27
19991 22539 98 27 11563 16090 86 25
21813 21870 93 24 22077 21514 118 43
9402 22674 54 22 15084 9511 100 20
20754 16012 70 0 22008 12106 135 24
21965 10526 99 24 9403 15083 55 20
