9881 15303 86 41 5921 21788 111 20
22124 15046 55 20 21380 21444 93 21
19653 10789 31 0 21525 15091 79 23
16179 21380 76 20 9881 5921 64 8
15091 22124 51 0 15046 15303 66 20
21788 21444 71 20 16179 21525 45 20
19653 9881 62 1 10789 22124 113 20
21380 15091 140 48 15303 16179 51 20
19653 21525 56 20 5921 15046 136 20
21788 10789 57 40 21444 22124 25 0
19653 15046 66 20 9881 16179 58 1
15303 21380 97 20 10789 21525 87 40
21444 5921 82 0 15091 21788 104 23
15046 16179 30 0 15303 10789 63 20
21380 21788 99 21 15091 19653 72 23
21525 5921 77 25 22124 9881 8 1
21444 15303 25 0 21380 19653 104 21
