19510 20360 16 0 19516 15305 6 2
21980 21990 25 0 14295 13303 9 0
21982 18882 25 0 14377 13171 35 0
9040 15305 55 0 19812 21980 44 0
13171 14295 14 0 14377 19516 48 20
21990 19812 26 10 19510 18882 31 0
13303 20360 43 10 9040 21982 48 7
21980 14377 38 0 21990 19516 8 0
15305 19812 16 0 13171 13303 44 0
14295 9040 61 0 19510 21982 17 7
20360 21980 67 2 18882 13171 26 0
19516 19812 22 0 21982 21990 52 2
13303 19510 53 10 20360 14377 30 2
18882 9040 40 0 15305 14295 12 0
21990 19510 43 20 13171 21980 42 0
14377 14295 30 0 19812 20360 58 12
19516 18882 14 0 9040 13303 51 0
21982 14377 35 2 15305 21990 3 2
