22221 20808 60 20 8227 13620 107 27
20409 21332 62 20 19460 16773 87 25
22070 133 146 20 14273 17195 75 22
10472 19556 80 40 21877 19397 154 55
13620 21913 67 2 7245 5276 16 2
8227 14273 156 44 16773 21332 56 24
22221 19556 75 20 17195 133 96 2
21877 19460 198 66 22070 21913 64 20
5276 19397 55 25 20409 7245 0 0
20808 16773 90 0 10472 22221 15 0
21332 21913 100 44 19556 133 135 40
17195 13620 67 0 19460 20409 85 25
7245 14273 94 20 21877 20808 247 61
10472 5276 4 2 8227 22070 142 24
19397 20409 64 40 21913 22221 76 0
133 21877 122 43 13620 16773 62 3
5276 17195 81 2 21332 10472 87 24
19397 19460 116 28 14273 20808 77 40
22070 7245 51 20 19556 8227 48 0
20409 22221 103 20 21332 21877 216 24
21913 10472 42 0 14273 13620 110 23
5276 8227 75 26 19556 19460 128 24
7245 19397 19 3 16773 17195 39 2
20808 22070 103 45 133 20409 128 20
22221 14273 146 20 19556 5276 82 26
17195 8227 87 21 21913 21877 100 43
13620 21332 101 6 19397 22070 68 0
19460 10472 84 25 133 7245 79 20
16773 21913 23 0 20808 19556 157 24
