22260 16413 42 0 22298 20105 103 40
20261 16421 30 0 18844 21393 105 25
18960 19528 75 40 18158 22310 93 24
22309 19487 7 0 19500 19532 77 0
19498 16415 31 0 18911 16417 159 50
20261 21393 62 5 19528 16413 123 25
19487 20105 61 20 16421 18158 119 17
19498 18844 85 10 22310 22309 38 0
16417 22298 83 20 19500 18911 93 20
18960 16415 67 40 22260 19532 66 15
19528 22309 55 20 20105 16421 43 0
16413 22310 60 20 16417 19487 138 50
19532 18911 78 0 21393 22260 67 40
19498 19500 98 45 18960 20261 88 45
18158 18844 152 43 16415 22298 61 20
16421 22310 67 0 18911 22260 78 0
22309 21393 22 0 16417 18960 140 45
18844 16413 167 55 19500 18158 131 47
19487 20261 116 5 16415 20105 108 40
22298 19532 92 30 19528 19498 224 70
18911 16421 54 0 16413 18960 111 40
22310 19500 88 2 21393 16415 37 0
22298 18158 78 15 22309 20261 87 25
22260 19528 107 20 19487 19498 63 10
20105 16417 149 40 19532 18844 117 25
