22391 22029 95 23 20038 22212 94 20
20718 14716 0 0 16932 20176 121 0
14718 16595 129 15 21595 20448 16 0
14022 14717 112 40 22531 10015 72 20
22873 20038 50 40 14021 21594 121 40
22212 14718 50 0 20176 20718 43 0
16932 22391 86 3 14022 20448 34 2
16595 14021 147 26 22029 22531 86 23
21595 10015 33 20 14716 21594 123 30
22873 16932 81 20 14717 14718 104 2
16595 20176 74 23 14022 20038 50 0
20718 21595 82 20 22391 14021 52 25
22873 22531 67 0 22212 14716 51 0
20448 14717 69 20 21594 22029 106 23
10015 20176 129 45 16595 22391 68 0
22531 16932 56 3 20038 21595 97 40
20448 14021 57 27 14717 22212 159 40
14718 21594 91 28 14716 14022 95 20
10015 20718 131 20 22029 22873 108 40
14021 22212 139 45 16595 16932 171 43
21594 22531 121 20 20176 22391 58 20
10015 20038 129 20 20448 14718 75 25
22029 14022 72 20 21595 22873 86 40
14717 14716 52 20 20718 16595 156 40
