7105 5309 147 68 19539 5064 172 50
15707 3587 64 20 6078 21836 120 40
21501 8569 44 0 22377 21502 95 25
21490 2827 35 20 20434 19410 41 20
19539 5309 90 27 5064 6078 167 80
7105 8569 153 40 21501 15707 62 40
21836 22377 81 20 19410 21490 90 24
20434 21502 84 45 2827 3587 47 20
6078 15707 72 45 5064 21501 180 30
8569 19410 65 25 19539 21490 67 40
3587 22377 96 20 5309 2827 119 32
20434 21836 105 20 21502 7105 148 49
21490 21501 64 20 15707 19539 63 40
3587 5064 132 35 22377 8569 61 0
2827 20434 76 20 5309 21836 176 42
21502 19410 85 29 6078 7105 154 60
21490 5064 140 55 3587 21501 71 20
21836 19539 39 0 22377 20434 132 25
19410 15707 96 44 5309 21502 109 40
7105 2827 124 32 8569 6078 40 23
21501 19539 24 0 21836 3587 88 0
5064 5309 225 67 21502 21490 94 45
19410 6078 97 40 8569 20434 84 22
2827 22377 70 0 15707 7105 167 44
