14401 20676 40 5 22268 20208 27 0
8728 22269 19 2 22275 20674 97 8
20296 22542 16 0 7030 22273 34 3
20208 14401 63 20 22269 20674 44 3
20676 7030 31 0 22273 8728 22 2
22542 22268 29 0 20296 22275 38 3
20674 8728 66 22 20208 22273 50 3
7030 22268 28 0 22542 22269 22 3
20676 20296 25 20 14401 22275 54 23
20674 20208 76 5 22542 7030 30 2
22275 22273 30 5 22268 14401 66 20
22269 20296 27 3 8728 20676 26 2
22268 22275 60 5 20674 7030 67 25
8728 14401 54 22 20676 22542 12 0
20208 22269 12 3 22273 20296 9 3
