21320 22365 22 0 22473 3101 124 20
14725 516 142 45 22690 21944 85 23
3736 17115 71 0 3839 3830 89 5
22366 15006 128 40 3123 11706 40 0
16389 17015 164 22 22367 20012 44 20
506 22532 17 4 22474 14226 35 2
13093 22365 125 23 14725 3736 71 20
22366 22690 76 20 3101 3830 117 10
21944 16389 52 3 22473 15006 146 47
11706 3839 13 0 14226 516 134 5
22367 3123 35 0 22532 21320 3 0
13093 17115 150 23 20012 22474 61 42
506 21944 73 0 3736 17015 97 20
22690 3830 131 30 11706 22473 21 10
14226 22366 24 0 16389 22365 121 0
516 3101 189 40 17115 22367 23 0
15006 22474 170 20 14725 21320 76 35
17015 22532 86 0 3839 13093 127 29
3123 506 149 4 20012 22473 62 12
11706 22366 15 0 17115 21944 21 3
22367 14226 55 20 3830 14725 101 20
3736 16389 49 0 22532 22474 10 0
20012 3101 134 40 15006 3839 138 40
516 3123 87 20 22365 17015 132 20
13093 21320 107 26 22690 506 136 20
22473 3736 36 20 22366 22367 29 0
3101 14725 166 60 11706 22532 3 0
21944 20012 85 23 22365 14226 84 20
3830 15006 66 0 516 13093 206 54
22474 3839 50 10 3123 22690 129 30
21320 506 63 0 17115 16389 52 0
17015 22473 145 20 14226 3736 15 0
22532 20012 82 35 3830 516 140 25
22474 22367 24 0 21944 11706 8 3
16389 13093 157 26 3101 3123 56 0
22365 17115 90 0 15006 22690 183 65
3839 14725 143 42 506 22366 52 0
17015 3830 177 30 21320 11706 22 10
