22748 22492 57 20 20311 20076 20 0
8740 18883 23 0 17445 22517 10 0
15076 8741 63 0 13088 8898 38 0
9378 22748 75 20 22517 8740 31 2
8741 17445 58 20 15076 22492 64 0
9378 20311 80 0 8898 18883 4 0
20076 22748 27 0 13088 17445 35 10
22492 18883 11 0 15076 8740 65 2
8741 8898 80 30 9378 20076 56 0
13088 20311 4 0 22517 15076 44 0
17445 22492 23 0 8898 9378 100 20
18883 22517 14 0 8741 22748 68 0
20076 13088 61 20 20311 8740 22 2
8898 15076 75 0 22748 22517 26 0
18883 13088 36 5 22492 9378 140 58
8740 17445 30 0 20311 8741 54 0
20076 15076 39 10 18883 9378 89 0
