12999 19714 15 2 11384 8930 61 5
17114 19952 27 23 8824 20077 147 43
20024 9566 49 3 16010 18098 63 22
16754 15523 16 10 17116 18856 48 3
8930 17111 30 2 21627 11384 80 5
20024 16010 45 0 19952 19714 29 3
18098 17114 42 22 16754 12999 60 13
21627 20077 218 30 9566 15523 50 22
17111 17116 51 22 8824 18856 65 23
18098 20024 45 23 8930 17114 52 20
19714 16754 22 3 9566 21627 90 5
17116 16010 80 40 20077 11384 121 6
12999 19952 22 3 17111 15523 47 3
18856 21627 80 23 8824 18098 84 23
17114 16754 51 23 8930 16010 50 20
19952 9566 17 3 12999 17116 33 3
11384 8824 68 26 15523 20024 53 20
20077 19714 89 20 18856 17111 60 5
18098 8930 30 3 17116 19952 41 0
21627 8824 69 20 16010 12999 86 25
18856 11384 71 5 9566 17114 39 12
20077 17111 116 0 16754 20024 34 3
15523 18098 36 3 19714 8930 4 0
