18149 19508 18 11 21350 19720 88 0
17576 19652 53 0 9411 11392 40 3
18183 12606 50 25 10635 19757 122 44
19508 21350 37 16 19652 11392 76 0
19757 19720 81 10 10635 17576 55 4
18149 12606 42 20 9411 18183 32 0
11392 10635 74 4 19652 19757 93 40
17576 18149 7 0 12606 19508 52 30
19720 9411 124 12 21350 18183 19 2
12606 10635 101 26 18149 11392 35 3
19757 9411 101 20 19508 19720 87 21
21350 19652 104 5 18183 17576 29 20
11392 19757 50 1 9411 18149 40 2
19720 19652 89 30 12606 21350 70 20
10635 18183 70 20 19508 17576 19 1
