16751 18093 117 31 7129 8620 105 55
13365 10254 141 22 5187 6206 48 20
22864 15410 62 40 11752 19938 133 45
6206 8620 69 10 5187 7129 105 29
18093 11752 58 23 22864 13365 119 43
19938 15410 42 0 16751 10254 14 2
6206 7129 72 6 11752 22864 65 20
5187 18093 90 43 15410 16751 68 20
10254 19938 43 0 8620 13365 102 10
7129 22864 106 29 15410 5187 74 20
10254 6206 39 2 18093 19938 78 3
13365 11752 74 25 8620 16751 108 35
19938 5187 56 25 7129 18093 81 6
8620 15410 95 30 13365 6206 99 43
16751 11752 60 20 10254 22864 51 22
