14186 13051 134 29 12719 9792 10 0
11684 19968 110 30 8905 6285 5 2
5703 20182 88 40 7525 288 152 52
7547 9027 37 20 14257 13312 83 11
11539 4982 119 3 8895 5404 67 20
14199 11684 71 20 17637 14186 182 30
7547 7525 107 31 19968 13051 40 10
6285 14257 46 3 5703 8895 39 22
13312 17637 104 0 4982 12719 13 0
20182 14199 85 0 8905 11539 55 3
9792 288 134 48 5404 9027 91 20
14186 8895 100 25 13312 7525 128 32
19968 17637 83 24 5703 11539 31 3
11684 5404 60 30 13051 14257 66 0
288 4982 11 0 7547 8905 51 3
6285 12719 35 0 9027 20182 177 40
9792 13312 84 3 14199 5703 39 20
13051 11539 65 3 14257 8905 57 3
4982 14186 112 45 9027 19968 85 30
5404 7547 65 2 17637 20182 122 39
9792 14199 54 4 6285 7525 140 28
8895 12719 58 20 11684 288 228 44
8905 5703 103 23 14186 7547 135 20
20182 14257 48 20 4982 9792 84 24
7525 9027 176 48 11539 11684 125 21
12719 5404 35 0 14199 19968 66 10
13312 13051 62 0 288 6285 105 24
17637 8905 80 7 8895 9792 80 44
7525 5703 124 24 5404 4982 79 0
11539 6285 78 3 12719 7547 35 3
288 17637 163 34 14257 14186 97 29
19968 13312 62 0 20182 11684 112 46
9027 14199 97 20 13051 8895 46 0
