18738 22287 114 20 21138 16756 113 24
8114 21932 109 40 14694 19567 135 55
12791 22673 79 20 15877 21834 70 20
9403 19564 72 23 7172 22077 147 45
9402 21138 95 20 19567 11563 117 15
18738 15877 83 20 22287 8114 8 0
22673 14694 55 0 16756 9403 56 20
9402 19564 95 29 21932 12791 131 20
7172 21834 106 35 22077 11563 92 34
8114 9403 28 0 21138 15877 132 23
16756 19567 93 20 12791 19564 42 0
11563 18738 58 20 21932 22673 83 0
22287 22077 58 20 14694 9402 44 20
21834 16756 44 4 7172 8114 103 25
19567 12791 113 45 11563 9403 36 0
21138 22077 108 40 21932 15877 118 40
22673 7172 154 35 9402 22287 0 0
21834 14694 50 20 19564 18738 117 46
22077 12791 91 40 8114 21138 110 23
15877 16756 94 20 11563 9402 57 0
19567 7172 113 35 14694 18738 48 20
9403 22287 0 0 21834 21932 62 20
22673 8114 30 0 19564 21138 114 40
