20737 21927 41 30 11918 19412 44 20
21816 16556 99 27 19452 16555 112 40
6272 12126 88 4 21504 7161 45 20
21927 20736 18 0 16555 21816 146 40
19412 6272 72 0 12126 16556 48 0
7161 20737 60 5 20736 19452 70 25
11918 21816 80 30 21504 16556 73 20
6272 19452 152 32 19412 21927 37 0
11918 16555 85 20 12126 20737 58 2
20736 7161 68 5 21504 19412 46 20
11918 12126 83 3 19452 21816 149 40
20737 20736 50 0 16556 6272 68 40
16555 21504 74 20 21927 7161 83 20
19452 11918 49 0 20736 6272 138 32
21816 21504 67 20 19412 20737 64 23
16556 21927 106 40 7161 12126 114 20
16555 19412 83 20 6272 11918 120 24
