19564 21813 85 20 20336 13227 117 25
19991 13539 61 5 14962 17385 37 0
13542 14904 78 40 11676 8204 176 45
16756 15877 107 0 20410 21683 62 20
17011 22038 68 6 21834 21235 48 20
9010 18121 60 3 22527 11085 126 35
12791 21870 168 50 11419 22191 81 20
8406 21474 74 3 20483 19564 87 49
13539 13542 163 40 13227 21683 58 20
17011 17385 77 51 20336 16756 153 30
21235 14904 43 0 21813 22527 110 20
14962 21834 34 0 21870 18121 175 23
20483 20410 94 20 9010 12791 58 20
8406 11676 108 25 11419 19991 124 25
22038 11085 99 25 15877 21474 146 30
22191 17385 25 20 8204 19564 126 23
13227 14962 138 45 16756 14904 142 20
21870 17011 173 50 13539 20483 76 20
18121 21235 127 43 21683 8406 87 20
12791 15877 43 20 21813 21834 71 20
11676 22191 100 40 21474 9010 109 24
11085 11419 154 45 13542 20410 125 20
8204 20336 151 25 22527 22038 62 0
19564 16756 104 40 19991 21870 142 44
17385 12791 87 20 14904 8406 161 20
21235 9010 89 40 15877 13539 140 40
13227 21834 54 20 20410 11676 147 40
11419 18121 122 43 22038 21813 157 40
22191 20336 116 48 13542 14962 94 20
21683 20483 51 20 8204 11085 167 45
21474 22527 123 20 19991 17011 45 0
21870 13227 82 23 17385 21235 41 10
16756 22038 161 40 12791 11676 108 50
21813 8406 109 25 9010 13542 122 40
20483 20336 89 40 14904 11419 100 20
21683 22527 64 0 21834 19564 114 32
13539 20410 181 40 18121 21474 152 36
14962 8204 74 20 15877 17011 157 46
11085 19991 140 5 22191 13227 67 23
