19892 16917 12 0 12045 10468 28 3
11586 9536 18 2 10466 15183 28 5
16981 10466 55 0 22110 16917 60 0
15183 19892 18 0 11586 16981 44 20
22110 12045 30 3 10468 9536 22 2
10468 16981 34 3 12045 11586 45 2
15183 9536 33 0 16917 10466 28 3
10466 22110 33 10 19892 12045 36 3
16981 15183 35 13 22110 10468 23 3
19892 11586 19 0 9536 16917 44 0
15183 10468 37 5 10466 19892 46 3
16917 11586 63 20 16981 22110 37 20
9536 10466 49 2 12045 16981 27 0
9536 22110 24 3 10468 19892 32 3
16917 12045 48 3 11586 15183 31 3
