14384 19916 23 2 20357 18317 24 2
22158 22126 14 2 22128 17593 49 2
11172 16271 63 22 20397 18385 26 20
19762 10276 51 2 16465 18145 32 0
15052 22127 11 0 11774 19388 58 0
22238 20358 2 0 19803 20865 26 0
18385 18317 32 20 22126 14447 21 2
17593 16465 52 2 20397 19916 1 0
22127 14384 18 2 10276 11172 62 7
22158 19803 28 0 19762 11774 13 0
22128 20357 10 2 22238 15052 34 20
18145 19388 19 0 14447 20358 21 2
16465 16271 63 2 20865 14384 20 2
11172 19803 61 0 18317 22126 31 2
22128 11774 90 2 19916 18385 5 0
14447 22238 6 2 10276 22158 36 2
15052 17593 43 0 16271 18145 26 2
20358 20357 7 2 22127 19762 19 0
20397 20865 4 0 19388 22128 39 2
11172 14447 8 3 19803 16465 59 6
19916 22238 10 2 16271 22126 25 3
18317 10276 55 2 20358 15052 13 0
20865 22127 35 2 18385 22158 32 20
11774 20397 8 0 18145 20357 62 2
19388 19762 61 20 14384 17593 31 5
10276 22128 46 4 16271 19803 48 0
20358 22158 1 0 19916 11172 58 20
18317 18145 55 20 22127 22238 6 2
22126 20397 22 2 14384 15052 38 22
17593 14447 37 2 20865 11774 25 0
18385 16465 55 2 20357 19388 25 2
11172 22128 48 4 19762 18317 45 0
