10874 19823 2 0 18051 12806 143 43
3415 5573 32 2 16953 11180 179 52
15484 12875 5 3 8405 22704 92 20
10553 12968 113 20 10582 16557 46 20
19871 10669 102 0 11450 17670 84 20
16953 3774 58 20 4890 6936 154 49
22704 16557 88 23 11180 10874 136 29
3415 15484 25 23 12806 19871 39 22
10582 6936 79 23 8405 19823 87 25
11450 12875 60 20 10553 4890 128 31
18051 10669 172 48 5573 3774 46 20
17670 8405 77 21 12968 11180 103 8
11450 10582 91 40 12875 16953 8 0
19871 4890 48 2 16557 18051 184 52
10669 12968 91 32 3415 10874 19 0
3774 10553 28 0 19823 15484 30 2
17670 5573 79 20 22704 6936 52 23
12806 8405 130 45 10669 16557 86 45
11180 18051 186 55 15484 11450 68 23
6936 10874 72 33 19871 10553 146 22
12968 22704 75 2 19823 16953 23 20
12875 17670 44 1 3774 3415 39 0
4890 12806 89 23 5573 10582 57 0
18051 16953 114 52 8405 10553 136 40
16557 11450 108 23 6936 3415 86 20
19823 4890 84 23 10669 11180 178 52
10874 10582 15 0 17670 15484 39 3
12875 19871 17 2 5573 12968 93 2
3774 12806 82 20 22704 11450 57 20
