11940 16125 80 10 20033 6482 105 43
16273 10024 100 15 20348 7772 14 2
21353 17352 44 20 7837 20881 64 9
17401 21622 17 0 22313 13335 83 7
10645 20377 120 29 20245 9931 108 46
11616 20882 25 2 22091 5292 97 5
10255 19690 136 36 11317 13885 56 7
20863 19429 72 33 20862 11940 93 26
21622 21353 39 20 10024 20033 138 46
9931 22313 79 23 16125 16273 20 2
17401 22091 53 5 20881 7772 45 7
19690 17352 6 0 11616 10645 64 20
20882 10255 191 56 13335 20245 73 6
11317 20348 6 2 20377 19429 127 29
6482 7837 54 0 13885 20863 69 0
5292 22313 68 4 20862 21353 14 3
10024 20881 63 5 19690 16125 11 0
11940 9931 161 47 17352 17401 17 4
20033 13335 43 2 22091 20377 47 3
10255 11616 117 14 19429 6482 131 45
13885 20862 52 0 20348 21622 4 2
20882 20863 72 23 16273 11317 66 3
7772 7837 49 16 20245 5292 148 44
13335 10645 128 26 10024 11940 117 26
20377 22313 65 20 6482 17352 65 28
22091 9931 143 49 10255 20348 118 31
19429 20881 97 10 21622 20882 94 40
7837 16273 54 2 17401 19690 16 3
7772 13885 34 0 21353 11616 53 22
5292 20033 145 43 20863 10645 52 23
16125 20245 102 27 11317 20862 31 5
20881 11940 152 29 22313 10255 162 56
10024 6482 81 23 9931 20882 105 23
16273 13885 42 0 19429 13335 99 28
10645 22091 165 29 21622 7837 42 14
20862 20033 75 22 19690 7772 21 3
20348 20245 115 30 21353 17401 46 2
20377 16125 29 4 20863 11616 57 5
17352 11317 4 3 5292 10024 120 43
