22832 22317 19 0 11183 18419 22 2
21632 16118 63 0 15903 17506 50 10
21707 18203 121 20 16158 21217 151 60
18419 20681 49 2 11183 21632 17 0
16118 22317 54 0 18203 22832 52 25
17506 21707 82 10 15903 20681 65 0
21217 11183 43 20 16158 16118 180 40
18419 21707 23 2 17506 18203 137 25
22317 15903 78 20 20681 21217 98 22
21632 22832 7 2 16158 21707 182 40
15903 11183 61 30 22317 18203 51 20
17506 21632 71 2 22832 21217 28 20
20681 16158 110 53 16118 18419 25 2
22317 11183 16 0 21632 21707 58 3
18203 16158 140 20 20681 17506 75 2
21217 15903 92 45 22832 18419 35 2
16118 17506 57 0 21707 22317 48 0
