5136 9261 47 20 11128 15146 107 15
17702 8097 120 45 11212 12778 85 25
18142 5131 76 24 10809 9266 145 20
15097 4262 64 25 22105 22026 79 20
17702 12778 33 0 15146 9261 91 25
10809 11128 72 0 8097 11212 201 50
5131 9266 105 24 22026 4262 112 25
22105 15097 98 20 18142 5136 36 0
12778 11128 75 0 15146 10809 164 45
8097 22026 94 4 9261 4262 76 20
9266 18142 113 0 15097 17702 63 20
5131 11212 234 69 22105 5136 44 20
4262 10809 73 20 9261 12778 32 20
22026 11128 88 0 15097 18142 141 24
5136 5131 42 0 17702 11212 147 50
15146 8097 188 25 9266 22105 55 20
12778 10809 50 20 22026 15097 88 0
4262 17702 55 25 11128 5136 59 10
9266 9261 128 20 11212 22105 186 45
18142 15146 65 0 8097 5131 158 44
10809 22026 96 20 5136 17702 65 10
11128 22105 68 20 12778 9266 137 5
9261 8097 101 40 5131 15097 178 24
11212 15146 182 50 4262 18142 99 20
