18908 22514 66 24 22087 12347 69 40
12313 15221 127 35 12305 4848 51 22
6892 20776 92 24 15359 4849 131 44
22087 8284 108 28 22513 4848 111 2
12305 4849 44 20 18908 15359 138 44
6892 12347 57 24 22513 12313 74 25
15221 8284 148 34 22514 20776 35 0
6892 22513 87 25 18908 12305 117 24
4848 8284 140 42 4849 12347 76 20
15359 12313 162 49 15221 22087 87 20
20776 4848 88 22 22514 6892 102 24
12313 18908 122 49 8284 15359 141 28
4849 22513 79 20 22514 15221 85 10
12347 12305 13 0 20776 22087 83 20
4848 15359 156 46 22513 18908 65 24
8284 22514 96 24 6892 12305 100 44
12313 22087 116 45 20776 4849 53 5
12347 18908 56 0 15221 6892 135 28
