10824 11570 163 49 7974 19796 157 0
9225 14631 177 39 17235 19927 118 50
21180 19367 212 64 9956 19417 146 53
16310 20293 163 57 21355 10829 116 24
13201 21923 73 45 8680 10100 334 75
6914 16460 237 55 22548 4115 44 22
4106 7974 89 29 14631 19417 156 24
19927 10824 171 50 21355 21180 172 46
19796 17235 141 30 10829 8680 234 82
16310 13201 221 76 22548 9956 170 50
20293 4115 171 45 21923 4106 117 40
11570 6914 216 36 19367 9225 204 69
10100 21355 178 46 16460 7974 156 60
14631 10829 214 64 13201 21180 246 76
19417 19927 188 52 20293 22548 134 20
19367 21923 111 52 17235 4106 152 48
9225 16310 201 42 19796 4115 141 40
8680 9956 261 100 16460 11570 141 32
10100 6914 147 62 10824 20293 193 35
21180 22548 174 49 21923 17235 141 50
4115 21355 102 10 14631 13201 197 50
4106 10829 209 60 11570 9225 201 34
19367 16460 237 77 16310 10824 213 62
9956 10100 237 82 19796 19927 124 44
7974 19417 169 24 6914 8680 205 57
17235 22548 154 35 21355 11570 130 39
10824 16460 190 53 21923 14631 138 20
4115 19367 108 56 10829 10100 175 68
21180 19796 242 64 13201 6914 176 48
19927 8680 222 49 4106 16310 199 60
7974 20293 117 40 9225 9956 269 95
19417 17235 131 34 4115 10824 85 7
22548 19796 126 20 14631 19367 192 57
11570 16310 149 27 10100 21180 194 56
9956 4106 165 54 6914 21355 152 13
19417 9225 175 69 16460 13201 162 64
10829 21923 127 44 19927 7974 202 44
8680 14631 234 80 20293 21180 173 49
