10069 6025 37 0 18050 9973 47 2
3738 13416 48 20 14375 8649 58 10
10599 15071 3 0 8887 21746 20 10
21948 5126 56 20 13186 10185 21 0
7332 6025 50 20 14452 19368 106 20
3738 18050 73 10 10599 8887 12 0
21746 10069 29 10 13416 21948 68 20
7332 19368 109 3 8649 13186 42 4
10185 9973 9 0 15071 14452 10 2
5126 8887 64 20 14375 10069 16 3
7332 13186 116 5 13416 10599 52 20
21948 8649 3 0 6025 15071 23 2
14452 21746 6 0 5126 3738 93 30
10185 14375 49 10 18050 19368 121 5
9973 21948 18 0 8887 7332 44 0
13416 5126 96 40 6025 10599 30 0
19368 3738 107 36 15071 10069 22 2
13186 14452 27 20 14375 18050 117 12
21746 9973 33 0 8649 10185 12 0
21948 8887 40 0 19368 13416 148 46
15071 7332 2 0 5126 18050 90 20
6025 10185 57 20 3738 13186 60 15
10599 8649 17 0 10069 14452 31 3
21746 14375 22 10 9973 7332 46 3
