21781 20367 121 24 7854 13356 185 25
14473 19505 60 24 20383 20366 52 0
20368 20405 78 0 21534 20326 74 10
18373 20383 112 20 22040 21781 134 24
20366 20367 114 20 21534 20368 16 10
20326 7854 135 40 14473 22040 55 0
13356 20405 194 20 18373 19505 102 40
22040 20368 23 0 21534 21781 83 22
14473 20383 28 0 20367 20405 151 20
20366 20326 46 0 13356 18373 184 20
20368 7854 74 0 19505 20383 131 40
13356 20366 119 20 20405 22040 52 0
18373 21534 141 0 7854 14473 129 0
20367 19505 111 20 21781 20326 130 24
22040 13356 176 15 20368 14473 62 0
20383 21534 90 0 20326 18373 118 20
7854 21781 75 24 20405 20366 74 0
19505 22040 70 20 20367 21534 141 20
