20597 20486 85 22 20519 20540 66 20
20520 20616 24 0 20599 20626 54 20
20500 20526 132 24 20593 20439 38 2
20541 22117 38 20 20491 22007 93 20
20556 20597 49 2 20599 20524 23 0
20540 20500 74 24 20526 20520 19 0
20616 20491 47 2 22007 20593 130 27
20626 20556 99 20 22117 20519 21 0
20524 20486 60 20 20541 20439 57 3
20520 20599 37 0 22007 20526 105 25
20491 20626 87 22 20597 20500 138 44
20439 20519 69 3 22117 20616 66 10
20541 20593 55 22 20556 20540 71 20
20524 20491 80 12 20486 20526 49 2
20597 22007 132 20 20439 20626 72 22
20519 20599 25 0 20500 20541 119 24
20540 22117 56 0 20616 20524 49 2
20593 20556 49 2 20486 20520 63 0
20526 20541 37 2 20626 20597 87 20
20439 20599 56 2 20540 20491 47 0
20519 20524 68 0 20593 20520 44 2
20616 22007 64 0 20500 20556 122 20
20486 20599 58 0 22117 20526 58 2
