17868 22879 34 0 8888 10660 54 26
16169 19774 54 24 14590 17165 97 2
11866 12622 42 22 19643 8089 77 2
17455 7078 87 40 20726 22760 86 20
13507 16169 124 25 17868 11780 68 40
8089 14590 63 2 19643 8888 21 0
7078 22760 67 0 22879 17165 77 2
11780 12622 86 20 19774 20726 52 24
13507 10660 94 40 11866 17455 100 25
16169 19643 78 2 8888 7078 20 0
22760 17868 128 40 12622 14590 44 2
20726 17455 93 20 17165 11866 88 25
13507 19774 161 49 8089 22879 45 2
11780 14590 113 20 10660 7078 76 20
8888 16169 31 20 22760 11866 155 40
19774 8089 59 26 20726 17868 80 20
10660 17165 141 25 12622 13507 42 2
22879 19643 113 21 11780 17455 167 40
8888 11866 97 20 7078 19774 99 44
10660 8089 94 22 16169 22760 101 20
17165 17868 59 20 19643 11780 133 20
14590 20726 77 22 22879 13507 58 0
12622 8888 49 20 17455 16169 73 20
