187 4511 104 25 19439 13727 107 25
12808 750 185 45 267 18108 76 3
8610 19856 125 55 18119 4097 113 40
11556 12000 38 0 3965 22506 46 22
3058 19439 121 20 267 750 48 20
18108 13727 133 23 8610 18119 201 65
12000 19856 101 23 187 11556 78 20
12808 3058 222 45 4511 3965 52 5
22506 13727 62 20 4097 750 108 20
12000 18119 170 48 19439 267 85 0
3058 8610 154 30 11556 12808 107 20
4511 18108 132 28 4097 187 154 40
19856 3965 31 2 22506 19439 120 20
13727 18119 70 20 12000 12808 172 35
18108 4097 153 46 3058 11556 36 20
22506 267 58 0 19856 4511 104 5
3965 187 83 22 750 8610 148 25
4097 12808 217 45 19439 12000 144 45
18108 3058 142 30 19856 22506 51 20
3965 267 59 3 13727 187 81 20
750 11556 53 40 18119 4511 144 28
8610 19439 225 60 12000 3058 68 20
