9889 8421 53 30 18061 21630 98 9
15589 6102 37 2 18671 12116 72 40
21505 11754 100 40 17009 9853 49 0
11248 14481 172 70 609 20255 23 2
17497 755 82 20 22810 17496 45 20
21226 9853 133 44 6101 21767 31 0
8421 609 79 20 11754 18671 92 40
17009 15589 64 20 22810 9889 200 50
755 20255 126 20 21630 6101 77 0
17497 12116 64 22 18061 11248 121 25
17496 21767 32 0 21505 6102 80 0
14481 11754 155 25 21226 15589 64 24
18671 22810 51 20 9889 11248 191 35
21630 609 108 22 6102 17009 82 7
21226 18061 134 29 9853 755 128 45
8421 21505 95 30 20255 17497 61 20
17496 6101 21 0 14481 12116 133 0
21630 11248 77 40 21767 15589 59 20
9889 21505 172 20 609 21226 97 24
6102 6101 85 7 22810 8421 22 0
12116 17009 67 5 21767 755 53 0
18061 20255 94 20 11754 17496 84 40
9853 18671 109 47 14481 17497 85 25
12116 21630 82 20 21505 22810 45 0
6101 18061 108 20 15589 609 30 5
9889 21767 170 25 11754 17497 54 0
11248 9853 107 5 8421 17496 51 20
20255 21226 131 44 17009 18671 100 20
755 14481 185 65 6102 9889 205 50
