11970 18225 214 55 11138 6220 58 3
12808 20403 135 50 20345 417 150 45
8923 22556 72 20 19669 14343 102 0
17595 16750 102 20 15337 21301 180 30
21336 19708 199 70 8693 17077 23 0
14343 20403 80 25 11970 11138 188 50
6220 19669 104 20 15337 12808 219 50
21301 17077 123 4 22556 18225 157 30
417 8693 108 40 8923 16750 63 0
21336 20345 138 40 17595 19708 157 25
17077 19669 155 20 20403 11138 65 0
22556 15337 105 20 417 11970 217 65
8693 17595 126 30 6220 14343 147 0
16750 12808 133 20 19708 18225 137 40
21301 21336 138 24 20345 8923 144 40
17595 11970 193 65 19669 417 73 20
11138 12808 241 65 8693 22556 55 30
16750 20345 166 5 14343 17077 143 20
6220 21336 139 0 20403 21301 127 47
19708 15337 239 65 18225 8923 80 32
20345 8693 78 5 19669 11970 208 70
20403 6220 152 25 22556 16750 65 20
11138 19708 206 20 417 21301 168 30
17077 8923 121 22 12808 17595 267 85
18225 15337 232 75 14343 21336 167 40
