12886 18082 54 20 22181 22072 45 0
17238 22617 17 0 6699 10430 54 5
14091 22239 20 0 19566 21917 68 20
17221 7231 132 24 11608 9964 86 0
17245 15295 34 0 11609 10238 61 2
5962 21917 88 25 20037 17238 75 20
14091 22072 21 0 10430 7231 68 24
22239 22181 56 22 17221 10238 57 5
9964 20037 78 0 19566 11609 69 3
6699 12886 89 0 11608 17245 49 2
18082 5962 108 40 22617 15295 32 2
9964 10238 51 15 21917 22072 53 4
11609 14091 12 3 12886 22181 49 20
17245 17221 57 20 10430 5962 78 20
22617 11608 14 3 22239 20037 89 22
18082 19566 77 40 7231 6699 138 24
22181 15295 79 20 17238 9964 40 0
21917 17221 53 0 22617 12886 16 2
10238 6699 54 15 5962 7231 71 20
18082 17245 59 20 20037 14091 50 0
11608 10430 25 0 15295 19566 107 20
22072 11609 70 3 17238 22239 34 2
5962 6699 108 20 9964 14091 23 0
20037 21917 112 40 22181 10430 57 20
11609 17238 12 10 17221 18082 78 40
7231 22239 67 23 15295 12886 70 5
19566 22617 43 3 22072 17245 74 0
10238 17238 51 5 14091 11608 22 3
10430 9964 22 0 22239 18082 87 22
15295 20037 155 40 22072 17221 55 20
7231 22181 94 20 17245 22617 40 3
12886 19566 54 0 10238 5962 86 0
6699 11608 60 20 21917 11609 87 23
