19686 7229 75 25 19984 19394 59 25
21900 19685 51 5 7258 7259 153 43
19687 19978 22 3 21903 19926 38 2
19394 7924 57 3 9978 7259 136 40
21900 19926 70 23 19687 19686 23 2
19685 19978 56 3 7924 19984 84 23
21903 7258 86 28 7229 9978 153 23
19687 21900 74 3 19394 19685 94 8
7259 21903 58 3 19984 7258 87 0
7924 7229 81 3 19926 19686 51 3
9978 19984 79 0 19978 21900 41 3
7258 19394 48 20 19926 7924 74 3
19978 9978 36 1 7229 19687 115 26
7259 19685 109 3 21903 19686 28 3
19984 19687 11 0 7924 7258 102 22
19978 19926 29 0 7259 21900 125 3
19394 7229 147 28 19685 21903 32 5
19686 7259 69 23 9978 19687 107 23
21900 7924 75 5 7229 21903 44 3
19686 19394 77 3 7258 19978 62 20
19926 9978 101 1 19685 19984 47 3
