17332 19956 24 0 11986 19717 123 23
16617 19957 136 20 18570 21848 50 0
17977 18838 63 0 19955 16730 48 27
17028 18503 25 0 9778 13755 80 10
22306 21780 89 24 12398 17198 94 0
19782 14608 77 5 22304 18801 59 4
19717 20145 62 0 21848 17977 35 21
18503 17332 32 0 18838 18570 134 23
17198 17028 62 5 16617 19956 121 24
14608 13755 50 0 19957 12398 71 30
19955 11986 110 43 22306 19782 73 0
16730 21780 67 24 18801 20145 73 10
22304 17198 48 5 9778 17977 76 10
14608 16617 161 29 19717 18838 45 5
22306 19957 81 6 17028 17332 31 0
18801 21848 84 2 13755 19955 31 0
16730 12398 102 20 18503 19782 59 20
18570 11986 187 47 21780 22304 39 4
19956 9778 91 15 20145 22306 73 20
17332 19955 55 5 14608 17198 107 10
13755 16730 26 0 16617 19717 168 24
21780 18503 43 0 19957 17977 52 23
18801 9778 37 12 11986 12398 166 43
21848 22304 24 2 18838 19956 49 3
20145 18570 140 24 19782 17028 103 0
17977 16617 92 22 17332 22306 70 4
17198 18801 98 10 19717 18503 20 0
9778 14608 121 20 21848 16730 35 0
19957 18838 12 2 20145 11986 105 23
12398 19955 124 40 22304 17028 23 0
13755 19782 48 0 19956 21780 112 20
18570 19717 117 24 14608 22306 64 30
