21948 21311 48 0 13416 13186 82 34
10185 3738 49 12 6546 21746 12 0
6025 14375 43 10 15071 7332 17 2
5126 10069 45 13 14452 9973 26 0
21311 13416 45 20 3738 6546 14 10
15071 13186 48 2 7332 10185 71 25
10069 21746 5 2 6025 5126 60 10
21948 14452 33 3 9973 14375 60 10
10185 15071 21 4 13416 3738 88 34
7332 6025 38 5 5126 21311 38 10
21746 14452 42 10 13186 21948 80 3
14375 6546 36 0 9973 10069 19 3
15071 5126 74 12 21311 10185 16 0
3738 21948 67 13 14452 6025 24 0
6546 13186 43 10 14375 10069 55 13
7332 9973 32 0 21746 13416 45 20
21311 6025 62 10 14452 10185 57 3
10069 6546 26 3 21948 15071 15 5
3738 9973 75 10 13186 7332 43 10
13416 14375 35 4 21746 5126 54 12
