21606 21907 99 40 18487 3763 113 44
20148 16232 100 44 21845 22292 121 13
19423 8034 39 20 19424 13247 76 20
17017 2887 82 20 9801 16806 72 20
3764 11270 158 49 19865 14091 104 45
10617 20148 97 40 18487 21842 68 24
8034 9801 62 20 3763 21845 83 25
2887 16232 174 44 3764 19423 62 27
19424 16806 44 20 21842 21907 53 20
11270 13247 63 0 10617 22292 116 23
14091 17017 20 0 19865 21606 101 25
16806 21845 67 20 3764 18487 137 49
3763 21842 40 25 11270 2887 122 40
13247 10617 57 0 16232 19865 60 24
9801 19424 2 0 21606 20148 144 40
22292 21907 102 23 14091 19423 44 0
10617 17017 49 0 8034 3764 133 45
21845 21606 42 0 2887 13247 174 40
16806 19865 149 45 19423 3763 86 27
20148 11270 153 44 21907 8034 84 20
18487 22292 162 40 17017 19424 20 0
21842 14091 51 20 16232 9801 91 29
21907 3763 143 45 21845 10617 126 20
19865 18487 85 25 2887 8034 151 40
16232 19424 119 29 11270 17017 72 24
13247 14091 84 0 20148 16806 96 20
21606 3764 146 45 22292 21842 39 0
19423 11270 96 27 9801 18487 82 24
14091 2887 127 20 19424 10617 29 0
8034 16232 129 49 16806 21606 98 40
22292 19865 104 28 21907 9801 48 0
3763 3764 197 50 13247 20148 37 20
21842 21845 26 0 17017 19423 16 3
