15891 20848 0 0 15887 7026 35 20
12636 13107 34 0 19477 11456 56 20
19477 18759 77 20 18760 15891 33 0
11456 12636 17 0 18759 20848 39 20
7026 13107 76 20 18760 15887 32 1
19477 18760 24 0 20848 11456 75 20
13107 15891 27 0 18759 12636 30 20
15887 18759 45 21 7026 19477 81 20
18760 12636 31 0 15891 15887 40 1
20848 7026 67 20 13107 11456 68 20
15891 19477 26 3 11456 7026 130 40
20848 15887 36 1 18759 18760 20 0
12636 15891 21 3 13107 20848 19 0
7026 18760 74 20 12636 19477 13 0
11456 18759 71 40 15887 13107 62 1
