21462 20313 173 40 12977 11030 79 20
11472 22703 27 20 14523 20325 156 15
22123 13072 152 40 9054 9626 107 24
16412 10143 152 25 17802 12927 132 55
13811 15524 57 25 17658 6566 29 1
20039 16802 35 0 14524 12926 221 55
18072 18798 44 20 12900 8130 69 3
9161 14523 108 20 13072 21330 100 40
20313 12927 77 40 20325 9626 141 40
12977 6566 170 45 11472 9054 34 0
22123 22703 65 40 13811 10143 137 55
14524 12900 185 51 21462 17658 77 40
18072 17802 138 23 12926 11030 83 24
16802 9161 52 20 15524 8130 79 40
21330 20039 56 0 16412 18798 124 40
13811 12977 152 40 14523 9626 111 46
17658 9054 57 11 22703 20313 93 20
12900 12927 145 48 13072 11472 78 10
9161 10143 88 40 6566 12926 128 20
8130 17802 61 0 20039 22123 18 0
20325 16412 144 40 16802 21462 75 0
21330 15524 72 20 18072 14524 133 48
11030 14523 50 2 18798 9054 80 20
12927 12926 226 60 22703 12977 71 25
9626 17658 33 0 20039 9161 40 0
8130 11472 29 3 13811 20313 110 25
21462 6566 91 22 22123 18072 78 40
18798 20325 153 40 10143 15524 137 50
11030 14524 91 10 13072 16412 152 45
16802 21330 96 24 17802 12900 156 53
14523 8130 25 0 12927 17658 86 31
9054 13811 113 40 9161 18072 105 40
12926 11472 128 35 18798 21462 107 20
15524 13072 195 60 20313 20039 117 40
12977 22123 80 25 21330 20325 140 24
6566 22703 42 20 16412 12900 195 43
9626 11030 77 5 10143 16802 98 10
14524 13811 181 57 17802 14523 156 46
