5828 22669 0 0 20331 9432 115 23
20353 7835 35 2 9433 17600 89 20
14996 22670 96 25 12765 22343 10 0
9432 20353 50 20 7835 20331 27 0
22343 9433 79 20 22669 12765 56 20
22670 17600 87 0 5828 14996 48 20
22343 20331 1 0 9432 9433 136 43
17600 20353 104 5 22669 22670 40 0
14996 7835 133 27 12765 5828 58 20
9433 22670 72 20 17600 9432 91 23
14996 12765 100 25 20331 20353 58 20
7835 5828 52 2 22343 22669 27 0
12765 9432 57 20 17600 14996 143 49
5828 22343 23 0 20353 9433 148 40
22669 20331 69 0 22670 7835 52 2
