16506 17206 33 0 5906 5907 6 2
6889 11678 73 20 4964 13132 33 0
21586 5905 54 4 6168 16303 103 10
4964 5906 77 20 5907 11678 21 2
5905 17206 69 4 21586 13132 30 2
6168 16506 100 10 16303 6889 29 0
5906 21586 61 20 5905 4964 79 25
13132 16303 25 0 5907 16506 36 2
17206 11678 67 0 6889 6168 108 10
16303 16506 45 0 4964 21586 101 22
17206 5907 59 2 11678 5905 65 24
6889 13132 29 10 5906 6168 162 25
11678 4964 66 0 16506 5905 68 0
5907 6889 71 2 6168 21586 114 20
16303 5906 62 0 13132 17206 47 2
5905 5907 85 22 16506 6889 54 0
21586 16303 35 0 11678 5906 69 0
13132 6168 131 27 17206 4964 99 20
