20746 22466 11 0 16818 22322 69 0
21827 22458 65 0 22413 6584 18 1
21704 22815 87 0 22372 16388 65 20
22842 21735 92 15 22728 21837 26 5
22413 22322 30 0 6584 16818 48 21
21704 20746 26 0 22458 22815 64 2
16388 22728 73 0 21837 22466 45 0
21827 21735 120 0 22372 22842 31 0
22815 16818 61 0 6584 21704 65 1
21837 22413 125 0 22728 20746 20 0
22458 22372 58 0 22322 22842 48 0
21735 16388 90 20 22466 21827 50 0
20746 6584 91 0 22728 21704 34 0
21837 22372 28 0 16818 22458 55 0
22413 16388 49 20 21735 22322 83 0
22466 22815 61 12 22842 21827 75 0
6584 22372 133 21 20746 21837 43 0
16388 16818 81 40 21735 22458 50 0
22466 22842 28 0 21704 22413 39 0
22322 22728 55 2 22815 21827 52 0
