14471 18520 39 0 16344 18557 65 0
15292 15290 45 20 14821 12694 56 20
19899 12687 24 20 4232 14100 25 2
19998 22 5 0 14116 112 41 20
16346 16633 73 40 6989 16282 9 0
15156 18556 53 40 14101 16838 7 0
18554 18560 13 0 12689 14470 42 20
16906 16345 14 0 18553 525 82 20
16631 21628 51 20 14468 16632 37 0
22023 19899 46 20 15290 14116 63 20
14100 18520 54 20 22 16346 42 20
16633 16344 81 0 19998 15292 22 0
14470 16282 53 20 14471 15156 108 40
525 12694 24 22 112 18556 63 20
12687 6989 0 0 18553 12689 92 0
4232 16632 19 0 14821 22023 12 2
18557 14468 54 20 14101 18554 20 0
21628 16345 21 0 18560 16838 29 0
16631 16633 67 40 16906 15156 22 20
16282 525 14 2 14116 14100 62 22
6989 14471 76 20 18556 19998 95 20
15292 16346 61 40 12687 14470 48 22
14468 18553 56 20 12694 22023 45 25
14821 14101 33 0 19899 21628 23 0
16632 12689 40 20 15290 18557 68 20
112 16906 3 0 18520 18560 23 0
16838 16631 68 20 16344 22 67 20
4232 18554 16 2 16345 14471 69 20
22023 15292 27 20 18556 14100 156 20
21628 525 4 2 16346 15156 70 20
18557 14470 67 20 12694 19899 77 40
16632 18553 57 0 18520 19998 46 20
6989 16838 47 2 112 15290 14 0
12687 14116 61 22 16345 16633 74 20
16906 22 21 0 18554 14821 51 20
18560 4232 12 0 16344 14468 44 0
12689 14101 42 0 16282 16631 45 22
18556 16346 125 40 18553 19899 53 0
14470 19998 32 20 525 15290 33 2
14100 112 59 4 15156 16345 31 0
18520 18554 101 20 21628 6989 4 0
15292 14116 64 20 16838 4232 28 2
14468 14471 62 0 12689 16906 50 20
12694 16282 60 23 16632 12687 26 2
22 14101 22 0 16633 22023 79 25
18557 14821 80 20 16631 18560 38 20
14100 16344 78 12 525 6989 20 2
