20530 22863 8 0 20598 20556 23 0
20593 20520 32 0 20539 20526 19 0
20617 22117 30 2 20594 20538 13 2
20593 20442 6 0 20519 20530 31 0
20538 20556 36 0 20526 20594 39 0
22117 20539 33 2 20598 20442 4 0
20520 20519 54 0 22863 20617 11 0
20526 20530 49 0 20594 22117 29 2
22863 20520 59 0 20538 20593 8 0
20556 20442 43 0 20598 20617 12 0
20519 20538 40 0 20539 20593 40 0
20442 22117 28 2 20556 20520 79 0
20526 20598 8 2 20617 20519 22 0
22863 20539 40 0 20530 20594 27 2
20538 20526 27 2 20442 20519 41 0
20617 20539 31 0 22117 22863 36 2
20593 20594 16 0 20520 20598 45 0
20556 20617 47 0 20539 20530 40 2
20594 22863 37 0 20442 20526 17 2
20519 20593 46 0 22117 20556 65 2
20530 20598 34 2 20520 20538 56 0
