16555 8541 75 10 4545 21337 32 11
22057 13329 73 20 22326 20736 22 0
19696 6210 116 24 19412 19452 35 23
11918 21337 38 1 13329 12126 53 3
20736 19452 55 20 19412 16555 86 3
19696 4545 123 24 22057 12126 56 23
8541 22326 68 20 6210 11918 73 20
13329 19412 19 3 16555 4545 96 21
22326 22057 55 20 19452 21337 74 26
20736 8541 64 20 12126 19696 169 32
11918 22057 37 20 6210 19412 82 3
19452 22326 47 2 12126 8541 31 23
13329 11918 41 0 16555 19696 191 52
21337 6210 137 41 4545 20736 60 21
16555 13329 88 20 8541 22057 102 40
19452 4545 87 40 20736 11918 20 0
19412 19696 204 44 21337 22326 35 0
12126 16555 50 23 6210 13329 119 20
