5159 6962 96 0 13088 20063 20 0
16374 15076 118 20 9378 8740 103 5
20061 8741 248 40 22492 8898 34 0
17063 14825 127 3 15236 20060 118 20
20063 9378 127 0 8740 13088 127 50
8898 16374 119 24 20061 5159 142 49
6962 15236 109 40 20060 22492 105 20
14825 15076 134 13 8741 17063 59 0
20063 8740 60 20 8898 20061 97 20
20060 6962 115 45 9378 16374 173 24
22492 5159 112 29 15076 17063 59 30
8741 13088 96 40 14825 15236 210 50
8898 20063 47 0 16374 20060 151 20
17063 8740 87 20 6962 22492 51 20
5159 9378 146 25 8741 14825 213 50
13088 15236 78 10 15076 20061 83 20
22492 17063 31 4 20063 16374 81 20
8740 20060 154 20 5159 8741 154 49
14825 20061 151 46 15076 6962 50 13
13088 9378 161 50 15236 8898 77 20
