9326 5897 59 20 4096 14864 41 0
21236 22618 0 0 16021 20748 51 0
9006 22070 11 0 21332 8227 48 24
16921 15626 38 0 11723 19397 76 43
17142 21968 30 0 11359 4096 41 0
20748 9006 33 20 5897 16021 51 20
21332 15626 61 20 8227 21236 60 20
11359 11723 7 0 22070 14864 29 0
22618 9326 58 20 16921 21968 76 20
17142 16021 16 0 19397 21332 56 20
20748 4096 50 20 9006 15626 83 0
8227 11723 49 20 21968 9326 69 20
21236 22070 79 0 16921 17142 74 0
14864 11359 6 0 19397 22618 90 23
21968 5897 57 20 15626 16021 60 20
9006 21236 31 0 11723 9326 69 40
8227 17142 110 24 14864 20748 57 20
22070 19397 45 0 4096 22618 20 0
21332 16921 100 20 5897 11359 34 0
14864 9006 87 0 21968 15626 56 20
16021 19397 86 23 9326 22070 84 20
11723 4096 74 20 20748 21332 70 40
11359 8227 18 0 21236 5897 68 20
22618 16921 4 0 17142 9006 16 3
15626 14864 26 0 22070 21332 47 20
19397 21968 131 43 20748 21236 59 20
16021 8227 60 20 4096 16921 28 0
5897 11723 3 0 22618 17142 38 0
9326 20748 68 20 15626 11359 37 2
