22320 21730 127 44 22087 13269 123 31
11009 17229 107 20 13586 11158 67 20
21934 20481 169 24 13590 13580 115 20
12696 18630 245 20 19857 12305 113 46
12393 13109 206 54 13108 13581 160 43
12401 8284 163 25 18908 4848 147 0
15251 12397 192 25 21935 12448 138 24
12395 12373 134 25 13512 21733 210 47
13265 21732 172 47 13523 6892 105 20
18627 12713 189 45 12453 12313 139 29
13586 22087 44 0 12305 13590 88 40
13269 18630 130 23 13581 11009 103 3
13109 8284 205 49 20481 12696 101 24
21730 4848 193 52 17229 21935 146 48
12448 12401 184 20 12395 11158 163 30
13108 13523 70 23 21934 21733 195 41
15251 12453 227 29 21732 13512 81 20
12373 18627 97 40 6892 22320 154 45
13580 12713 73 5 19857 12393 175 34
12397 12313 131 45 18908 13265 233 46
21935 11009 141 4 22087 20481 126 40
12696 13590 184 20 12401 21730 89 0
13581 21934 161 47 8284 12395 161 25
13108 12453 170 20 11158 12305 136 20
13512 6892 111 44 13269 13109 140 47
21732 13586 131 27 12373 12713 78 20
18630 13580 66 20 13523 12397 145 40
13265 12448 218 40 17229 22320 244 47
4848 19857 92 25 12313 15251 122 20
21733 18908 177 23 12393 18627 141 20
12305 13581 119 3 21935 12401 129 49
8284 13512 245 49 21730 11009 93 24
11158 22087 47 0 12713 21934 124 33
6892 20481 186 20 18630 12453 150 8
12397 21732 98 20 12696 13108 156 23
4848 13586 102 10 13109 13265 143 40
12313 12373 97 0 12393 12448 208 55
21733 22320 163 47 19857 13590 109 4
13269 18908 79 26 13580 17229 117 24
18627 13523 132 20 15251 12395 107 0
12305 21934 104 20 11009 6892 85 20
11158 21935 158 24 18630 21732 137 20
12713 13512 186 59 12397 4848 177 30
22087 12696 96 32 12453 13265 195 49
13581 12313 100 25 21730 21733 175 47
13590 18908 105 10 12448 13108 153 3
20481 19857 81 24 18627 13269 249 23
17229 12393 129 52 8284 15251 164 50
13109 12401 199 44 12373 13523 115 0
13580 12395 184 40 22320 13586 105 27
