16842 17609 44 2 21305 9205 145 48
16232 22264 33 5 19423 22072 35 20
7000 21842 113 20 14556 21567 33 20
10470 11206 123 26 9964 17299 19 3
4509 22617 65 0 14434 22193 32 2
21631 9415 91 9 7896 7588 160 32
19424 14556 72 20 22264 17609 43 2
19423 9964 24 0 7000 16842 201 24
21842 22193 21 2 22072 17299 64 23
4509 21631 95 5 21305 16232 176 52
9205 11206 138 47 9415 14434 77 25
7588 10470 163 33 19424 21567 23 20
22617 14556 64 40 19423 7896 43 10
9964 17609 64 20 16232 21842 88 9
7000 9205 151 44 4509 22072 137 20
10470 9415 99 13 14434 21631 74 25
17299 7896 47 3 16842 19424 29 2
21567 22264 62 0 22617 21305 119 33
22193 11206 64 23 17609 7588 156 32
14556 22072 34 0 9415 9964 80 40
19424 14434 62 2 21842 19423 23 2
7896 21567 86 10 22264 4509 56 2
11206 16842 57 9 22617 21631 74 25
16232 22193 51 20 9205 10470 66 0
21305 17299 74 25 7588 7000 211 44
17609 19423 31 0 9415 4509 93 24
22072 14434 96 22 21567 16842 91 0
16232 19424 72 4 11206 14556 44 3
7588 9964 238 30 9205 22617 43 0
21842 7896 43 10 10470 21305 141 28
21631 22264 64 2 22193 7000 114 22
17299 9415 82 28 21567 16232 82 9
16842 7588 144 24 14556 4509 112 0
22072 22617 95 40 17609 10470 52 0
22264 7000 135 20 11206 21842 53 5
9964 21305 105 47 22193 19424 27 0
21631 19423 29 5 17299 9205 128 23
7896 17609 34 0 14434 16232 138 27
