7149 19772 127 35 20204 16139 138 23
22050 17377 84 10 21480 11166 119 20
9848 12365 95 25 20719 15458 61 0
18241 16102 78 40 17036 20205 133 27
9533 14498 69 20 22348 16740 47 0
12441 21480 15 2 6037 17186 78 6
17036 20719 130 20 16139 17377 81 26
19772 9533 100 45 20205 12365 66 10
7149 15458 141 5 22348 22050 49 0
17186 20204 95 24 18241 16740 92 31
11166 6037 65 20 16102 9848 98 45
20205 12441 115 2 14498 22050 67 23
15458 19772 49 0 21480 17036 83 27
16740 7149 111 2 17377 16102 45 20
9533 18241 127 50 9848 12441 123 23
20204 22348 72 0 6037 20719 74 20
16139 14498 145 27 12365 17186 58 2
11166 17036 147 44 12441 7149 79 0
9848 20205 134 26 20204 17377 72 20
21480 22348 43 22 12365 18241 143 36
22050 20719 72 0 17186 9533 120 40
16740 16139 96 25 11166 15458 117 20
16102 6037 84 40 14498 19772 99 5
12365 20204 50 0 22050 17036 151 24
17186 20205 114 25 22348 11166 125 40
21480 9848 84 23 14498 7149 123 23
20719 16740 56 3 19772 12441 98 20
17377 18241 92 24 15458 6037 33 0
9533 16102 121 40 16139 21480 82 28
