6210 8424 115 23 8886 19696 181 51
3708 4545 60 0 20020 22057 149 49
18244 21337 70 40 6209 18030 126 45
12928 3708 144 20 8424 13329 96 20
18244 22057 54 20 21337 8886 113 23
6210 20020 129 24 6209 12928 31 10
13329 4545 80 1 18030 19696 123 48
6210 21337 54 0 18244 3708 128 5
4545 8886 88 23 13329 12928 90 20
22057 18030 77 40 8424 6209 87 20
19696 13329 116 28 20020 21337 72 20
6209 18244 135 40 8424 4545 79 20
18030 20020 127 44 8886 6210 139 26
19696 12928 148 40 3708 22057 71 25
21337 8424 133 40 4545 6210 85 1
12928 20020 133 25 18030 18244 34 0
8886 6209 141 44 19696 3708 122 24
22057 6210 59 20 13329 18244 101 20
