19890 22554 123 14 9667 13100 27 2
19642 7393 51 2 18477 22777 26 20
6406 21359 79 5 22200 19818 71 0
16502 9073 88 8 13270 19434 138 25
18602 17477 53 0 17575 15310 20 0
21929 18264 20 0 6417 18914 137 18
20380 13100 98 25 22202 18381 100 10
19434 6406 73 3 19642 22554 75 20
19818 9667 62 4 17575 9073 46 0
6417 13270 93 23 7393 22200 98 40
21359 18381 140 32 17477 21929 46 0
15310 16502 111 23 18914 20380 103 33
18602 18477 78 40 19890 18264 106 0
22777 17575 36 4 22202 6417 183 55
19642 13270 54 23 19818 18381 142 20
17477 13100 31 0 18914 19434 167 20
22200 15310 90 22 9073 18477 141 40
9667 22202 90 0 21359 16502 151 48
22554 22777 34 4 21929 18602 95 20
7393 20380 134 46 6406 19890 118 26
18264 17575 40 4 13100 13270 93 20
19642 6417 123 32 9073 21359 125 24
22777 16502 104 26 18381 22200 80 20
15310 19890 131 10 21929 19434 87 18
22202 6406 144 24 18264 17477 30 0
19818 20380 152 46 22554 18477 81 45
18914 7393 110 20 9667 18602 0 0
13100 21929 34 0 16502 19642 134 26
19890 9073 191 55 22777 17477 0 0
13270 22202 183 47 22554 15310 126 25
18477 18914 71 25 17575 21359 109 23
18381 18602 111 40 6417 6406 105 29
19434 19818 161 52 18264 7393 122 20
22200 9667 23 0 20380 19642 97 23
