10468 18749 2 0 11586 18555 82 0
12045 3558 91 20 7281 20075 80 20
12649 16539 157 44 9182 10466 103 8
19845 16981 52 0 4650 19892 22 0
18748 15183 9 3 5713 11117 106 30
12660 9536 150 40 18750 6708 19 12
10468 16539 132 23 12649 7281 68 20
20075 9182 147 40 18749 19845 38 0
19892 18748 26 0 18555 10466 91 26
5713 3558 119 25 9536 6708 25 0
18750 11117 52 0 16981 11586 41 20
12045 4650 86 20 15183 12660 38 3
9182 19892 127 25 18748 10468 38 3
16539 18555 137 26 6708 5713 34 10
9536 19845 74 10 11586 7281 33 0
18749 4650 55 20 3558 11117 83 0
10466 12045 48 0 16981 18750 22 0
15183 12649 84 23 20075 12660 140 40
19845 7281 137 20 6708 18748 20 0
19892 11586 27 0 3558 16539 106 20
11117 9182 140 45 18555 12045 69 0
16981 15183 41 3 9536 12649 89 40
10466 5713 64 3 12660 18749 79 20
18750 20075 94 40 4650 10468 99 22
6708 11586 43 20 9182 12045 152 25
18555 3558 126 20 19845 12649 106 0
18748 12660 35 20 16539 16981 126 20
7281 5713 90 30 4650 20075 147 40
11117 10468 100 20 10466 9536 90 23
18749 15183 48 23 19892 18750 25 2
12660 16981 47 0 3558 9182 133 40
12649 4650 156 40 11586 18748 0 0
10468 10466 51 3 5713 19845 46 0
20075 6708 89 20 11117 19892 68 20
12045 9536 18 0 16539 18749 73 0
7281 18555 141 49 15183 18750 24 3
