21832 11712 34 0 14717 16871 96 22
7277 21595 32 20 15259 16595 127 40
13898 16544 92 35 20176 20802 94 20
22873 22212 28 10 22531 21594 16 0
16871 15259 75 40 16595 20718 89 20
7277 20176 89 20 20802 11712 76 20
21595 21832 58 20 22212 13898 59 2
14717 20718 3 0 16544 22873 83 25
21594 15259 112 20 22531 20802 104 20
16871 13898 58 22 7277 22212 107 0
22873 16595 79 20 11712 16544 86 27
20176 22531 53 0 21595 14717 52 40
20718 21594 23 0 21832 7277 128 40
11712 22873 24 2 15259 22212 61 7
16544 20176 111 25 16871 22531 62 20
20802 21595 107 40 21832 20718 52 20
21594 16595 108 0 14717 13898 30 22
22212 16544 87 20 15259 7277 107 20
16871 20802 117 40 21595 22873 37 0
16595 20176 112 23 21594 21832 77 10
13898 22531 68 2 20718 11712 28 0
20802 14717 61 40 22212 16871 101 20
22873 15259 79 23 20176 21832 88 20
11712 21595 31 22 16544 21594 97 25
22531 14717 61 0 13898 7277 22 22
20718 16871 69 20 16595 22212 159 38
