15891 207 89 26 8902 247 92 20
15715 19477 20 0 9244 13615 65 0
6983 13048 111 20 7251 15147 69 22
12636 15887 36 20 10243 248 43 0
13617 12853 61 22 11456 4215 164 25
20848 14450 36 0 13293 9244 70 22
13615 15891 15 1 15887 7251 102 20
10243 13048 71 20 8902 4215 86 20
247 20848 94 20 12853 15147 34 2
11456 13293 126 20 12636 15715 66 24
19477 6983 42 22 14450 207 46 0
248 9244 32 22 13617 7251 77 20
11456 13615 109 20 20848 8902 111 20
10243 13293 91 20 12853 19477 22 22
248 207 95 25 15147 15715 71 2
13617 12636 90 20 13048 15891 79 20
4215 14450 74 40 247 15887 103 41
6983 10243 54 4 15715 20848 31 10
7251 12636 87 43 207 12853 101 25
13048 247 85 21 19477 11456 124 40
9244 8902 67 22 15887 6983 74 2
15891 4215 114 23 248 13293 35 0
14450 15147 52 2 13615 13617 97 3
15887 9244 34 2 207 11456 86 25
4215 20848 71 23 19477 12636 223 43
13293 13617 102 40 6983 247 78 22
13615 12853 46 2 13048 248 107 40
7251 8902 144 40 15715 14450 45 30
15147 11456 109 22 15891 10243 92 22
