16736 9974 207 53 19415 13085 117 43
10435 22417 153 40 21718 18200 95 0
14568 18527 219 53 18397 10602 97 55
22189 14172 95 24 6103 6147 57 10
21718 7823 29 3 22187 19415 120 45
18200 18397 108 5 10602 16736 72 0
22189 6103 79 28 13085 22417 91 23
14172 14568 160 52 10435 7823 148 43
22187 6147 80 14 18527 9974 230 57
18397 19415 164 50 6103 18200 67 24
21718 22417 17 2 14568 16736 185 29
10602 14172 79 24 22187 22189 62 3
6147 10435 132 46 7823 13085 83 26
9974 6103 174 60 18527 21718 91 20
16736 18397 153 54 14172 22187 95 28
10435 13085 93 4 19415 10602 73 40
22417 14568 161 27 6147 9974 87 38
18200 7823 94 3 18527 22189 138 40
13085 21718 62 3 14172 18397 179 45
10602 22187 155 40 22417 6103 81 4
18200 19415 30 0 6147 14568 114 32
16736 18527 152 48 22189 10435 180 40
9974 21718 125 24 7823 10602 85 27
13085 22187 84 20 14568 18200 105 30
19415 18527 148 40 22417 14172 97 24
7823 6147 35 13 6103 16736 121 8
18397 22189 125 34 9974 10435 167 28
