15303 16179 93 20 19653 21525 64 20
21380 15091 160 25 22124 21444 24 0
21788 5921 150 40 9881 10789 77 20
19653 21380 72 10 21525 21444 78 20
9881 21788 134 40 15091 16179 63 26
22124 15303 77 24 5921 10789 124 40
21380 9881 144 25 21788 19653 94 30
21444 15091 116 29 5921 15303 94 40
10789 22124 89 20 21525 16179 85 20
21444 21380 110 25 15303 9881 188 41
5921 21525 114 25 16179 21788 110 25
10789 19653 83 30 22124 15091 81 26
16179 5921 109 20 15303 21380 114 45
21525 22124 58 20 15091 9881 172 41
10789 21788 183 40 21444 19653 7 0
