19400 19885 21 0 7341 14976 75 27
18258 22140 19 2 14673 21771 18 3
8617 4717 44 40 7592 9013 59 10
18172 7477 144 40 4228 22604 99 24
19785 4227 73 20 16290 6323 69 0
8617 18258 108 29 21588 19400 73 20
21771 7592 29 3 19885 7341 61 25
4228 14673 105 24 4227 4717 51 0
6323 21588 77 25 18172 22140 30 5
7477 14976 71 4 9013 19785 65 20
16290 21771 36 25 22604 4717 0 0
14673 4227 68 20 18172 19400 118 0
4228 7341 110 26 18258 19785 64 3
7592 21588 21 0 16290 7477 87 30
22140 22604 13 0 14976 8617 90 27
19885 6323 33 0 14673 9013 58 10
19400 18258 77 25 4717 16290 94 20
19785 18172 67 20 21771 8617 103 25
6323 4228 155 24 14976 7592 60 10
7341 22604 54 3 21588 9013 61 20
7477 22140 89 0 4227 19885 50 0
14976 16290 95 35 18172 14673 109 0
4717 21588 66 40 6323 19785 57 20
7341 8617 111 24 4227 7477 81 20
9013 4228 113 24 22140 19400 71 20
22604 18258 38 3 7592 19885 88 0
21771 14976 62 10 21588 4227 71 20
4717 18172 168 45 22140 7341 70 24
19885 16290 13 0 8617 4228 217 45
19785 14673 97 20 22604 7592 20 0
19400 21771 69 20 7477 6323 82 24
9013 4227 73 0 18258 18172 102 3
