13475 310 127 35 3371 16568 32 23
13334 4995 67 2 8500 17522 140 50
8721 14639 13 0 8087 22324 32 0
8088 9384 102 20 10392 14803 37 20
11453 19167 15 0 4780 18657 74 5
10393 5361 92 40 479 9372 52 0
20789 15740 46 2 17126 4174 99 20
13475 8500 90 0 8721 17522 56 15
310 10392 121 40 13334 8087 73 20
19167 22324 84 0 4995 8088 80 25
18657 9372 91 20 14639 3371 43 22
15740 4174 96 20 9384 5361 123 45
479 11453 82 20 20789 14803 67 22
16568 17126 63 20 10393 4780 30 20
310 8721 144 25 4995 19167 48 22
22324 9372 54 2 17522 10392 80 35
3371 8500 124 43 15740 8087 63 40
5361 13334 150 45 11453 13475 73 20
8088 17126 77 25 16568 479 80 7
18657 20789 99 2 10393 9384 64 0
14803 4780 45 0 14639 4174 60 22
9372 8721 36 0 310 15740 154 25
3371 4995 42 2 10392 11453 88 20
8087 479 141 45 19167 13475 65 20
8500 16568 103 22 5361 18657 114 30
4174 14803 132 40 22324 10393 0 0
9384 14639 80 1 17126 13334 58 20
17522 8088 187 30 4780 20789 7 3
13475 8087 44 20 9372 4995 74 2
479 10392 144 40 8721 18657 147 25
4174 11453 33 20 8500 310 249 65
14803 19167 70 0 5361 17126 105 30
15740 10393 74 20 8088 14639 123 45
16568 20789 64 3 22324 13334 55 20
17522 4780 29 0 9384 3371 107 0
