20482 22527 17 10 13542 13140 65 20
13539 20483 56 20 22419 13141 3 0
12430 22418 42 0 8204 21988 31 0
21987 13552 30 0 18871 13142 2 0
13539 13542 58 20 20483 13140 12 10
22418 22419 39 20 22527 12430 49 0
13142 21988 6 0 18871 13141 15 0
21987 8204 44 0 13552 20482 35 20
13140 12430 24 0 20483 22418 32 0
13542 18871 40 40 13539 13142 47 20
20482 22419 40 20 21988 13552 69 20
13141 21987 22 0 8204 22527 33 0
13142 22418 24 0 20483 13542 56 20
18871 13140 39 20 22419 12430 42 20
13141 13539 73 20 20482 21987 28 10
13552 8204 54 20 21988 22527 13 0
13142 13542 31 20 13140 22419 7 0
13141 20482 20 0 22418 18871 35 0
12430 8204 59 0 13552 13539 96 40
21988 20483 21 0 22527 21987 27 0
22419 13142 12 0 22418 20482 9 0
12430 13552 87 20 13542 13141 84 20
22527 20483 23 20 8204 18871 59 20
21987 21988 21 0 13140 13539 115 20
