17155 16734 29 20 10016 13019 95 40
17181 7693 86 20 14638 7689 26 20
18954 8487 42 5 14757 8531 122 43
15004 7689 113 20 16734 13019 66 24
8487 17155 35 5 7693 14638 76 20
17181 10016 121 25 15004 18954 77 2
7689 14757 75 23 8531 17155 94 40
15004 17181 105 8 13019 8487 39 20
18954 14757 119 28 7693 16734 44 0
8531 14638 73 40 10016 15004 154 40
14757 17155 141 23 18954 17181 40 4
13019 7693 104 29 10016 8531 116 40
8487 14638 62 20 7689 16734 35 0
15004 13019 111 24 14757 7693 94 23
18954 10016 115 2 8487 7689 28 0
16734 8531 112 20 17155 17181 72 5
14638 15004 137 23 13019 18954 28 2
