21386 22236 93 40 19947 22717 57 20
22895 11947 3 0 10354 10055 117 30
22045 13822 40 2 16685 20249 41 20
14503 21386 149 65 12456 20394 125 5
22045 16685 80 40 10354 22236 134 20
13822 22895 32 2 19947 12456 74 20
14503 20249 129 45 22717 10055 74 20
20394 19947 176 25 11947 16685 22 0
14503 22717 120 45 22895 22045 50 22
21386 12456 35 0 20249 10354 43 0
20394 22236 105 25 10055 13822 60 2
11947 12456 33 0 22717 16685 32 20
19947 10354 152 34 10055 14503 177 60
13822 11947 42 2 21386 22045 67 40
20249 20394 109 1 22236 22895 57 0
10055 19947 131 45 12456 22045 66 20
22236 20249 78 24 11947 14503 55 20
22717 10354 56 5 13822 20394 127 7
16685 21386 83 40 22895 14503 133 40
