16971 12682 99 35 6200 6199 22 0
19575 17023 83 24 13193 5037 145 23
6198 15321 47 20 18255 22139 179 45
12682 5199 85 33 16033 8907 84 45
16971 13193 47 0 18255 5037 226 65
17023 6200 99 24 8907 22139 54 25
16033 6198 124 40 15321 19575 49 20
6199 18255 135 40 5199 17023 97 27
15321 16033 98 20 6200 13193 41 5
22139 16971 70 0 19575 5199 28 0
12682 8907 184 53 6198 5037 76 20
6199 22139 38 0 13193 16033 122 25
5037 6200 159 48 5199 6198 41 20
15321 12682 123 50 17023 16971 111 24
8907 18255 181 31 6199 19575 32 0
17023 16033 163 44 16971 6198 58 20
13193 15321 139 45 5199 8907 59 20
19575 18255 131 30 12682 6200 89 25
5037 6199 113 28 22139 15321 75 20
