15173 13245 153 45 19571 9686 119 30
17456 1002 32 20 18009 19987 66 3
10219 12864 64 20 14165 11347 116 20
9686 19987 65 0 19571 18009 128 33
13245 17456 98 20 14165 10219 69 24
11347 12864 97 40 1002 15173 170 20
9686 14165 28 0 19987 10219 91 0
18009 15173 101 0 17456 12864 45 0
1002 11347 106 0 13245 19571 163 25
10219 18009 86 27 15173 14165 85 20
19987 19571 116 30 12864 13245 112 20
9686 1002 80 40 11347 17456 52 0
15173 19571 165 50 19987 14165 65 0
10219 9686 24 0 12864 1002 50 20
13245 11347 162 40 18009 17456 62 20
