19792 15889 70 14 14841 20253 88 15
21787 17280 41 0 18682 18850 0 0
11665 18858 25 0 12991 21517 65 20
18682 14841 68 0 18815 20253 35 4
12991 19792 76 10 18850 21517 70 20
11665 15889 17 3 18815 21787 25 2
20253 17280 46 2 18858 21517 74 0
14841 18850 63 10 18815 11665 13 2
21787 18858 51 20 19792 18682 29 10
15889 14841 64 12 17280 12991 85 20
18850 21787 48 20 20253 18858 34 2
18815 12991 57 25 17280 19792 71 10
21517 11665 47 5 18682 15889 7 3
18858 18850 38 20 14841 18815 39 0
21787 18682 53 20 15889 12991 93 22
20253 19792 58 12 17280 11665 70 0
21517 18815 77 7 14841 21787 65 5
