19669 22485 22 2 22237 15337 43 0
19861 19708 80 5 16379 20219 94 7
21230 8693 20 20 6188 17595 64 20
12069 22484 33 20 21674 15337 99 20
6188 19708 77 25 19861 19669 40 2
17595 22237 7 0 16379 12069 80 50
20219 22484 20 2 22485 21230 33 0
21674 16379 43 25 19669 8693 63 20
12069 6188 59 20 22484 22485 21 0
15337 19708 66 10 17595 21674 83 20
8693 19861 130 5 22237 21230 42 0
20219 19669 54 2 12069 17595 50 20
16379 19861 60 9 22485 21674 41 0
21230 22484 7 0 19708 22237 66 25
15337 20219 85 0 8693 6188 105 40
17595 19669 44 22 22484 19861 75 15
22485 12069 43 20 19708 8693 174 50
21674 22237 80 0 20219 6188 56 20
21230 16379 39 10 15337 12069 91 20
20219 15337 94 26 8693 12069 46 20
22484 21674 164 20 19708 22485 132 35
19861 6188 86 13 22237 17595 110 5
21230 8693 75 20 19669 16379 121 40
