18339 15382 30 5 16956 17223 27 0
265 22355 45 0 15266 18740 39 0
8823 9224 17 3 20293 21180 233 41
21355 11570 62 33 19417 19367 68 5
21923 20256 35 20 10760 10824 76 20
6914 4116 98 23 4267 20058 8 0
15382 265 97 20 18339 8823 60 0
16956 15266 42 10 11570 20293 165 23
19417 10760 122 20 17223 9224 43 20
6914 21923 16 0 22355 21355 66 10
21180 20058 122 36 10824 4267 80 20
4116 18740 62 23 20256 19367 109 45
15266 19417 77 10 8823 10760 73 0
17223 11570 55 3 6914 265 76 25
9224 4267 14 5 21923 16956 33 0
18740 21355 34 0 20058 15382 99 10
19367 21180 190 41 20256 18339 36 20
20293 22355 90 5 4116 10824 107 44
4267 21923 20 20 265 19417 119 39
16956 8823 30 0 18740 6914 54 20
20058 20256 52 30 9224 11570 122 23
20293 18339 86 20 10760 22355 108 30
19367 10824 142 44 15382 15266 33 0
21355 17223 47 10 21180 4116 203 36
265 16956 83 22 20058 19417 60 20
11570 10760 125 23 18740 4267 14 0
15382 20293 120 5 20256 6914 81 20
10824 18339 67 4 9224 21355 100 30
15266 4116 64 12 21180 21923 148 52
19367 17223 58 20 22355 8823 19 0
