16439 15167 214 59 18264 19458 136 62
10001 9064 133 45 14575 21774 234 29
12518 12096 200 37 14607 3749 142 23
15304 965 119 4 8395 17774 142 20
19890 7 216 58 19941 21232 158 68
18442 16605 81 0 8393 12838 246 67
3749 8702 138 24 194 16439 98 5
18264 14575 61 20 12518 8395 142 20
19941 12096 186 60 15167 10001 273 66
19890 17774 148 48 12838 21774 135 24
21232 965 189 61 18442 14607 149 28
16605 8702 162 70 7 19458 200 32
194 9064 134 40 8393 15304 183 50
3749 18264 111 24 10001 17774 143 20
12838 15167 158 60 965 12518 118 4
16439 14607 171 50 14575 7 145 29
16605 194 89 20 21232 8395 291 61
19458 8393 224 87 12096 19890 162 30
19941 21774 222 51 8702 15304 182 50
7 9064 133 40 3749 18442 141 26
17774 14607 85 0 194 15167 191 37
12096 14575 209 57 965 16605 137 24
15304 10001 137 45 19458 12518 129 8
21774 21232 148 24 8393 16439 263 90
8395 19890 165 5 8702 18442 164 25
12838 19941 123 27 9064 18264 98 20
965 7 212 60 10001 194 67 25
15304 3749 55 4 15167 14575 171 25
17774 12518 91 25 8702 8393 238 50
16605 16439 80 24 9064 19890 139 0
8395 19458 219 67 14607 19941 200 50
12096 18442 202 58 21774 18264 60 4
10001 12838 118 23 21232 3749 243 65
