16374 20062 93 20 6962 20061 120 22
20063 20060 81 0 20065 9378 54 2
5159 20066 75 4 6175 20076 48 2
20064 20061 67 20 20063 20065 52 2
6962 20060 114 20 5159 6175 158 24
9378 20062 102 0 20064 20076 21 2
20066 20065 35 10 16374 5159 157 28
20076 6962 12 0 20060 20061 83 0
20062 6175 36 3 16374 20063 72 0
9378 20064 52 22 20066 6962 22 0
20065 6175 11 2 20062 20076 29 0
20061 20063 70 20 20060 20066 99 20
16374 20064 79 26 9378 5159 105 24
20060 20065 101 20 20066 20062 18 0
20076 20063 27 0 6962 16374 118 20
20061 5159 114 24 6175 9378 52 0
20076 16374 108 24 20064 20060 94 20
