19670 9530 74 20 18442 21494 163 40
18792 15308 181 60 20096 20831 128 24
21937 3749 113 10 14971 4991 77 12
20828 21496 18 0 8535 965 70 34
12134 20830 13 0 12118 21524 168 35
21497 10452 106 24 9956 20194 200 59
8395 18792 120 13 18442 20829 103 25
21494 21937 160 40 21496 20096 154 49
12118 19670 92 20 4991 20828 81 10
15308 9956 229 65 8535 12134 66 0
965 14971 40 14 10452 20831 79 2
21497 20829 106 29 21524 3749 162 49
20194 8395 101 34 20830 9530 37 0
21494 8535 128 40 12118 18792 141 33
4991 21496 70 15 18442 10452 125 25
21497 19670 179 71 14971 15308 102 22
20096 965 111 20 9530 9956 186 60
20828 21524 110 34 8395 21937 87 23
20831 12134 73 4 3749 20194 100 20
20829 19670 144 42 21496 20830 96 5
9530 4991 123 30 18792 21497 200 63
14971 18442 133 25 9956 20828 161 52
3749 12118 22 0 15308 8395 109 20
20194 21524 205 49 21494 965 94 20
20830 8535 74 22 21937 20831 89 5
12134 10452 92 0 20829 20096 145 6
3749 9956 208 59 19670 18792 179 70
21496 14971 45 25 12118 20194 85 14
20830 21494 149 27 20828 21497 109 25
20096 18442 188 49 21524 8535 141 55
965 4991 121 20 12134 8395 60 4
10452 15308 143 20 21937 9530 118 40
20831 21494 134 22 20829 12118 64 2
