7247 6625 94 35 15201 13460 132 43
10383 6661 168 40 14736 19715 106 31
6252 13206 155 25 10656 5445 60 23
5094 20404 105 23 7495 22046 29 0
7880 6420 60 20 11834 8922 68 24
9203 22505 45 20 9968 6625 102 20
22046 20404 28 0 14736 6252 160 40
10656 7247 81 40 5094 8922 99 31
6420 15201 93 40 13206 19715 73 31
9203 7880 38 20 5445 6661 74 23
11834 9968 100 44 13460 10383 139 23
7495 8922 18 5 22505 19715 56 11
6625 9203 71 20 10656 6420 106 40
13460 22046 70 33 15201 7880 48 20
5094 9968 188 48 6252 6661 134 48
22505 11834 63 24 20404 13206 105 40
5445 14736 93 23 7247 7495 59 22
22046 10383 80 1 6625 6420 58 20
19715 10656 98 31 9968 7880 49 20
13206 13460 138 48 6661 7495 95 29
14736 11834 78 20 9203 5094 127 23
8922 15201 72 23 20404 5445 65 23
7247 6252 160 55 10383 22505 61 0
7495 9968 37 22 11834 22046 83 4
19715 5445 151 21 6625 5094 83 8
6661 20404 126 44 6420 7247 121 35
15201 10656 90 20 22505 14736 83 20
13460 6252 142 48 8922 9203 85 23
13206 5094 148 53 7880 10383 94 25
6661 15201 155 40 10656 11834 58 24
19715 7247 88 35 22046 9203 79 4
7880 6625 41 0 6252 7495 83 27
5445 22505 19 3 6420 13460 167 23
8922 14736 78 23 9968 13206 107 20
20404 9203 37 0 10383 10656 114 20
