3848 7609 80 20 4216 14535 69 8
22321 6226 48 0 18568 14235 79 30
14338 22316 48 20 7159 5015 46 20
18263 3650 130 30 9049 14496 80 0
7609 6226 54 20 22321 3848 66 40
5015 14535 141 49 14235 7159 26 0
4216 9049 51 15 22316 18263 65 10
14496 18568 131 40 14338 3650 103 40
7159 3848 36 0 14235 22321 109 40
5015 18263 103 30 9049 14535 50 24
3650 4216 148 35 6226 14338 29 0
14496 22316 120 20 18568 7609 42 20
18263 9049 80 15 22321 7159 58 20
5015 14338 24 0 6226 3848 15 0
3650 18568 74 40 14535 7609 139 28
14235 14496 118 20 22316 4216 61 10
14338 7159 43 20 9049 6226 26 0
3848 5015 22 0 18568 18263 52 0
22316 14235 68 20 7609 3650 104 20
14535 22321 92 24 14496 4216 144 40
7159 9049 34 20 3848 18568 87 20
7609 14235 84 40 18263 14338 62 30
4216 22321 78 15 3650 5015 111 20
14535 14496 196 53 6226 22316 39 0
