16970 12656 43 0 18672 19953 33 23
22323 12651 22 0 3208 16660 24 10
15439 3825 8 1 18848 4951 65 40
12651 12656 81 20 18672 22323 22 3
16660 15439 19 0 16970 3825 87 20
4951 19953 60 20 3208 18848 52 0
18672 16970 68 22 3825 22323 40 0
4951 3208 61 20 12656 16660 10 0
18848 15439 16 0 19953 12651 124 40
4951 18672 80 22 16970 3208 48 20
12656 3825 12 0 12651 15439 72 0
19953 18848 33 0 16660 22323 16 0
12651 3208 41 20 15439 16970 99 20
22323 19953 57 20 3825 4951 53 20
16660 18848 48 20 12656 18672 16 3
