7373 14100 114 20 12689 4232 186 20
10158 16346 98 0 4221 14821 129 20
5898 4100 107 24 12995 12420 234 20
11347 13245 138 40 14892 5161 112 40
15500 16633 19 0 14682 22023 143 23
18556 9785 88 55 19571 9206 209 33
17421 10219 197 20 21721 1002 123 20
14116 14470 114 45 2858 17694 85 30
15173 14393 172 49 4232 18389 166 25
13245 4100 189 48 22023 10158 243 45
14892 4221 96 0 16633 12689 145 23
12995 18556 54 43 14821 15500 123 23
19571 14682 176 38 1002 14116 188 49
14393 21721 138 35 5161 9785 83 50
9206 18389 161 43 14470 14100 137 40
7373 2858 131 29 10219 5898 95 20
17421 11347 149 20 17694 15173 109 0
16346 14116 71 40 12420 18556 157 45
9785 1002 174 25 12689 15500 107 23
22023 14892 101 30 14821 14393 105 40
12995 4232 54 20 4221 10219 184 20
4100 16633 163 44 7373 17421 118 20
14100 5161 62 20 17694 16346 130 20
14470 15173 181 29 13245 12420 134 20
14682 5898 58 0 21721 9206 116 25
11347 19571 130 3 2858 18389 129 23
10158 14892 200 40 14116 10219 127 40
1002 17694 124 45 4232 16633 119 40
14393 4221 141 40 13245 18556 74 0
9785 12995 171 64 22023 7373 96 44
18389 12689 241 46 12420 14682 148 40
15173 14821 150 43 5898 19571 192 33
15500 17421 116 0 14470 16346 149 45
9206 2858 113 25 5161 10158 133 30
14100 21721 58 30 4100 11347 96 29
18389 7373 110 23 18556 14892 109 23
9785 17694 72 30 14682 4221 216 40
5898 1002 183 33 16346 13245 79 0
5161 22023 84 28 14116 17421 208 60
14393 12689 175 48 10158 12995 177 53
12420 15500 110 5 9206 11347 203 45
16633 2858 172 45 14100 15173 147 46
19571 4232 148 53 21721 14470 128 35
10219 14821 150 43 4100 9785 92 28
