22139 18255 152 45 6199 5037 0 0
15321 12682 73 0 8907 13193 57 26
16033 6198 17 0 19575 5199 22 0
16971 6200 50 0 17023 22139 60 24
12682 5037 160 47 16033 15321 34 0
17023 5199 92 20 19575 13193 47 0
6198 6199 38 0 8907 16971 50 20
18255 13193 193 50 6200 16033 61 20
16971 19575 23 0 22139 15321 42 20
6200 6199 60 20 12682 6198 160 30
5199 8907 35 1 5037 17023 127 44
18255 19575 128 30 16971 12682 92 30
15321 6200 104 20 5199 6199 20 0
5037 22139 84 24 13193 6198 101 44
8907 17023 85 21 18255 16033 70 0
22139 16971 48 0 5199 12682 104 30
6198 15321 41 0 17023 18255 125 25
5037 8907 112 33 6200 19575 45 20
13193 16033 114 24 6199 16971 9 0
