19652 19720 138 20 17576 10836 42 0
19168 11392 185 51 19508 22441 126 21
10635 11382 94 25 19757 18183 99 24
21333 12679 70 30 18149 10420 42 25
10421 9342 30 0 22499 12606 74 20
17335 21350 84 20 14683 9411 149 25
10093 12982 55 20 2923 12868 112 20
9929 19168 183 40 19757 17576 91 21
19508 19652 155 21 18183 12679 96 30
11392 10421 115 20 10836 21333 171 40
10420 22441 26 11 9342 21350 87 20
11382 18149 20 20 17335 12868 186 40
19720 9411 139 20 10093 10635 114 25
2923 22499 62 0 9929 14683 153 45
12982 17576 62 0 12606 19508 141 40
9342 12679 69 10 10836 19168 104 20
17335 19757 108 20 19652 11392 168 41
10420 9411 33 20 10421 12868 172 20
2923 11382 31 20 21350 21333 130 40
18183 9929 169 44 19720 12982 65 20
10635 18149 136 40 22441 22499 13 1
12606 14683 159 45 10093 10836 88 40
12868 19508 123 20 9342 19757 131 1
10420 17335 78 20 19168 2923 125 50
12679 19720 146 30 11382 10421 34 0
11392 17576 142 41 18183 18149 187 25
22499 21350 85 20 19652 10093 127 40
12982 21333 114 45 14683 10635 154 30
22441 12606 87 21 9411 9929 183 20
10836 19508 234 41 11382 10420 63 20
18149 9342 28 0 19720 2923 124 40
17576 10093 61 0 12679 17335 99 10
12868 10635 177 25 21350 11392 125 31
12606 18183 116 25 21333 19168 125 20
22499 19757 78 1 9411 12982 98 20
10421 14683 49 25 22441 19652 138 21
9929 10836 160 40 9342 17335 72 20
