4943 20373 95 20 596 20163 15 0
18254 14663 153 30 19727 21326 75 20
19655 18340 91 20 17759 20720 105 20
19761 596 214 40 16236 14663 178 27
19727 17759 225 5 20720 4943 8 0
19655 20373 146 40 18254 19761 234 52
21326 16236 182 65 20163 18340 96 0
20373 596 137 40 19727 19655 112 0
20163 16236 143 45 18254 17759 233 53
19761 20720 34 20 21326 4943 34 20
18340 17759 108 20 20373 14663 108 22
16236 4943 170 40 21326 19655 107 40
20720 18254 183 32 14663 596 25 20
19727 20163 77 20 18340 19761 72 20
596 21326 70 40 17759 20373 251 65
14663 19727 58 0 20163 19655 134 40
18340 18254 160 32 4943 19761 65 22
20373 16236 139 35 20720 19727 87 0
