18759 8902 90 20 13107 247 108 45
11456 12636 126 49 10243 248 45 4
13105 14450 63 24 11396 10603 55 0
9244 13103 61 2 18757 18760 87 44
7026 18758 141 45 15231 3777 16 2
8902 11456 139 30 18759 10603 94 20
247 248 31 4 13103 11396 78 0
14450 15231 2 0 12636 3777 79 26
9244 13105 50 6 10243 7026 132 20
13107 18760 91 40 18758 18757 116 44
18759 11396 10 0 13103 3777 110 25
10603 15231 54 5 248 9244 79 2
247 13105 94 49 11456 18758 140 30
10243 18757 89 20 8902 14450 102 40
12636 13107 96 20 18760 7026 141 40
3777 9244 14 2 11456 247 92 45
18758 18759 109 40 248 14450 36 20
11396 18760 65 20 8902 7026 104 20
10603 10243 91 0 13107 13103 95 40
15231 12636 73 20 18757 13105 94 20
11396 8902 100 0 18758 9244 35 0
7026 13103 161 40 14450 11456 115 25
18757 12636 112 24 10603 247 84 28
3777 248 54 24 13105 13107 102 40
18760 10243 141 20 15231 18759 32 20
