8487 17155 91 20 16355 20225 51 0
17181 15004 146 24 11717 13019 90 24
10016 14638 92 26 18954 7693 152 48
22415 14757 149 48 7689 16734 101 40
16355 15004 189 43 17181 20225 87 20
14638 13019 124 20 10016 8487 78 3
11717 7689 102 44 16734 7693 176 52
14757 18954 121 23 17155 22415 120 45
13019 10016 138 46 20225 14638 68 10
8487 16734 103 40 7689 17181 101 40
7693 15004 158 48 17155 14757 77 43
22415 18954 60 20 11717 16355 61 24
16734 20225 96 20 14638 17181 155 40
7689 10016 131 43 15004 17155 185 48
18954 11717 85 44 14757 8487 114 23
22415 16355 161 45 13019 7693 92 24
16734 17181 71 20 17155 10016 91 26
15004 7689 165 52 14638 18954 113 40
14757 11717 111 50 13019 16355 117 45
20225 8487 99 30 7693 22415 113 20
