20167 20422 0 0 21239 14195 115 25
22650 15171 119 25 16687 8380 80 20
21303 14129 78 40 18365 12499 112 35
14195 19793 79 24 20355 1622 48 5
15171 21239 212 50 18365 22650 39 10
1622 16687 20 2 14129 20167 62 20
12499 20355 111 25 20422 8380 35 25
19793 21239 163 27 21303 16687 45 4
8380 18365 94 15 14195 1622 17 0
20167 20355 78 20 22650 21303 41 0
20422 19793 69 17 15171 14129 173 50
12499 22650 87 24 16687 14195 44 0
8380 20167 69 0 19793 18365 80 20
1622 21303 27 0 15171 20422 155 25
21239 20355 177 50 14129 12499 142 40
20422 18365 34 0 22650 19793 68 3
20355 15171 128 10 20167 21239 156 64
16687 14129 87 2 21303 14195 15 0
12499 8380 98 0 1622 20167 18 0
18365 16687 93 10 20355 20422 31 24
21239 21303 130 35 8380 1622 72 0
14195 12499 45 25 19793 15171 189 36
8380 22650 77 10 14129 1622 36 0
