6567 3750 71 0 5485 21428 109 20
16700 5319 61 20 14281 10949 184 33
22240 13371 165 44 12736 12915 63 0
8397 4809 151 24 7230 6955 194 44
6347 5484 118 0 8863 14903 160 3
4654 12833 140 16 18773 13510 108 25
5356 6460 171 48 12331 12737 59 10
21428 12736 72 20 12915 16700 164 20
22240 8397 198 44 6567 5319 67 2
13371 6347 153 20 6955 5485 110 29
7230 13510 102 3 10949 8863 171 45
12737 3750 131 45 18773 14903 169 32
6460 12331 157 20 14281 4654 109 23
4809 5356 202 28 5484 12833 200 51
6955 6567 113 20 5319 12736 116 20
5485 16700 121 0 13510 22240 130 24
8397 10949 200 32 13371 12737 192 45
4654 8863 195 50 3750 12915 39 0
5484 12331 97 8 12833 7230 183 40
14281 18773 121 3 5356 6347 139 56
21428 14903 202 53 4809 6460 101 20
12737 6567 170 45 13510 6955 129 26
5485 4654 177 45 10949 12736 149 45
12833 8863 217 57 13371 16700 65 20
5319 7230 99 24 5356 3750 198 52
14903 14281 180 34 8397 21428 158 29
4809 12915 129 0 12331 6347 116 20
18773 5484 111 24 6460 22240 123 20
8863 12737 172 55 12833 5485 169 57
6955 5356 156 24 16700 4654 167 20
14903 13510 135 33 5319 13371 158 40
12736 14281 94 20 3750 4809 59 20
10949 22240 147 24 21428 12331 109 0
6347 7230 168 43 6460 6567 133 40
12915 18773 37 0 5484 8397 117 5
