3825 18848 57 21 20130 18672 31 0
20139 22323 37 0 20140 19953 85 20
15947 12651 101 25 15439 12656 45 3
16660 16970 81 4 4951 20129 60 20
18672 20140 16 0 20130 3208 69 15
12656 3825 32 0 15439 22323 164 3
4951 16970 125 46 15947 18848 63 21
3208 16660 58 10 20139 12651 71 20
20129 20130 38 0 19953 15439 129 23
18848 4951 50 0 12656 20140 26 0
16660 18672 46 10 16970 20139 101 30
19953 3208 124 20 3825 15947 26 0
20129 22323 131 20 12651 18848 139 41
16660 15439 94 2 20140 16970 56 24
20139 15947 24 10 3825 20130 32 0
3208 20129 156 35 22323 12656 31 10
12651 19953 160 45 18672 4951 80 30
18848 15439 87 23 16660 20139 17 0
16970 20130 75 14 12656 3208 63 24
20140 3825 17 0 20129 12651 108 0
4951 15947 110 20 22323 18672 35 0
19953 12656 89 20 18848 16660 84 0
