13480 13484 33 2 7299 20118 42 2
22149 7742 23 2 8548 10548 9 2
21939 16451 39 0 8563 12217 30 2
9876 6424 36 0 7299 21499 56 20
7742 10548 56 22 16451 13480 44 20
21939 22149 10 2 20118 9876 85 22
6424 8563 13 2 8548 13484 42 2
12217 13480 101 0 21499 22149 2 0
9876 21939 54 20 13484 6424 84 2
7299 8548 79 20 10548 12217 56 2
21499 8563 20 0 20118 7742 55 2
16451 7299 83 40 21939 8548 21 0
21499 13484 12 2 10548 22149 29 3
13480 9876 57 0 8563 16451 58 22
20118 6424 28 2 7742 12217 55 20
13484 7299 74 2 16451 21499 62 40
12217 20118 69 7 9876 10548 66 22
6424 8548 20 0 13480 21939 4 0
7742 8563 48 22 22149 7299 30 3
8548 13480 18 0 13484 9876 86 22
10548 21499 29 2 8563 21939 24 2
22149 20118 38 2 6424 16451 31 0
12217 21939 48 20 13484 7742 77 20
