8651 16489 193 51 16151 6273 120 30
20217 18364 34 0 17341 6556 81 0
14236 11279 131 0 12389 10191 142 20
13176 14799 87 24 6302 12272 87 40
16151 12390 161 20 14627 8651 120 20
6273 11279 145 28 20217 17341 75 20
6302 14799 87 44 14236 18364 130 32
16489 12389 150 48 14627 13176 81 24
12390 6556 225 48 10191 12272 110 40
20217 6302 67 20 8651 16151 218 45
17341 14627 96 7 13176 14236 110 28
6556 11279 69 3 14799 16489 123 24
10191 6273 161 43 18364 12272 52 20
12389 6302 125 20 12390 20217 149 20
8651 13176 127 23 14799 6556 155 31
18364 10191 104 20 14627 16489 204 40
12272 16151 106 25 12389 17341 98 34
6273 14236 122 52 11279 12390 192 40
10191 14627 190 44 14799 20217 110 24
16489 17341 79 24 6302 8651 137 48
16151 12389 70 20 6556 6273 214 49
18364 12390 96 25 11279 13176 117 20
12272 20217 101 20 16489 14236 104 44
6556 6302 133 26 6273 14627 180 44
17341 14799 93 20 12390 12389 125 20
12272 8651 106 23 11279 18364 93 0
13176 16151 110 20 14236 10191 120 24
