8291 11978 13 3 9161 13811 67 0
13472 18310 46 24 6566 18072 64 0
20313 11030 59 24 17658 4705 11 2
16412 14445 54 40 20325 13472 143 44
9161 17658 48 23 4705 18072 47 0
20325 6566 80 0 11978 20313 15 2
16412 8291 9 0 18310 11030 12 0
13472 14445 66 20 20313 13811 42 2
11030 9161 106 30 17658 6566 22 5
13811 4705 33 0 18310 20325 62 20
18072 16412 82 0 14445 8291 3 0
13472 11030 167 34 11978 9161 45 23
18310 4705 32 0 20325 14445 86 20
18072 11978 24 3 17658 16412 28 3
6566 20313 10 0 8291 13811 24 4
11030 11978 38 3 14445 18072 34 0
9161 20313 61 20 16412 18310 73 20
17658 20325 107 23 8291 13472 56 22
13811 6566 93 2 4705 16412 62 33
18072 9161 53 3 20313 20325 58 20
13811 18310 27 2 11030 17658 78 4
4705 8291 18 2 11978 13472 73 27
14445 17658 12 3 6566 9161 53 20
