18927 13738 60 4 11866 11780 160 25
8089 12494 23 3 20099 17868 53 20
16209 18151 48 21 10660 12789 70 2
17165 13507 53 5 19774 16169 40 22
22760 17868 78 20 17700 11866 73 20
12494 12789 51 3 13738 10660 83 2
19774 20099 30 2 16169 16209 33 20
17700 11780 70 20 18151 13507 127 5
8089 17165 9 0 22760 18927 125 24
19774 10660 64 0 11866 17868 117 25
16169 18151 113 25 12494 13738 7 2
16209 11780 44 2 8089 22760 42 0
12789 18927 88 0 20099 17700 0 0
13507 13738 53 20 17868 17165 39 0
18151 11866 140 25 16169 8089 24 20
11780 22760 132 20 12789 19774 84 22
10660 20099 43 5 17165 17700 21 0
13507 12494 35 0 18927 16209 90 20
17868 16169 97 45 11780 12789 130 0
19774 17700 54 22 13738 8089 4 0
17165 11866 120 25 12494 16209 51 23
22760 10660 75 0 13507 20099 55 20
18927 19774 71 2 18151 17868 107 20
