15419 4221 90 3 17333 22327 24 2
18389 22328 126 20 21608 6988 24 0
20309 16585 80 10 17694 14393 84 20
8433 16436 78 2 15522 15500 32 0
19917 15419 35 0 22328 6988 66 20
18389 21608 138 20 4221 20309 71 1
16585 15522 8 0 17333 15500 48 22
22327 17694 17 0 19917 16436 41 0
14393 15419 117 20 8433 18389 110 20
20309 6988 13 0 22328 16585 92 1
15500 19917 92 4 16436 17333 11 0
22327 21608 32 0 14393 15522 79 20
4221 22328 197 41 17694 8433 24 3
15500 20309 81 23 6988 15419 61 0
16436 22327 60 0 16585 18389 115 20
15522 19917 64 24 14393 4221 202 41
8433 17333 41 3 17694 21608 42 0
22328 20309 84 0 15500 22327 77 0
6988 14393 105 20 16436 4221 82 21
15522 17694 19 0 15419 18389 145 20
21608 8433 24 0 19917 16585 70 0
17333 22328 62 3 20309 16436 84 40
