18421 10523 46 20 18312 15186 10 0
18445 17062 10 0 8081 22295 87 20
12889 18420 145 32 6174 16817 92 20
15461 14584 31 0 14436 9743 133 30
14855 22120 58 20 10369 13910 50 0
6174 22295 96 20 10523 18312 40 2
8081 14436 174 45 18420 18421 78 23
15186 14855 50 0 14584 12889 47 0
15461 13910 33 0 17062 10369 53 0
9743 22120 84 20 16817 18445 34 0
10523 18420 101 23 14584 14855 119 0
15186 6174 72 7 10369 8081 69 20
22120 18312 103 22 9743 17062 47 0
22295 12889 31 0 13910 14436 122 25
16817 18421 55 0 15461 18445 103 21
6174 14584 111 5 17062 22120 85 24
13910 9743 12 0 18420 15186 100 22
12889 18312 46 2 8081 15461 67 0
22295 18421 61 7 16817 14855 28 0
18445 10369 27 2 14436 10523 119 25
18312 8081 58 20 13910 14584 43 0
18420 15461 74 26 22120 22295 96 24
18445 14436 102 5 14855 6174 57 23
17062 16817 48 0 15186 10523 47 2
10369 9743 40 0 18421 12889 80 20
