16838 12689 66 20 16906 15292 18 0
14101 18560 13 0 22023 18520 74 40
16633 16632 98 25 18554 14821 69 20
15156 21628 87 20 18557 16631 133 23
14943 6989 11 2 14471 16346 81 43
12694 112 76 20 19899 14470 50 0
16282 18553 59 20 16345 18556 81 23
12687 15290 66 2 14100 14468 84 20
22 525 7 2 19998 14116 106 20
4232 16632 87 22 16906 16344 15 0
18560 16633 78 20 21628 6989 25 0
16631 22023 90 23 12689 14470 117 49
14101 14943 2 0 16838 16282 27 20
14468 18554 77 40 14471 12694 67 20
16346 18553 94 43 22 12687 32 2
18556 15292 125 23 4232 14821 57 4
525 18557 97 20 15290 112 25 0
15156 19899 83 20 18520 19998 104 40
16344 14116 116 20 16345 14100 48 20
14943 16906 21 10 16633 22023 127 3
14470 16282 76 20 16632 14471 98 43
18556 16838 121 23 18560 22 17 0
12687 18557 120 22 12694 14101 57 20
15292 19899 35 20 18554 16631 99 20
14821 14116 107 45 15290 18520 64 20
19998 14100 116 20 16346 21628 56 23
12689 16345 119 40 4232 15156 67 22
18553 16344 49 20 14468 525 101 23
112 16906 31 0 6989 16282 23 0
14943 18557 103 25 15292 22 16 2
19899 15290 52 20 16633 18556 171 48
18520 21628 83 40 16838 18554 30 20
14470 18560 55 4 14821 15156 50 20
16631 4232 94 23 16346 525 46 22
6989 16345 82 40 14468 16632 83 20
14116 14101 123 40 112 12689 68 40
14471 19998 124 24 16344 12687 22 2
22023 14100 109 43 12694 18553 115 40
16282 18520 32 20 18557 16633 169 48
18554 15290 40 20 16906 18560 26 0
14470 16346 116 20 16345 16838 41 20
16632 12689 42 20 21628 14943 16 2
15292 12687 32 2 14116 15156 171 45
18556 14471 50 20 112 22023 81 23
14821 14468 72 40 19998 14101 88 40
18553 4232 99 28 6989 19899 65 0
22 16631 86 20 16344 12694 74 20
525 16633 144 27 14100 14943 74 22
