4721 4719 44 2 5189 5188 29 0
12115 20778 94 20 22629 3033 61 22
15758 17329 52 0 13895 21879 84 20
13893 4720 48 10 13896 5681 18 3
21352 22540 59 0 22541 19935 33 1
13895 17121 47 2 20778 10632 44 9
4719 12115 140 20 5681 15758 62 5
21879 13896 58 22 19935 5188 21 3
3033 22541 74 6 5189 4720 47 10
22629 10632 114 17 13893 21352 20 4
4721 22540 41 3 17121 17329 35 1
5681 21879 115 20 13895 5189 29 2
20778 15758 51 0 4720 21352 45 10
19935 13893 22 2 17121 3033 65 1
22541 22629 49 5 13896 4721 31 3
5188 22540 67 20 12115 10632 76 10
17329 13893 2 0 4719 20778 62 0
4720 13895 68 12 19935 4721 35 5
13896 3033 89 26 22540 15758 68 0
5188 5681 54 10 17329 22629 14 0
21879 22541 98 0 10632 4719 16 0
5189 21352 47 0 17121 12115 106 10
20778 19935 25 3 5681 4721 50 1
13895 4719 28 0 22540 22629 33 4
10632 5189 44 20 17329 13896 13 0
15758 5188 76 20 22541 13893 60 3
4720 17121 41 10 21879 12115 154 20
21352 5681 65 20 3033 13895 84 20
