16700 13510 55 35 20807 7230 103 24
20203 5356 53 9 18773 18 162 4
10949 22612 118 49 12399 19783 81 20
7486 12414 59 0 4654 12011 77 0
11995 12331 14 0 11205 22240 110 0
5484 21428 91 0 21429 20805 84 30
20228 20841 85 0 20203 21378 20 0
16700 12011 94 20 18773 10949 83 40
20807 4654 65 0 19783 22240 128 23
20805 12399 102 0 7486 11995 105 20
7230 22612 111 24 21429 20228 115 0
13510 21428 50 0 12414 5356 147 56
5484 18 126 24 12331 21378 1 0
11205 18773 124 25 20841 7486 113 10
21429 16700 60 45 4654 20203 158 40
12011 19783 81 20 13510 20228 70 0
5356 20805 121 24 22240 10949 127 20
21378 20807 59 20 22612 11205 85 0
7230 11995 86 3 12414 5484 71 24
18 12399 120 20 20841 21428 154 25
18773 4654 129 45 12331 13510 105 25
22240 21429 147 25 21378 12011 72 20
10949 20228 189 45 5484 20807 74 24
18 19783 47 0 7230 7486 111 20
11995 20203 100 20 21428 22612 111 0
11205 12399 109 20 5356 16700 161 45
12414 20841 25 20 12331 20805 124 20
7486 13510 27 0 10949 21429 177 50
22240 7230 147 40 21428 18773 164 53
19783 21378 52 20 11995 5356 144 38
22612 20841 149 24 4654 5484 77 28
20228 12414 115 20 18 16700 87 25
12011 20203 60 0 20805 11205 97 0
20807 12331 36 0 12399 21429 133 25
