9450 15304 72 20 17080 22202 210 40
7080 19434 122 4 16789 18914 84 2
20342 19630 52 0 12718 13804 23 2
16720 16839 72 22 18996 13100 70 20
12882 7393 42 0 16605 18381 66 0
6158 20337 91 23 7039 18438 185 30
9450 17080 181 40 20342 18914 80 20
22202 18996 99 20 19630 7080 112 23
13804 19434 98 24 12882 16720 52 3
16839 7393 51 2 15304 20337 119 21
13100 18381 44 5 6158 18438 101 31
16789 7039 67 2 16605 12718 66 22
19434 18996 88 24 13804 9450 64 20
18914 12882 49 0 22202 16839 109 20
19630 6158 69 23 7393 16720 73 40
7039 7080 100 20 18438 20342 98 35
12718 13100 73 22 15304 16605 153 50
18381 16789 46 3 20337 17080 228 38
18996 12882 78 20 18914 6158 93 3
20342 22202 78 20 7393 19434 112 44
18438 16605 77 0 16839 9450 43 0
13100 17080 120 44 19630 7039 88 20
15304 18381 95 5 13804 16789 85 23
20337 12718 88 2 16720 7080 121 20
16605 6158 32 3 19434 20342 139 20
18438 7393 243 60 17080 18996 46 8
9450 19630 55 0 16789 12882 36 3
22202 13804 145 40 20337 13100 68 1
18914 15304 91 0 16720 7039 88 0
7080 12718 56 22 18381 16839 81 20
