11792 21441 102 23 16606 22245 60 20
7244 22246 59 25 8393 22247 161 20
9242 21324 93 1 8468 10098 93 23
20094 5440 89 0 16468 3795 151 30
22246 8393 139 18 7244 11792 64 15
9242 16606 122 40 21324 22245 85 11
10098 20094 147 45 5440 8468 106 3
3795 22247 39 3 16468 21441 190 53
16606 21324 78 30 8393 7244 184 43
22245 10098 69 25 20094 22246 108 34
21441 8468 103 46 11792 16468 128 50
5440 3795 88 40 22247 9242 75 23
21324 22246 68 15 20094 16606 98 20
22245 16468 93 26 8468 7244 138 45
21441 8393 211 61 5440 9242 49 20
22247 11792 46 11 3795 10098 91 25
16468 8468 211 53 22246 16606 26 0
7244 20094 147 20 21441 9242 57 23
10098 8393 192 26 3795 22245 52 0
22247 5440 55 23 11792 21324 68 21
