15118 18529 133 32 10630 14614 213 61
10091 21667 248 55 18523 9113 55 2
22398 22397 45 20 14475 22896 87 24
5072 11848 84 2 10415 13413 62 0
12051 11139 156 27 18766 5495 76 0
22667 22398 39 20 10138 18523 159 28
14614 14475 176 65 21667 10415 146 0
18529 10091 243 74 22896 12051 101 4
18766 15118 103 23 11848 10138 189 34
10630 11139 152 35 22397 13413 47 0
5495 5072 37 2 22667 9113 43 3
10415 18766 111 3 10091 22398 151 47
14614 22896 217 50 11139 10138 147 20
13413 22667 25 0 14475 15118 187 44
9113 12051 97 27 11848 10630 116 50
22397 18523 101 22 5072 18529 179 44
5495 13413 32 0 21667 22896 122 20
14475 10630 81 10 10091 18766 165 30
9113 10138 139 33 18529 10415 145 44
18523 5495 50 0 11848 14614 207 45
22398 5072 94 22 11139 15118 87 20
21667 22667 74 25 12051 22397 109 22
22896 18523 165 20 10415 10630 139 53
13413 18766 84 5 9113 14614 180 42
22397 10091 111 22 15118 5495 107 20
18529 11848 204 44 22398 21667 148 45
10138 14475 133 47 12051 5072 64 26
22667 10415 74 0 11139 10091 177 26
